AF3,F7,F3,FC5,T7,P7,O1,O2,P8,T8,FC6,F4,F8,AF4,Eye Detection
4329.23,4009.23,4289.23,4148.21,4350.26,4586.15,4096.92,4641.03,4222.05,4238.46,4211.28,4280.51,4635.9,4393.85,0
4324.62,4004.62,4293.85,4148.72,4342.05,4586.67,4097.44,4638.97,4210.77,4226.67,4207.69,4279.49,4632.82,4384.1,0
4327.69,4006.67,4295.38,4156.41,4336.92,4583.59,4096.92,4630.26,4207.69,4222.05,4206.67,4282.05,4628.72,4389.23,0
4328.72,4011.79,4296.41,4155.9,4343.59,4582.56,4097.44,4630.77,4217.44,4235.38,4210.77,4287.69,4632.31,4396.41,0
4326.15,4011.79,4292.31,4151.28,4347.69,4586.67,4095.9,4627.69,4210.77,4244.1,4212.82,4288.21,4632.82,4398.46,0
4321.03,4004.62,4284.1,4153.33,4345.64,4587.18,4093.33,4616.92,4202.56,4232.82,4209.74,4281.03,4628.21,4389.74,0
4319.49,4001.03,4280.51,4151.79,4343.59,4584.62,4089.74,4615.9,4212.31,4226.67,4201.03,4269.74,4625.13,4378.46,0
4325.64,4006.67,4278.46,4143.08,4344.1,4583.08,4087.18,4614.87,4205.64,4230.26,4195.9,4266.67,4622.05,4380.51,0
4326.15,4010.77,4276.41,4139.49,4345.13,4584.1,4091.28,4608.21,4187.69,4229.74,4202.05,4273.85,4627.18,4389.74,0
4326.15,4011.28,4276.92,4142.05,4344.1,4582.56,4092.82,4608.72,4194.36,4228.72,4212.82,4277.95,4637.44,4393.33,0
4326.15,4010.77,4272.82,4143.08,4342.56,4579.49,4087.69,4615.9,4206.15,4228.72,4210.77,4272.82,4631.79,4382.56,0
4316.92,4002.56,4259.49,4135.9,4339.49,4581.54,4086.15,4615.38,4195.9,4223.59,4197.44,4262.05,4613.33,4370.77,0
4308.21,3993.33,4247.69,4124.62,4335.9,4584.62,4089.74,4610.26,4188.72,4221.54,4190.26,4255.9,4606.15,4369.74,0
4308.21,3998.46,4251.79,4122.56,4338.46,4584.62,4091.28,4616.92,4205.64,4225.64,4194.36,4263.59,4610.26,4371.28,0
4312.82,4006.15,4260.51,4127.69,4341.03,4586.15,4089.74,4628.72,4215.9,4225.13,4198.97,4274.36,4611.79,4375.9,0
4313.85,4003.59,4255.9,4127.69,4337.95,4586.15,4091.28,4627.69,4206.15,4224.62,4199.49,4269.23,4610.26,4378.97,0
4306.67,3997.95,4247.18,4122.56,4336.92,4584.1,4094.36,4620.51,4202.56,4226.15,4193.85,4254.36,4606.15,4369.74,0
4303.59,3996.41,4249.23,4122.05,4341.03,4584.1,4090.77,4616.41,4203.59,4226.15,4189.23,4253.85,4606.15,4370.26,0
4312.31,4000,4255.9,4124.1,4342.05,4586.67,4085.64,4610.77,4192.31,4223.08,4192.31,4264.62,4614.87,4382.05,0
4315.9,4003.59,4257.44,4122.56,4341.54,4588.21,4088.21,4607.18,4188.21,4216.92,4200,4270.26,4621.54,4378.97,0
4314.36,4005.64,4259.49,4123.59,4345.13,4588.21,4092.31,4612.82,4206.67,4222.56,4209.74,4272.31,4624.62,4381.54,0
4324.62,4012.82,4263.08,4132.31,4343.08,4587.18,4091.79,4617.95,4213.33,4240.51,4217.95,4274.36,4632.31,4400.51,0
4331.28,4024.1,4266.15,4140,4336.41,4585.64,4089.74,4617.95,4204.62,4245.13,4216.41,4274.36,4638.97,4401.54,0
4326.67,4020,4264.1,4137.44,4334.36,4586.15,4088.21,4621.54,4213.33,4238.46,4208.72,4271.28,4634.36,4385.13,0
4321.54,4007.69,4260,4132.31,4340,4585.64,4087.18,4630.26,4230.26,4242.56,4208.72,4270.26,4627.69,4378.97,0
4317.44,4007.69,4257.44,4128.72,4343.59,4585.13,4088.21,4638.97,4231.79,4247.69,4209.23,4269.74,4625.13,4386.15,0
4311.79,4007.18,4250.77,4125.13,4336.41,4587.18,4087.69,4634.36,4209.23,4232.31,4197.44,4262.05,4615.38,4381.03,0
4308.72,4000,4245.13,4121.54,4329.23,4585.64,4086.67,4617.44,4189.23,4216.41,4186.15,4253.85,4604.1,4362.05,0
4308.21,4002.05,4252.82,4122.56,4332.82,4582.56,4087.69,4610.77,4192.82,4216.41,4189.74,4256.92,4605.13,4360,0
4311.28,4011.28,4265.13,4130.26,4339.49,4583.59,4089.74,4616.41,4200,4220.51,4195.9,4265.64,4611.28,4374.36,0
4311.28,4008.72,4265.13,4130.77,4337.44,4585.64,4087.69,4614.87,4190.26,4218.46,4195.38,4265.64,4608.72,4374.36,0
4306.15,4000.51,4259.49,4121.03,4330.26,4584.1,4085.64,4607.18,4185.13,4216.92,4200,4263.08,4611.28,4369.23,0
4307.18,4003.08,4263.08,4121.54,4330.77,4582.56,4086.67,4611.79,4202.05,4224.62,4208.72,4271.28,4622.56,4379.49,0
4314.87,4008.21,4268.21,4128.21,4335.38,4584.1,4092.31,4625.64,4212.82,4231.28,4210.77,4275.9,4624.62,4382.56,0
4313.85,4003.08,4263.59,4124.1,4336.41,4586.67,4100.51,4633.33,4215.38,4232.82,4207.18,4270.77,4618.97,4372.31,0
4308.21,3997.44,4254.36,4119.49,4332.82,4588.72,4097.95,4628.21,4217.44,4235.38,4208.21,4268.72,4621.54,4368.21,0
4308.72,4006.15,4253.33,4121.03,4330.26,4585.64,4082.05,4614.87,4202.56,4236.41,4208.72,4271.28,4628.21,4370.26,0
4306.15,4007.69,4253.33,4121.03,4330.26,4579.49,4077.44,4607.69,4186.67,4224.62,4198.97,4267.18,4622.56,4367.18,0
4297.44,3992.82,4249.74,4118.46,4330.77,4581.03,4085.64,4609.23,4189.23,4208.72,4187.18,4258.97,4606.15,4363.59,0
4301.03,3994.36,4252.82,4119.49,4332.82,4583.08,4087.69,4611.79,4195.9,4210.26,4188.21,4260.51,4601.03,4366.67,0
4313.85,4010.77,4260,4124.62,4337.44,4580.51,4088.72,4618.46,4203.59,4223.59,4198.97,4267.69,4613.33,4370.77,0
4317.44,4010.77,4258.46,4126.15,4339.49,4584.1,4094.36,4625.64,4208.21,4229.74,4201.54,4271.28,4619.49,4376.41,0
4305.64,3998.46,4251.79,4121.54,4331.79,4584.62,4094.87,4620,4200,4222.05,4196.92,4268.72,4610.77,4370.26,0
4296.92,3995.38,4249.23,4120.51,4324.62,4577.95,4088.21,4615.9,4203.08,4213.33,4197.95,4262.56,4606.15,4357.44,0
4298.97,4001.03,4247.69,4123.08,4332.82,4580,4087.18,4624.62,4220.51,4224.1,4205.64,4265.13,4615.38,4363.08,0
4302.56,4006.67,4249.74,4120.51,4342.05,4589.23,4094.87,4627.69,4216.41,4241.54,4217.95,4274.87,4627.69,4375.9,0
4308.72,4006.15,4256.41,4118.46,4333.85,4587.69,4097.95,4621.54,4206.67,4243.59,4223.08,4276.41,4633.33,4376.92,0
4315.38,4000.51,4262.56,4120.51,4329.23,4583.59,4092.82,4621.54,4210.26,4240,4218.97,4277.44,4633.85,4381.03,0
4317.95,4004.62,4268.72,4123.59,4337.95,4585.13,4087.18,4622.05,4207.18,4242.05,4217.44,4285.64,4634.87,4388.21,0
4316.41,4013.85,4267.69,4124.62,4342.56,4589.74,4089.23,4616.41,4200.51,4232.82,4213.33,4281.03,4630.26,4375.9,0
4305.13,4008.72,4259.49,4120,4341.03,4595.9,4092.82,4612.31,4199.49,4219.49,4198.46,4261.03,4611.79,4357.95,0
4293.33,3994.87,4254.36,4116.41,4337.44,4596.41,4092.31,4609.74,4193.33,4211.79,4186.67,4252.82,4597.95,4347.69,0
4297.44,3994.36,4258.46,4118.97,4336.92,4594.36,4096.92,4614.36,4193.33,4209.74,4192.31,4260.51,4602.05,4350.77,0
4308.21,4007.18,4268.21,4126.15,4344.62,4595.38,4102.05,4622.56,4205.13,4221.54,4205.13,4271.79,4614.36,4374.87,0
4315.9,4021.03,4277.95,4134.36,4346.15,4591.28,4095.9,4620,4208.72,4235.38,4212.31,4280.51,4625.64,4391.79,0
4329.23,4026.15,4281.03,4141.03,4336.92,4585.64,4085.64,4613.33,4203.59,4233.85,4213.33,4281.54,4630.77,4387.18,0
4335.9,4024.62,4281.03,4144.1,4336.41,4591.28,4088.72,4616.41,4202.05,4233.33,4211.79,4274.87,4631.28,4385.64,0
4324.62,4018.97,4276.41,4135.9,4341.54,4600.51,4099.49,4626.15,4211.28,4242.05,4216.41,4276.92,4632.82,4388.72,0
4314.87,4011.28,4268.72,4122.56,4334.36,4602.05,4100.51,4632.31,4222.56,4243.08,4221.03,4283.59,4630.26,4381.03,0
4312.82,4005.64,4266.15,4124.62,4333.33,4601.03,4100.51,4632.31,4218.46,4240,4216.41,4278.46,4622.05,4374.87,0
4312.31,4009.23,4270.26,4134.36,4344.1,4600.51,4099.49,4629.23,4209.23,4240.51,4213.33,4276.41,4621.54,4380,0
4312.82,4010.26,4268.72,4129.74,4344.62,4602.05,4095.9,4629.74,4214.36,4236.41,4214.87,4282.05,4624.1,4375.9,0
4308.21,4003.59,4264.62,4121.54,4333.85,4601.03,4094.87,4631.79,4215.38,4228.72,4208.21,4278.97,4612.82,4363.08,0
4299.49,4002.56,4265.64,4123.08,4332.31,4592.31,4088.21,4619.49,4193.33,4221.03,4197.95,4268.72,4602.56,4358.46,0
4296.41,4004.1,4263.59,4122.05,4342.05,4590.77,4082.05,4606.15,4176.92,4211.28,4194.36,4267.18,4602.05,4360.51,0
4303.59,4003.59,4261.03,4126.15,4346.67,4598.97,4087.69,4612.82,4192.82,4208.72,4198.46,4274.36,4601.03,4358.46,0
4313.33,4008.21,4268.72,4136.92,4342.56,4595.38,4091.28,4623.08,4207.69,4222.05,4206.15,4283.08,4607.69,4362.56,0
4316.41,4014.36,4278.97,4139.49,4337.95,4583.59,4085.64,4614.87,4198.46,4234.87,4212.31,4285.64,4620,4378.46,0
4320,4017.44,4284.1,4137.95,4337.44,4586.15,4086.67,4612.31,4198.97,4242.56,4217.95,4284.62,4626.67,4389.74,0
4328.21,4021.03,4283.08,4141.03,4332.82,4599.49,4100,4630.26,4217.95,4248.21,4226.67,4291.79,4632.82,4388.72,0
4325.13,4019.49,4281.54,4136.41,4327.69,4606.15,4109.74,4638.46,4218.97,4242.56,4228.21,4300,4636.41,4383.59,0
4312.82,4010.26,4282.05,4129.74,4331.28,4606.67,4108.72,4628.72,4212.31,4233.85,4221.54,4300,4629.74,4380,0
4309.74,4005.64,4278.46,4133.33,4335.38,4606.15,4105.13,4628.21,4216.92,4237.44,4214.87,4291.28,4620.51,4372.82,0
4307.18,4005.13,4269.23,4130.26,4334.36,4607.18,4103.08,4629.23,4211.28,4233.85,4205.64,4278.46,4612.31,4360,0
4300,4000.51,4260,4121.54,4333.85,4602.05,4095.38,4612.82,4189.23,4222.05,4196.92,4269.74,4606.15,4349.74,0
4299.49,3996.92,4253.85,4125.64,4337.95,4590.26,4086.15,4598.46,4179.49,4225.64,4195.38,4266.15,4607.18,4352.82,0
4292.82,4000,4249.74,4130.26,4340.51,4588.21,4082.56,4596.92,4183.08,4230.26,4195.9,4263.08,4609.23,4356.41,0
4281.54,4001.54,4245.64,4120,4334.87,4595.9,4080.51,4592.82,4178.46,4214.87,4191.79,4257.95,4605.64,4347.69,0
4288.21,4000,4244.62,4118.97,4334.36,4600.51,4081.03,4597.95,4183.08,4204.62,4188.21,4260.51,4603.08,4345.64,0
4301.54,4005.64,4251.28,4134.87,4345.13,4606.15,4088.21,4617.95,4207.18,4216.92,4192.31,4269.74,4603.59,4353.85,0
4299.49,4013.85,4260,4140.51,4349.74,4612.82,4091.79,4625.64,4214.87,4231.79,4196.92,4271.28,4603.59,4355.9,0
4295.38,4015.38,4262.56,4137.44,4347.18,4614.87,4090.26,4620,4210.77,4233.85,4196.92,4268.21,4605.64,4358.97,0
4307.18,4016.41,4267.69,4138.46,4348.72,4615.9,4093.85,4625.13,4220,4233.85,4200.51,4275.38,4614.36,4365.13,0
4318.97,4021.54,4277.44,4141.54,4348.72,4612.31,4099.49,4632.82,4224.1,4244.1,4214.36,4288.72,4629.74,4371.28,0
4317.44,4021.54,4281.54,4140.51,4347.69,4606.67,4095.38,4625.13,4206.67,4252.82,4222.56,4294.36,4640,4381.03,0
4313.33,4011.28,4278.46,4136.41,4345.13,4608.72,4090.26,4611.79,4190.26,4241.54,4214.87,4289.74,4632.82,4380,0
4314.87,4002.56,4271.79,4134.36,4335.38,4609.74,4093.85,4607.18,4189.74,4222.05,4205.13,4282.56,4622.05,4367.18,0
4314.36,4009.23,4271.28,4137.44,4334.87,4604.62,4097.95,4613.85,4201.54,4224.62,4206.67,4283.59,4626.67,4370.26,0
4312.31,4018.46,4277.44,4142.05,4346.15,4606.15,4096.92,4622.05,4213.85,4240,4217.44,4288.72,4636.41,4380,0
4311.79,4013.33,4279.49,4138.97,4346.15,4608.21,4094.87,4623.59,4213.85,4243.59,4221.54,4290.77,4635.38,4373.33,0
4306.15,4002.56,4277.44,4135.38,4339.49,4602.05,4094.36,4625.13,4208.72,4237.44,4216.41,4288.72,4628.21,4366.15,0
4301.54,4001.03,4274.36,4135.38,4341.03,4600,4088.72,4628.72,4210.77,4236.41,4209.74,4284.1,4623.08,4369.23,0
4308.72,4009.74,4268.72,4136.92,4343.59,4608.21,4083.08,4625.64,4213.33,4241.54,4210.26,4282.05,4624.62,4366.67,0
4315.38,4021.54,4267.18,4140.51,4347.18,4613.33,4089.23,4621.03,4209.74,4238.46,4213.85,4282.05,4625.13,4359.49,0
4306.67,4016.92,4268.72,4142.05,4350.77,4609.23,4097.44,4620.51,4203.59,4226.67,4206.15,4277.44,4616.41,4351.79,0
4296.41,4003.59,4262.56,4136.92,4340.51,4605.13,4096.41,4619.49,4197.44,4214.36,4193.33,4270.77,4607.18,4347.18,0
4298.97,4006.15,4265.64,4131.79,4329.23,4604.62,4088.72,4612.82,4194.87,4211.79,4196.92,4276.41,4613.85,4358.97,0
4314.87,4018.97,4283.08,4142.05,4337.95,4600,4084.1,4608.72,4201.54,4226.67,4215.38,4293.33,4629.74,4377.95,0
4323.08,4019.49,4289.74,4151.79,4345.13,4596.92,4083.08,4613.85,4211.28,4244.62,4224.1,4300.51,4635.9,4378.97,0
4309.74,4008.21,4281.03,4141.03,4334.36,4602.05,4084.62,4618.97,4212.82,4242.05,4213.33,4289.74,4625.64,4363.59,0
4296.41,4000.51,4274.87,4131.79,4331.79,4603.08,4086.67,4622.05,4209.23,4228.72,4204.1,4280,4614.36,4356.41,0
4305.64,4003.08,4278.97,4140,4346.15,4600,4086.15,4623.59,4207.18,4231.28,4207.18,4284.1,4617.95,4358.46,0
4318.46,4005.13,4281.54,4143.08,4348.21,4605.64,4089.23,4624.1,4207.18,4231.28,4211.79,4288.72,4623.08,4362.05,0
4313.33,4001.54,4277.95,4136.92,4338.46,4609.74,4091.79,4631.28,4214.36,4227.18,4211.79,4288.72,4624.62,4370.77,0
4305.13,4004.1,4278.97,4137.44,4340,4602.56,4087.69,4635.9,4220,4235.38,4218.46,4291.79,4630.77,4377.95,0
4306.67,4008.21,4276.92,4142.05,4343.08,4602.05,4084.1,4631.79,4218.97,4237.44,4225.13,4293.33,4631.79,4371.79,0
4309.23,4004.62,4264.62,4136.92,4338.97,4608.72,4085.13,4629.23,4215.9,4230.26,4217.95,4286.67,4622.56,4361.03,0
4308.21,4002.05,4260,4130.26,4345.13,4607.69,4082.05,4626.15,4208.21,4231.28,4210.77,4278.46,4617.44,4362.56,0
4304.62,4001.54,4260,4127.69,4356.92,4604.62,4080.51,4616.92,4198.97,4232.31,4211.79,4275.38,4622.05,4362.05,0
4301.03,4002.05,4250.26,4123.08,4350.77,4606.67,4085.13,4614.87,4196.41,4223.59,4210.26,4271.79,4621.54,4357.44,0
4303.59,4005.64,4250.26,4124.62,4343.08,4607.18,4082.56,4620.51,4197.95,4223.59,4208.21,4272.82,4616.41,4359.49,0
4305.64,4007.69,4261.54,4134.36,4352.82,4606.15,4078.46,4624.1,4200.51,4231.79,4212.82,4282.56,4615.9,4360.51,0
4300.51,4003.08,4258.46,4131.28,4352.31,4606.15,4076.41,4624.1,4206.15,4233.33,4212.31,4283.59,4614.36,4352.31,0
4295.38,3997.44,4245.13,4118.97,4335.38,4602.56,4075.38,4620,4204.1,4225.64,4203.59,4270.77,4609.23,4345.64,0
4298.46,3998.46,4244.1,4120,4333.85,4600,4076.41,4612.31,4193.33,4220,4202.56,4265.13,4607.69,4352.31,0
4304.62,4004.1,4253.33,4125.13,4345.64,4601.54,4080.51,4610.77,4192.31,4224.1,4208.72,4273.33,4611.28,4361.54,0
4305.64,4002.05,4260.51,4120.51,4343.59,4603.59,4085.13,4618.46,4195.38,4219.49,4209.74,4279.49,4611.79,4360.51,0
4301.54,3998.97,4262.56,4118.97,4337.44,4603.59,4082.05,4619.49,4195.38,4218.97,4211.28,4284.1,4614.87,4355.9,0
4300,4005.13,4262.05,4122.56,4341.03,4599.49,4078.46,4614.36,4202.05,4235.38,4218.46,4289.23,4625.13,4362.05,0
4304.62,4009.74,4263.59,4124.62,4349.23,4599.49,4084.62,4620,4209.74,4243.08,4223.08,4288.72,4628.21,4369.23,0
4312.31,4005.13,4268.72,4123.59,4349.74,4606.67,4093.33,4629.23,4208.21,4236.41,4223.59,4290.77,4627.18,4368.72,0
4315.38,4003.08,4272.31,4123.08,4345.13,4611.79,4092.82,4629.74,4213.85,4242.05,4225.13,4295.9,4632.82,4372.31,0
4309.74,4005.13,4269.23,4121.54,4344.62,4607.18,4088.72,4628.72,4221.03,4245.13,4224.1,4291.79,4632.31,4375.38,0
4300,4002.05,4261.03,4117.95,4345.64,4601.03,4087.18,4624.62,4209.23,4231.79,4215.9,4283.08,4623.08,4367.69,0
4300,4001.54,4262.05,4121.03,4342.56,4600.51,4085.13,4618.97,4200.51,4228.72,4209.23,4284.1,4616.92,4357.95,0
4305.64,4007.18,4265.64,4126.15,4341.54,4603.08,4088.21,4620,4202.05,4231.79,4211.28,4286.15,4615.9,4356.41,0
4297.95,4004.1,4255.38,4117.95,4337.95,4602.05,4089.74,4620.51,4197.95,4220.51,4209.74,4278.97,4610.26,4354.36,0
4287.18,3992.31,4245.13,4105.64,4328.72,4600.51,4087.18,4618.97,4201.03,4214.87,4203.59,4272.31,4605.13,4353.33,0
4288.21,3993.85,4246.67,4110.77,4332.82,4604.1,4086.67,4625.64,4212.31,4228.72,4206.67,4277.44,4609.23,4358.97,0
4295.38,4007.18,4250.26,4117.95,4345.13,4606.15,4085.13,4627.18,4208.21,4237.44,4215.9,4284.62,4618.46,4365.13,0
4302.56,4009.23,4252.31,4116.92,4342.05,4601.54,4078.97,4618.97,4198.46,4230.77,4213.85,4284.62,4617.95,4364.1,0
4304.1,4002.56,4261.03,4120.51,4334.36,4597.95,4074.87,4618.46,4202.56,4225.64,4210.77,4284.62,4611.28,4360.51,0
4302.56,4003.59,4265.64,4118.46,4342.05,4601.54,4079.49,4623.59,4207.69,4224.62,4215.9,4288.72,4614.87,4364.1,0
4303.59,4007.69,4256.92,4110.26,4343.08,4604.62,4084.62,4622.05,4206.67,4228.72,4219.49,4289.23,4623.08,4367.18,0
4299.49,4005.13,4250.77,4114.36,4330.26,4601.03,4084.1,4614.36,4199.49,4231.28,4213.33,4288.21,4618.97,4360.51,0
4288.21,3996.92,4249.74,4120,4328.72,4597.44,4077.95,4607.18,4191.79,4226.15,4204.1,4283.59,4606.15,4349.23,0
4286.15,3991.79,4242.56,4110.26,4333.33,4596.41,4073.33,4605.64,4192.82,4217.44,4200.51,4274.36,4601.54,4347.18,0
4291.79,3991.28,4232.31,4102.05,4330.26,4597.95,4078.46,4613.33,4201.54,4220,4204.1,4272.82,4609.23,4355.9,0
4289.23,3991.28,4230.77,4104.62,4326.67,4600,4087.69,4629.74,4212.82,4230.26,4209.23,4276.41,4615.38,4353.85,0
4286.67,3989.74,4230.77,4101.03,4327.18,4602.05,4091.28,4640,4218.46,4236.41,4209.74,4273.33,4610.77,4344.1,0
4293.85,3994.87,4229.23,4102.05,4328.72,4598.46,4083.59,4629.23,4212.31,4235.38,4206.15,4273.85,4607.69,4348.72,0
4297.95,4001.54,4235.9,4115.38,4332.31,4592.82,4073.33,4611.28,4196.92,4228.72,4206.15,4279.49,4611.28,4357.44,0
4292.82,3996.41,4241.03,4116.92,4332.82,4590.77,4069.74,4607.69,4189.23,4223.59,4209.23,4277.95,4610.26,4354.36,0
4289.74,3992.82,4235.38,4107.69,4328.21,4593.33,4069.23,4610.77,4191.28,4215.38,4204.1,4271.79,4603.08,4348.21,0
4295.9,4001.54,4232.82,4106.15,4329.23,4592.82,4065.64,4609.23,4192.82,4211.28,4196.41,4278.46,4604.1,4352.31,0
4303.08,4007.69,4235.9,4112.31,4330.77,4589.74,4065.13,4611.28,4193.33,4217.95,4203.08,4286.15,4608.21,4357.44,0
4301.54,4003.08,4236.41,4110.77,4327.69,4592.82,4076.92,4618.97,4195.38,4217.95,4207.18,4279.49,4602.56,4355.38,0
4295.9,4000,4231.79,4106.15,4325.13,4599.49,4081.03,4620,4196.92,4214.36,4202.05,4274.36,4598.97,4351.79,0
4300.51,4007.69,4232.82,4109.74,4326.67,4598.97,4072.31,4611.79,4195.9,4221.03,4203.59,4278.97,4606.67,4358.97,0
4318.46,4020,4240.51,4116.41,4330.26,4598.97,4072.31,4610.77,4199.49,4226.67,4207.69,4282.56,4606.15,4372.82,0
4335.9,4029.23,4245.13,4120,4330.26,4602.05,4077.95,4618.97,4207.69,4221.54,4205.64,4283.08,4603.59,4383.59,0
4351.79,4044.62,4250.77,4130.26,4332.82,4594.36,4070.26,4615.9,4201.54,4218.97,4208.21,4286.15,4616.92,4395.38,0
4375.38,4072.82,4263.08,4150.26,4337.95,4582.56,4056.92,4599.49,4185.13,4219.49,4214.87,4290.26,4628.21,4412.31,0
4401.54,4090.26,4267.18,4156.41,4336.92,4586.15,4053.33,4598.97,4188.72,4217.95,4217.44,4291.79,4630.77,4428.72,0
4412.31,4094.36,4262.56,4149.23,4332.31,4591.79,4057.44,4611.28,4195.9,4215.9,4220,4292.82,4638.46,4437.44,0
4416.92,4106.67,4261.03,4153.33,4334.87,4589.23,4062.56,4604.62,4180,4207.18,4219.49,4292.82,4643.08,4442.05,0
4430.26,4123.08,4268.21,4156.92,4336.92,4592.31,4069.74,4592.82,4172.82,4203.08,4217.95,4298.97,4642.05,4452.31,0
4447.18,4124.62,4277.44,4154.36,4331.28,4597.44,4073.33,4597.95,4183.08,4209.23,4220.51,4307.18,4649.23,4467.69,0
4454.36,4124.1,4280.51,4160,4328.72,4590.26,4067.18,4600,4181.03,4209.74,4225.64,4309.74,4659.49,4477.95,0
4458.46,4138.97,4282.05,4168.72,4330.77,4583.59,4062.56,4597.95,4182.05,4208.72,4232.31,4312.82,4668.21,4481.03,0
4472.31,4154.87,4291.79,4174.87,4336.92,4587.69,4070.26,4611.28,4202.05,4225.13,4245.13,4322.05,4681.54,4491.79,0
4480,4156.92,4297.44,4182.56,4341.03,4589.74,4073.85,4623.08,4209.74,4240,4258.97,4329.74,4695.9,4502.05,0
4474.87,4152.82,4291.79,4185.64,4340,4587.18,4068.72,4618.97,4204.1,4235.9,4259.49,4330.26,4700.51,4501.03,0
4477.44,4155.38,4294.36,4184.62,4341.03,4587.18,4070.26,4613.33,4198.46,4229.74,4254.87,4331.79,4697.44,4500,0
4484.62,4155.9,4298.46,4182.05,4341.54,4589.74,4076.41,4603.59,4186.67,4230.26,4257.44,4335.38,4700.51,4505.13,0
4483.59,4150.77,4294.36,4176.92,4342.56,4593.33,4073.85,4593.33,4183.08,4232.82,4264.62,4335.9,4714.87,4514.36,0
4487.69,4153.33,4298.97,4178.97,4348.72,4599.49,4069.74,4591.28,4185.13,4234.87,4268.72,4337.95,4728.21,4521.54,0
4490.77,4153.85,4309.74,4182.05,4347.69,4600,4071.28,4589.23,4176.41,4233.33,4269.23,4340,4729.23,4518.97,0
4481.54,4140.51,4309.74,4174.87,4336.41,4590.77,4070.77,4584.62,4173.33,4230.77,4273.33,4341.54,4731.28,4520.51,0
4482.56,4132.31,4308.21,4168.72,4330.77,4583.59,4068.72,4588.72,4185.13,4237.95,4282.05,4349.23,4744.62,4535.38,0
4487.69,4133.33,4311.28,4168.21,4335.38,4586.15,4073.85,4596.92,4192.82,4247.18,4287.18,4353.33,4753.85,4535.9,0
4481.54,4129.74,4308.72,4168.72,4335.9,4587.18,4077.44,4594.87,4186.15,4243.08,4283.08,4347.18,4748.72,4524.62,0
4477.95,4117.95,4306.15,4165.13,4327.69,4582.05,4074.36,4593.33,4183.08,4230.77,4276.41,4343.08,4746.15,4527.18,0
4475.9,4106.15,4304.1,4156.41,4325.64,4584.62,4070.77,4595.38,4182.56,4221.54,4269.74,4341.54,4746.15,4528.72,0
4471.28,4104.1,4303.59,4151.79,4332.82,4591.28,4068.21,4587.69,4176.92,4224.62,4273.33,4341.03,4751.28,4534.36,0
4484.1,4109.74,4308.21,4157.44,4336.41,4584.62,4066.67,4581.03,4181.54,4243.08,4296.41,4351.28,4781.54,4560,0
4493.85,4103.59,4314.36,4158.97,4330.26,4576.41,4070.26,4591.28,4199.49,4262.56,4313.85,4364.1,4806.15,4573.33,0
4479.49,4085.64,4310.77,4153.85,4324.62,4580.51,4076.92,4601.54,4204.1,4263.08,4306.67,4361.03,4793.85,4554.36,0
4463.59,4072.82,4300.51,4147.18,4324.62,4587.18,4077.95,4598.46,4197.44,4251.79,4297.44,4351.79,4780,4545.64,0
4461.03,4063.08,4297.95,4142.05,4324.62,4587.18,4075.9,4605.13,4209.23,4253.33,4302.56,4355.9,4786.15,4555.9,0
4457.44,4050.77,4299.49,4134.36,4323.08,4585.64,4072.82,4618.97,4217.95,4258.46,4299.49,4358.97,4781.54,4548.21,0
4450.77,4045.13,4289.74,4124.1,4319.49,4586.15,4067.69,4614.87,4206.15,4255.9,4290.77,4348.21,4774.87,4537.44,0
4448.72,4042.56,4275.38,4125.64,4320,4586.15,4066.15,4608.72,4202.05,4253.33,4294.87,4339.49,4785.64,4542.05,0
4454.87,4039.49,4281.03,4134.36,4326.67,4587.18,4069.23,4613.85,4204.1,4257.95,4305.64,4345.64,4796.92,4551.79,0
4465.13,4041.54,4298.46,4138.46,4331.79,4591.79,4070.77,4612.82,4203.59,4270.26,4318.97,4358.46,4814.36,4566.15,0
4468.21,4044.62,4305.13,4138.46,4332.82,4593.33,4070.26,4605.13,4210.77,4279.49,4331.28,4367.69,4833.85,4571.79,0
4461.03,4041.03,4300,4137.95,4332.31,4592.31,4073.85,4607.18,4222.05,4274.36,4325.64,4365.13,4826.67,4558.46,0
4452.82,4032.31,4295.38,4130.26,4330.26,4592.31,4078.46,4620,4227.18,4268.72,4312.31,4353.33,4808.21,4549.23,0
4445.13,4017.95,4292.82,4121.54,4325.13,4591.79,4077.44,4628.72,4229.23,4273.33,4316.92,4350.77,4810.26,4552.82,1
4438.46,4005.64,4287.69,4120.51,4321.03,4589.74,4070.77,4628.21,4224.1,4272.82,4319.49,4356.41,4811.28,4546.67,1
4432.31,3998.46,4281.54,4115.38,4314.87,4583.59,4063.59,4621.03,4204.1,4255.38,4304.1,4351.28,4795.9,4533.85,1
4427.18,3990.26,4281.03,4107.18,4310.77,4574.87,4061.03,4608.21,4188.21,4238.97,4297.44,4343.08,4783.59,4530.77,1
4426.67,3987.69,4285.13,4108.21,4314.36,4575.9,4063.59,4594.87,4181.54,4235.38,4301.54,4345.13,4784.1,4533.33,1
4427.69,3988.21,4284.62,4114.36,4316.41,4581.54,4069.74,4588.72,4180.51,4240.51,4303.08,4348.21,4793.85,4533.33,1
4419.49,3983.08,4280.51,4111.79,4313.85,4581.03,4072.82,4595.9,4196.92,4250.77,4307.18,4347.69,4799.49,4528.72,1
4412.82,3982.05,4278.97,4108.21,4314.87,4578.97,4073.33,4617.95,4228.72,4263.59,4312.31,4346.15,4796.92,4526.15,1
4411.28,3977.44,4279.49,4109.74,4317.95,4584.62,4078.46,4637.95,4242.56,4271.28,4310.77,4343.08,4798.97,4522.05,1
4403.59,3964.62,4278.97,4106.67,4322.56,4594.36,4085.13,4637.95,4235.38,4274.87,4308.21,4338.97,4801.54,4512.82,1
4395.9,3965.13,4274.36,4106.67,4327.18,4601.03,4086.15,4634.87,4236.92,4278.97,4307.69,4340.51,4791.79,4504.1,1
4393.33,3973.85,4267.18,4111.79,4327.18,4602.56,4080.51,4637.44,4241.03,4276.41,4305.13,4341.54,4786.15,4500,1
4388.72,3968.72,4261.54,4107.18,4322.56,4598.97,4074.87,4629.74,4228.72,4269.74,4304.1,4338.97,4791.79,4502.56,1
4379.49,3953.33,4264.1,4094.36,4318.97,4593.33,4072.82,4617.44,4217.95,4268.72,4303.08,4335.38,4788.21,4496.92,1
4371.79,3944.62,4262.05,4089.23,4316.41,4588.21,4072.31,4618.46,4223.59,4266.15,4297.44,4330.26,4778.46,4480.51,1
4366.15,3940.51,4251.79,4086.67,4311.28,4587.69,4075.9,4625.13,4228.21,4262.05,4293.85,4326.67,4774.36,4477.44,1
4362.56,3934.87,4250.26,4080,4310.26,4591.28,4081.54,4631.28,4230.26,4262.56,4295.9,4329.23,4768.72,4484.1,1
4363.08,3934.87,4261.03,4078.46,4319.49,4593.33,4084.62,4635.9,4235.38,4266.15,4300,4337.95,4766.67,4483.59,1
4366.67,3941.54,4263.08,4083.08,4326.67,4591.79,4081.03,4635.9,4235.9,4269.23,4301.54,4340,4773.33,4478.46,1
4361.54,3934.87,4250.26,4080.51,4321.54,4588.72,4082.05,4633.85,4225.64,4263.59,4292.82,4329.23,4769.74,4467.69,1
4348.21,3919.49,4244.62,4066.67,4317.95,4587.18,4090.26,4631.28,4221.03,4255.9,4286.15,4323.59,4755.9,4460.51,1
4347.69,3922.05,4249.74,4064.62,4322.56,4587.69,4090.77,4627.69,4227.69,4266.67,4293.85,4331.79,4759.49,4472.82,1
4354.87,3929.23,4250.77,4073.85,4325.13,4586.67,4086.15,4625.64,4227.69,4277.44,4303.59,4335.9,4766.67,4477.95,1
4350.26,3925.64,4247.18,4072.82,4325.64,4591.79,4086.67,4630.77,4231.79,4275.38,4304.1,4331.79,4763.59,4466.67,1
4348.72,3926.15,4252.82,4066.67,4325.64,4598.46,4090.26,4642.56,4248.21,4284.62,4306.67,4337.95,4769.74,4471.79,1
4357.44,3930.77,4261.03,4069.74,4321.03,4598.97,4093.85,4653.85,4256.92,4294.87,4311.79,4345.64,4775.38,4479.49,1
4354.87,3930.77,4258.46,4069.23,4318.46,4600.51,4097.44,4658.46,4251.28,4285.64,4309.23,4339.49,4766.15,4469.23,1
4343.59,3927.18,4258.46,4065.13,4325.64,4607.18,4102.56,4654.36,4245.64,4280.51,4304.1,4333.33,4760.51,4461.54,1
4345.13,3926.15,4262.05,4072.31,4331.28,4610.77,4107.18,4651.28,4248.72,4286.67,4303.08,4335.9,4760,4463.59,1
4348.72,3926.15,4256.41,4075.38,4322.56,4604.1,4107.69,4650.26,4248.72,4284.62,4298.97,4332.82,4752.31,4460.51,1
4340.51,3921.54,4253.85,4064.62,4313.33,4596.92,4105.13,4646.67,4239.49,4275.38,4290.26,4326.67,4745.13,4453.85,1
4331.28,3914.87,4255.38,4061.03,4316.41,4598.97,4103.08,4644.1,4230.77,4269.23,4284.62,4328.72,4738.97,4450.26,1
4327.69,3911.79,4248.21,4065.13,4321.54,4606.15,4103.08,4650.26,4243.59,4271.79,4287.18,4329.74,4735.9,4446.67,1
4322.56,3910.26,4243.08,4062.56,4319.49,4607.18,4104.1,4660.51,4262.56,4282.05,4292.31,4327.18,4743.59,4442.56,1
4315.9,3907.69,4246.15,4058.46,4317.44,4603.08,4103.08,4661.54,4257.44,4287.18,4291.79,4328.72,4744.62,4439.49,1
4312.82,3906.15,4247.18,4058.97,4316.41,4602.56,4101.03,4649.23,4238.46,4278.46,4286.67,4328.21,4733.33,4437.44,1
4312.31,3908.21,4249.23,4059.49,4313.85,4603.59,4097.95,4639.49,4231.28,4267.69,4284.1,4323.08,4728.72,4434.87,1
4313.85,3908.21,4251.79,4058.97,4314.87,4603.59,4101.03,4648.72,4243.08,4268.72,4281.54,4322.56,4730.26,4433.85,1
4316.41,3905.64,4249.23,4058.46,4318.97,4603.08,4106.15,4656.92,4249.23,4276.92,4281.03,4323.59,4728.72,4433.33,1
4317.95,3912.82,4248.21,4062.56,4322.56,4603.08,4101.54,4648.21,4241.03,4275.9,4284.1,4318.97,4729.23,4435.38,1
4318.46,3917.95,4250.26,4065.64,4323.08,4604.62,4098.46,4650.26,4240.51,4270.77,4280,4313.85,4730.26,4432.82,1
4316.92,3908.72,4253.33,4062.56,4324.62,4605.64,4105.13,4657.44,4244.1,4269.23,4270.77,4316.92,4722.05,4427.18,1
4317.95,3913.33,4253.33,4067.18,4328.21,4606.67,4105.64,4647.18,4234.87,4266.15,4270.77,4322.05,4712.82,4425.64,1
4321.03,3934.36,4250.77,4075.9,4325.64,4607.18,4097.95,4637.95,4227.18,4262.56,4271.28,4321.54,4707.69,4422.05,1
4317.44,3938.46,4248.72,4072.82,4322.05,4607.18,4098.46,4645.64,4234.87,4256.41,4256.92,4316.92,4694.36,4409.23,1
4308.21,3933.33,4249.23,4071.79,4324.62,4606.15,4102.56,4650.26,4237.95,4252.82,4250.26,4309.23,4679.49,4399.49,1
4309.74,3943.08,4251.28,4083.59,4329.74,4603.08,4097.95,4643.08,4236.92,4258.46,4258.46,4304.1,4680,4403.08,1
4313.33,3950.26,4249.74,4084.62,4327.69,4601.03,4092.82,4636.92,4234.87,4261.03,4257.95,4304.62,4685.64,4397.95,1
4301.03,3937.95,4243.59,4074.36,4324.1,4602.56,4092.82,4631.79,4223.08,4248.21,4246.15,4302.56,4676.92,4383.59,1
4287.18,3926.15,4241.03,4071.79,4328.21,4602.56,4089.74,4626.67,4212.31,4235.9,4238.46,4297.95,4666.15,4382.56,1
4288.72,3929.23,4245.64,4075.9,4331.79,4603.08,4087.18,4629.74,4222.05,4238.46,4239.49,4299.49,4666.15,4386.67,1
4298.46,3938.97,4245.64,4080.51,4331.28,4606.67,4095.38,4638.46,4231.28,4245.13,4242.56,4304.1,4669.23,4383.59,1
4297.95,3940.51,4237.44,4080.51,4328.21,4606.67,4103.08,4639.49,4221.03,4242.05,4237.95,4300,4665.64,4375.38,1
4289.74,3936.92,4236.41,4073.33,4326.15,4604.62,4100.51,4637.95,4215.9,4235.38,4232.31,4295.38,4657.95,4372.82,1
4294.87,3940.51,4244.62,4075.9,4333.85,4607.69,4097.95,4639.49,4223.08,4242.56,4244.62,4303.08,4664.1,4387.18,1
4307.69,3947.18,4249.74,4088.21,4337.95,4609.74,4094.87,4638.46,4229.23,4257.44,4260,4313.33,4682.56,4398.46,1
4303.08,3942.05,4246.15,4087.18,4330.26,4605.64,4090.26,4639.49,4233.85,4263.59,4258.46,4309.74,4686.15,4389.74,1
4292.31,3933.33,4239.49,4075.9,4323.59,4602.56,4088.72,4639.49,4227.69,4257.95,4251.79,4304.62,4672.31,4379.49,1
4292.31,3933.85,4239.49,4073.33,4326.67,4602.56,4089.23,4629.23,4211.28,4248.72,4251.28,4304.62,4667.18,4381.03,1
4292.31,3934.87,4243.08,4076.92,4331.79,4607.18,4089.23,4622.05,4209.23,4247.18,4252.82,4302.56,4675.9,4385.64,1
4291.79,3933.33,4243.59,4077.95,4332.82,4616.92,4094.87,4631.28,4226.67,4251.28,4252.82,4302.05,4677.95,4384.1,1
4290.26,3931.28,4236.92,4074.87,4328.72,4615.38,4095.38,4638.97,4230.26,4247.18,4243.08,4300,4665.13,4376.41,1
4285.64,3930.26,4232.31,4075.38,4328.21,4601.03,4086.15,4632.31,4219.49,4243.59,4235.9,4295.38,4659.49,4375.38,1
4289.74,3939.49,4238.46,4087.69,4336.41,4599.49,4083.59,4626.67,4218.97,4249.23,4247.69,4299.49,4670.26,4385.13,1
4301.54,3946.67,4248.72,4092.31,4335.9,4608.72,4089.23,4633.85,4225.64,4253.85,4255.9,4310.77,4675.9,4388.72,1
4298.46,3935.38,4250.26,4077.95,4324.62,4607.18,4092.82,4642.56,4226.67,4250.77,4247.18,4311.28,4665.13,4378.46,1
4284.62,3922.56,4238.46,4070.26,4316.41,4600,4088.72,4638.46,4222.56,4244.62,4235.38,4298.46,4654.36,4367.18,1
4280,3927.18,4230.77,4075.9,4314.87,4602.05,4085.13,4630.26,4220,4236.92,4229.74,4286.67,4650.77,4362.05,1
4283.59,3934.87,4235.38,4078.97,4321.54,4608.21,4094.36,4630.77,4219.49,4236.41,4230.26,4287.69,4651.28,4363.08,1
4284.1,3937.44,4245.64,4085.64,4330.77,4608.72,4105.13,4634.87,4223.08,4244.1,4236.41,4300,4656.92,4367.18,1
4287.18,3939.49,4250.26,4091.28,4331.79,4607.18,4102.56,4636.92,4228.72,4251.79,4241.54,4310.26,4664.62,4375.9,1
4291.28,3943.59,4248.21,4088.72,4330.77,4612.82,4103.59,4641.03,4228.72,4253.85,4245.64,4310.77,4668.72,4380,1
4287.18,3946.15,4247.69,4087.69,4333.85,4618.46,4113.33,4644.62,4226.67,4253.33,4252.31,4306.15,4667.69,4374.36,1
4284.1,3945.13,4247.69,4091.28,4332.82,4613.85,4108.72,4642.05,4227.69,4254.87,4250.26,4302.05,4667.69,4369.23,1
4291.28,3946.67,4247.18,4093.85,4330.26,4609.23,4100.51,4639.49,4230.26,4254.36,4244.1,4302.56,4667.18,4372.82,1
4289.74,3947.18,4249.23,4094.36,4328.72,4608.21,4100.51,4638.97,4224.1,4252.82,4247.18,4309.23,4663.59,4374.36,1
4278.46,3941.54,4246.67,4086.15,4321.54,4603.08,4094.87,4632.82,4212.82,4244.62,4241.54,4307.18,4654.87,4363.08,1
4275.38,3937.95,4237.44,4079.49,4316.92,4599.49,4091.28,4627.18,4214.87,4233.85,4224.1,4292.82,4643.59,4354.87,1
4279.49,3937.95,4237.95,4086.15,4323.08,4602.05,4096.92,4631.79,4224.1,4231.28,4220.51,4288.72,4643.08,4357.95,1
4280.51,3939.49,4247.69,4089.74,4327.18,4608.21,4100,4637.95,4222.05,4232.82,4229.74,4295.9,4647.18,4358.97,1
4280,3941.03,4248.21,4085.13,4324.62,4612.82,4096.92,4634.87,4218.97,4237.95,4232.82,4296.92,4648.21,4358.46,1
4284.1,3942.05,4246.15,4085.64,4326.67,4612.82,4097.95,4631.79,4223.59,4248.72,4238.46,4298.46,4653.85,4369.23,1
4286.15,3936.92,4249.74,4087.69,4327.18,4609.23,4101.03,4631.79,4226.67,4253.85,4245.64,4306.67,4660,4371.79,1
4278.46,3932.82,4249.23,4086.15,4324.1,4607.69,4103.08,4634.87,4229.23,4246.67,4242.05,4307.18,4652.82,4358.97,1
4272.82,3933.85,4244.62,4085.64,4326.67,4611.28,4106.15,4640,4229.23,4241.54,4232.82,4299.49,4642.05,4353.33,1
4277.95,3933.33,4245.64,4085.13,4330.26,4616.41,4107.69,4643.08,4227.69,4244.62,4233.33,4298.97,4642.05,4359.49,1
4280.51,3935.38,4248.21,4086.67,4329.74,4617.44,4107.69,4646.15,4237.95,4250.77,4238.97,4303.59,4649.74,4364.62,1
4276.92,3940,4247.69,4088.72,4331.79,4616.41,4106.15,4646.67,4243.59,4251.28,4239.49,4303.08,4654.36,4365.13,1
4283.59,3944.62,4248.72,4093.85,4332.31,4613.33,4098.46,4633.85,4221.54,4245.64,4237.44,4303.08,4651.28,4365.64,1
4292.31,3951.28,4255.9,4101.54,4329.23,4610.26,4091.28,4622.05,4205.64,4243.08,4241.54,4309.74,4653.33,4370.26,1
4290.26,3954.36,4257.44,4102.05,4330.26,4610.26,4095.9,4625.64,4216.41,4241.03,4243.59,4311.28,4657.44,4371.79,1
4285.64,3945.13,4249.23,4092.31,4330.26,4610.26,4104.62,4638.46,4223.08,4236.92,4231.79,4303.08,4648.72,4363.59,1
4284.1,3937.44,4245.64,4089.74,4330.26,4613.33,4105.64,4644.62,4218.46,4236.92,4221.54,4299.49,4636.92,4358.46,1
4282.56,3937.44,4249.23,4091.79,4329.23,4618.46,4103.08,4638.97,4220,4235.38,4223.08,4301.54,4631.79,4360,1
4284.62,3944.62,4253.33,4093.85,4326.15,4615.9,4103.59,4632.31,4224.62,4233.33,4224.1,4301.54,4630.77,4363.59,1
4297.44,3956.92,4258.97,4103.59,4331.28,4614.87,4103.08,4633.33,4223.08,4238.46,4226.15,4305.13,4640.51,4376.41,1
4312.31,3962.05,4262.56,4108.21,4339.49,4621.54,4103.59,4637.95,4221.54,4243.08,4234.87,4312.82,4655.38,4392.82,1
4324.62,3966.15,4268.72,4104.62,4338.97,4620.51,4102.56,4641.54,4223.08,4242.56,4244.1,4317.95,4663.08,4405.64,1
4338.46,3975.9,4280,4112.82,4336.41,4614.87,4098.97,4643.59,4221.03,4247.18,4253.85,4325.13,4672.31,4416.41,1
4344.1,3975.9,4283.08,4121.03,4333.85,4615.38,4101.54,4634.36,4213.85,4249.23,4258.97,4331.28,4678.97,4418.46,1
4341.54,3970.77,4278.97,4113.33,4329.74,4613.85,4103.59,4627.18,4216.41,4243.08,4253.85,4328.21,4672.31,4416.92,1
4344.62,3980,4278.97,4110.26,4328.72,4611.79,4095.38,4633.33,4224.1,4237.95,4245.13,4325.13,4669.74,4423.59,1
4355.38,3984.62,4279.49,4115.9,4329.23,4614.36,4089.23,4634.36,4216.92,4235.38,4246.15,4325.13,4675.9,4429.74,1
4358.46,3977.95,4278.46,4114.87,4328.72,4617.44,4094.36,4623.59,4209.74,4234.36,4247.69,4320,4671.79,4424.62,1
4356.41,3983.59,4280.51,4115.38,4333.85,4616.92,4096.92,4622.56,4217.44,4236.41,4243.59,4314.36,4665.64,4422.05,1
4365.13,3994.87,4290.26,4130.77,4335.9,4609.74,4096.41,4628.72,4216.41,4233.85,4247.69,4322.05,4670.77,4432.31,1
4372.31,3993.33,4297.95,4135.38,4330.77,4602.05,4100.51,4626.67,4197.95,4227.18,4252.31,4331.79,4673.33,4438.46,1
4367.69,3987.18,4290.26,4125.13,4330.77,4607.69,4106.15,4621.54,4191.79,4223.59,4244.1,4330.26,4667.18,4432.82,1
4362.05,3986.67,4281.03,4120.51,4337.95,4617.95,4106.15,4622.56,4204.62,4222.56,4235.9,4321.54,4663.59,4425.13,1
4356.92,3978.97,4276.92,4114.87,4332.31,4619.49,4104.1,4626.67,4212.82,4222.56,4239.49,4315.9,4663.59,4418.46,1
4351.79,3970.26,4265.64,4104.1,4324.62,4616.41,4102.56,4627.69,4210.77,4228.72,4240.51,4315.38,4666.67,4420,1
4356.92,3979.49,4266.15,4108.72,4335.38,4617.95,4100,4627.69,4211.79,4232.31,4240,4320.51,4669.74,4428.21,1
4365.13,3988.21,4278.97,4120.51,4344.62,4623.59,4101.54,4628.21,4213.85,4230.77,4244.62,4325.64,4667.18,4430.77,1
4362.56,3983.08,4273.33,4115.38,4336.41,4624.62,4104.62,4627.18,4212.82,4233.85,4245.13,4324.62,4663.08,4421.03,1
4358.46,3978.97,4268.21,4104.62,4330.26,4615.9,4103.08,4623.08,4205.13,4235.9,4244.62,4322.05,4663.08,4411.79,1
4363.08,3981.03,4276.92,4106.67,4333.85,4608.21,4097.44,4614.36,4194.36,4230.26,4247.69,4323.59,4667.18,4418.46,1
4366.67,3981.54,4274.36,4112.82,4334.87,4612.82,4093.85,4608.72,4192.82,4226.67,4247.18,4318.97,4671.28,4426.67,1
4355.38,3976.41,4261.03,4105.64,4330.26,4620,4097.95,4611.79,4196.92,4226.67,4235.9,4305.13,4663.08,4412.31,1
4338.97,3966.67,4251.79,4090.26,4326.15,4624.62,4102.05,4614.36,4195.9,4221.03,4224.1,4296.92,4648.72,4394.87,1
4337.44,3962.56,4249.23,4087.69,4325.64,4628.72,4104.62,4618.97,4202.05,4218.97,4225.64,4298.46,4647.18,4398.46,1
4344.1,3969.23,4257.44,4094.87,4330.26,4626.15,4105.13,4628.72,4217.95,4228.72,4234.36,4304.1,4653.33,4405.64,1
4345.13,3976.41,4264.62,4099.49,4333.33,4621.54,4101.54,4629.74,4219.49,4233.33,4238.46,4308.72,4653.85,4408.21,1
4350.26,3980,4264.1,4104.1,4335.38,4624.1,4098.97,4618.97,4208.21,4232.82,4242.05,4311.79,4656.92,4415.38,1
4354.36,3982.56,4266.15,4108.21,4337.44,4625.13,4100.51,4614.36,4209.23,4240.51,4248.72,4314.36,4665.64,4418.46,1
4347.18,3975.38,4266.67,4102.56,4333.33,4617.95,4097.44,4612.82,4210.77,4240.51,4248.21,4313.33,4664.1,4411.79,1
4343.08,3969.74,4263.08,4093.85,4326.15,4614.36,4091.79,4611.79,4204.62,4229.23,4240.51,4312.82,4654.87,4407.18,1
4347.18,3973.85,4264.1,4092.82,4324.62,4616.92,4095.9,4623.08,4209.74,4230.77,4236.92,4314.87,4652.31,4409.23,1
4346.67,3972.82,4265.13,4095.38,4327.69,4618.97,4104.1,4632.82,4215.9,4236.41,4238.46,4312.82,4653.85,4407.18,1
4343.59,3971.79,4265.13,4092.31,4326.67,4618.97,4100,4626.15,4205.64,4227.69,4238.46,4309.74,4654.36,4403.08,1
4343.08,3973.85,4265.64,4092.31,4323.59,4615.38,4093.85,4622.05,4198.97,4221.03,4236.41,4309.74,4652.31,4407.18,1
4344.1,3972.82,4265.13,4098.46,4326.67,4615.38,4097.95,4629.74,4207.69,4226.67,4235.9,4311.79,4647.69,4409.23,1
4344.1,3973.33,4264.1,4100.51,4334.87,4620.51,4103.08,4631.28,4207.18,4232.82,4237.95,4314.36,4650.77,4407.69,1
4341.54,3977.44,4264.62,4097.95,4336.41,4623.59,4102.56,4624.62,4202.05,4235.38,4241.03,4314.87,4659.49,4411.79,1
4335.38,3972.31,4263.59,4094.36,4332.82,4626.15,4105.13,4629.74,4217.44,4238.97,4242.05,4311.79,4657.95,4410.77,1
4329.74,3964.1,4261.03,4089.74,4330.77,4630.26,4111.28,4641.03,4232.82,4243.08,4242.05,4309.74,4655.9,4398.97,1
4330.77,3967.69,4260.51,4090.26,4332.31,4629.74,4115.38,4641.03,4226.67,4245.13,4243.08,4311.79,4661.54,4398.46,1
4337.95,3975.38,4264.62,4099.49,4333.33,4627.18,4113.33,4635.38,4218.46,4245.64,4243.08,4316.92,4661.03,4407.18,1
4342.05,3976.41,4270.26,4102.05,4332.31,4624.62,4108.21,4634.87,4222.56,4245.13,4241.54,4320,4653.85,4404.62,1
4335.9,3968.21,4268.21,4094.36,4328.72,4618.97,4106.67,4636.41,4220,4240.51,4238.46,4312.31,4648.21,4395.9,1
4325.13,3959.49,4261.03,4088.21,4327.18,4617.44,4105.13,4631.28,4207.18,4233.85,4231.28,4306.15,4642.56,4391.79,1
4321.54,3962.56,4260,4088.72,4327.69,4621.03,4103.08,4631.79,4206.67,4230.26,4226.67,4307.69,4639.49,4388.21,1
4326.15,3972.82,4265.13,4094.87,4332.31,4621.54,4105.13,4641.54,4226.15,4234.36,4233.85,4309.74,4645.13,4389.23,1
4329.74,3974.87,4268.21,4098.46,4335.38,4621.03,4109.23,4644.62,4232.31,4242.05,4237.44,4308.21,4649.74,4395.38,1
4325.13,3967.18,4264.62,4093.33,4333.85,4627.18,4113.33,4640,4214.36,4236.92,4229.74,4302.05,4646.15,4393.85,1
4325.64,3970.26,4264.62,4093.33,4331.28,4630.77,4114.87,4638.97,4208.21,4225.64,4227.69,4303.08,4644.62,4395.9,1
4338.97,3985.13,4272.31,4105.13,4334.36,4625.13,4112.31,4636.41,4221.54,4232.82,4239.49,4314.36,4652.82,4408.72,1
4348.72,3990.26,4282.56,4110.26,4341.03,4624.1,4106.67,4629.74,4220.51,4243.08,4248.21,4322.56,4661.03,4412.31,1
4344.1,3983.08,4281.54,4106.15,4341.03,4627.18,4105.13,4627.69,4208.21,4240,4244.62,4317.95,4658.97,4403.08,1
4337.95,3978.97,4271.28,4105.64,4335.38,4627.69,4110.26,4632.82,4214.36,4239.49,4242.05,4313.33,4656.92,4404.62,1
4337.95,3980,4265.64,4104.62,4336.41,4631.28,4112.82,4636.92,4224.1,4244.1,4243.08,4315.9,4656.41,4405.13,1
4332.82,3975.38,4264.62,4101.03,4343.08,4635.9,4109.23,4636.41,4215.38,4236.41,4236.41,4312.31,4645.13,4391.79,1
4326.67,3975.9,4263.08,4103.59,4344.62,4635.38,4105.13,4632.82,4205.13,4223.08,4227.18,4302.05,4634.87,4386.15,1
4332.31,3990.26,4262.56,4110.77,4343.59,4628.72,4102.56,4630.26,4216.41,4223.08,4227.18,4297.95,4635.38,4389.23,1
4338.46,3995.38,4264.1,4110.77,4342.56,4622.56,4100,4630.77,4225.13,4232.82,4231.79,4303.08,4637.95,4390.77,1
4333.85,3984.62,4265.13,4102.05,4335.38,4624.62,4102.56,4640,4222.05,4239.49,4234.36,4306.67,4642.05,4393.85,1
4329.74,3980,4264.1,4098.97,4331.79,4629.23,4108.21,4646.15,4224.1,4240.51,4237.44,4305.64,4644.1,4395.9,1
4332.31,3989.74,4265.13,4106.67,4337.44,4623.59,4105.13,4631.28,4214.87,4235.38,4235.38,4305.13,4641.54,4395.38,1
4332.82,3994.36,4266.15,4110.26,4339.49,4617.95,4096.92,4610.26,4191.28,4226.67,4228.72,4305.64,4635.9,4392.31,1
4330.77,3986.15,4263.59,4102.05,4336.41,4623.59,4099.49,4612.82,4190.77,4223.08,4223.59,4305.13,4627.69,4389.23,1
4332.82,3976.41,4260.51,4096.92,4333.33,4628.21,4109.23,4628.72,4208.21,4223.59,4223.08,4304.1,4626.15,4391.28,1
4337.44,3983.08,4266.15,4102.05,4332.31,4625.64,4108.72,4633.33,4209.74,4222.05,4223.59,4303.08,4632.82,4396.92,1
4344.1,4000.51,4276.92,4108.21,4337.44,4625.13,4102.56,4631.28,4210.26,4225.13,4226.15,4303.08,4634.36,4403.08,1
4356.41,4007.69,4281.54,4114.36,4343.08,4628.21,4105.13,4633.85,4225.64,4232.31,4234.87,4309.74,4638.97,4415.38,1
4365.13,4006.67,4282.56,4117.95,4341.54,4626.15,4106.67,4636.41,4228.21,4237.44,4244.62,4318.97,4651.79,4422.05,1
4360,4008.72,4279.49,4118.46,4341.03,4624.62,4099.49,4628.72,4210.77,4234.87,4239.49,4313.33,4648.21,4408.21,1
4351.28,4007.69,4274.36,4118.46,4342.56,4631.28,4102.05,4623.08,4203.59,4224.1,4226.67,4301.54,4632.82,4398.46,1
4352.31,4003.59,4274.36,4114.36,4338.97,4633.33,4109.74,4626.15,4211.28,4224.1,4227.69,4305.64,4633.85,4407.18,1
4360,4001.54,4278.97,4111.28,4339.49,4622.56,4105.13,4627.18,4214.87,4234.36,4238.46,4316.41,4645.13,4416.41,1
4361.03,4003.59,4280,4117.44,4339.49,4618.46,4102.56,4625.64,4210.26,4234.87,4237.44,4314.36,4644.1,4410.77,1
4352.31,4004.1,4275.9,4116.92,4333.85,4625.64,4107.18,4625.13,4205.64,4227.69,4232.31,4305.64,4635.38,4402.56,1
4349.74,4003.59,4273.85,4108.21,4332.82,4630.77,4107.69,4627.69,4210.77,4229.23,4237.44,4306.67,4638.97,4407.69,1
4359.49,4006.67,4278.46,4115.38,4337.95,4630.77,4106.15,4632.82,4224.1,4238.46,4242.05,4317.44,4649.23,4420.51,1
4367.18,4012.82,4284.62,4126.67,4342.56,4631.28,4105.64,4636.92,4226.15,4242.56,4242.05,4323.59,4652.82,4422.56,1
4359.49,4009.23,4282.56,4121.03,4340,4630.77,4105.13,4634.87,4213.85,4231.79,4230.77,4315.9,4644.62,4410.26,1
4346.67,3995.38,4277.95,4112.31,4333.33,4627.69,4103.08,4628.72,4206.67,4218.46,4208.21,4306.15,4629.23,4399.49,1
4343.08,3991.79,4275.9,4114.87,4332.31,4623.08,4100.51,4622.56,4207.69,4218.46,4194.36,4303.59,4621.03,4395.9,1
4341.03,3997.44,4270.26,4120,4337.95,4624.1,4101.54,4626.67,4214.36,4227.18,4194.36,4301.03,4624.62,4390.77,1
4336.92,3993.33,4264.62,4112.82,4338.46,4632.82,4105.13,4636.41,4222.05,4233.33,4194.87,4300,4625.64,4386.67,1
4336.41,3985.13,4263.59,4102.56,4334.36,4635.38,4106.15,4632.31,4222.56,4231.28,4192.31,4302.56,4618.97,4388.21,1
4334.87,3986.15,4263.59,4103.59,4333.33,4631.79,4108.21,4631.28,4223.59,4231.28,4191.28,4301.54,4617.44,4391.28,1
4330.26,3991.79,4263.59,4108.21,4336.92,4633.85,4112.82,4641.03,4222.56,4234.87,4189.74,4303.08,4623.08,4389.74,1
4327.18,3988.72,4264.1,4105.64,4334.87,4633.33,4112.82,4638.46,4211.79,4230.26,4189.74,4306.67,4625.64,4386.67,1
4328.72,3982.05,4264.62,4103.59,4327.69,4624.62,4107.18,4626.15,4207.18,4219.49,4188.21,4303.59,4623.08,4386.15,1
4329.23,3984.62,4264.62,4105.64,4327.69,4621.03,4103.59,4629.74,4214.87,4220.51,4181.54,4298.97,4619.49,4386.15,1
4329.74,3986.67,4267.18,4106.67,4333.33,4625.13,4104.1,4640.51,4223.08,4229.23,4182.56,4302.56,4622.05,4387.18,1
4329.74,3983.08,4267.18,4106.15,4330.77,4624.62,4102.56,4638.46,4220.51,4226.15,4184.1,4302.05,4623.08,4387.69,1
4328.72,3983.59,4264.1,4104.62,4326.15,4618.46,4096.92,4628.72,4206.15,4217.95,4179.49,4294.87,4615.38,4384.1,1
4331.79,3989.74,4265.64,4108.21,4330.77,4616.92,4093.85,4621.54,4200.51,4216.92,4180.51,4297.44,4615.9,4386.67,1
4338.97,3992.82,4268.72,4115.9,4334.36,4617.44,4095.9,4619.49,4206.67,4224.1,4187.18,4304.62,4623.08,4389.74,1
4336.41,3988.72,4266.15,4112.82,4329.74,4616.41,4092.82,4618.97,4208.21,4227.18,4184.62,4302.05,4621.03,4382.05,1
4326.15,3985.13,4262.56,4104.62,4325.64,4616.41,4091.28,4622.05,4207.18,4222.56,4177.44,4294.87,4614.87,4375.9,1
4325.13,3987.69,4263.08,4107.69,4327.69,4616.41,4097.95,4626.67,4207.18,4216.92,4176.41,4292.31,4614.36,4378.46,1
4331.28,3990.77,4264.62,4112.82,4329.23,4614.36,4103.08,4627.18,4201.54,4214.36,4175.9,4293.33,4612.31,4379.49,1
4328.72,3989.23,4264.62,4108.21,4325.64,4616.92,4107.18,4627.69,4202.05,4211.79,4169.74,4293.33,4608.72,4374.87,1
4321.54,3984.1,4263.59,4104.62,4325.13,4624.62,4113.33,4632.31,4212.82,4210.26,4161.54,4293.33,4607.18,4371.79,1
4318.97,3983.59,4262.56,4107.18,4328.21,4622.56,4110.77,4640,4224.1,4222.05,4164.62,4295.38,4608.72,4376.41,1
4323.59,3987.69,4264.1,4107.69,4330.77,4617.44,4104.62,4644.62,4227.18,4233.33,4175.9,4300,4615.38,4385.13,1
4325.13,3985.13,4266.15,4107.69,4331.28,4624.62,4107.69,4637.95,4215.38,4227.69,4178.46,4302.56,4616.92,4381.03,1
4322.05,3978.46,4268.72,4107.69,4331.28,4628.72,4111.28,4626.15,4206.15,4216.41,4169.74,4297.44,4608.72,4371.28,1
4321.54,3980.51,4270.26,4109.74,4332.31,4622.56,4107.69,4623.59,4208.72,4213.33,4165.13,4294.87,4604.1,4375.38,1
4321.03,3987.69,4266.67,4113.85,4335.9,4624.1,4104.62,4623.08,4207.18,4215.9,4171.28,4298.46,4610.26,4382.05,1
4319.49,3988.21,4262.56,4113.33,4339.49,4627.69,4102.56,4624.1,4211.28,4220,4175.38,4300,4617.44,4379.49,1
4316.92,3983.08,4261.54,4107.18,4337.44,4621.03,4099.49,4630.77,4216.92,4224.62,4174.87,4297.95,4617.44,4375.9,1
4314.36,3983.59,4261.03,4105.64,4331.28,4615.38,4096.92,4629.74,4209.74,4220.51,4172.31,4297.44,4614.87,4374.36,1
4312.82,3983.08,4263.08,4105.64,4327.69,4616.41,4095.9,4624.62,4204.62,4212.82,4167.69,4296.41,4612.31,4371.28,1
4316.92,3978.46,4264.1,4103.08,4329.74,4616.41,4097.95,4626.15,4210.77,4212.82,4166.67,4293.33,4608.72,4371.28,1
4320,3980.51,4256.41,4101.03,4330.26,4623.08,4101.54,4632.31,4216.92,4221.54,4170.77,4291.28,4609.74,4372.82,1
4315.38,3984.62,4246.15,4095.9,4330.77,4630.77,4106.67,4638.46,4219.49,4227.69,4172.82,4289.23,4616.41,4373.85,1
4316.92,3981.03,4248.21,4093.85,4334.87,4626.15,4107.69,4640,4223.08,4227.18,4173.33,4289.74,4619.49,4377.44,1
4324.1,3979.49,4257.44,4096.92,4329.74,4615.38,4097.44,4631.79,4218.97,4225.64,4173.85,4291.79,4616.41,4377.44,1
4321.03,3978.46,4254.87,4091.79,4320,4608.21,4086.67,4622.05,4212.31,4221.03,4166.15,4287.69,4610.26,4370.26,1
4309.74,3975.9,4249.23,4087.18,4324.62,4608.21,4086.67,4621.03,4211.28,4221.03,4160.51,4283.08,4605.13,4364.62,1
4306.67,3981.54,4242.05,4090.77,4334.36,4613.85,4092.31,4625.13,4213.33,4225.64,4164.1,4282.56,4606.67,4364.1,1
4305.13,3983.08,4235.9,4088.21,4331.28,4616.92,4091.28,4628.21,4213.85,4225.64,4167.18,4283.08,4611.28,4366.67,1
4301.54,3972.31,4241.54,4083.08,4328.72,4616.92,4090.26,4630.77,4211.28,4223.59,4170.77,4285.64,4611.79,4369.23,1
4307.69,3969.23,4248.72,4088.72,4332.82,4619.49,4094.36,4632.31,4210.77,4223.59,4174.87,4292.31,4608.72,4370.26,1
4315.9,3977.95,4254.36,4092.31,4330.77,4620,4093.85,4629.23,4210.77,4223.59,4173.85,4297.95,4609.74,4376.41,1
4314.87,3981.03,4260.51,4090.77,4329.74,4615.38,4093.33,4631.28,4218.97,4226.67,4177.95,4303.08,4616.92,4382.05,1
4309.74,3978.97,4257.95,4090.77,4331.79,4620.51,4100.51,4644.62,4231.79,4235.9,4187.69,4305.64,4623.08,4376.92,1
4307.18,3981.54,4253.33,4091.79,4331.28,4625.13,4108.72,4651.79,4230.77,4240.51,4187.18,4304.62,4622.56,4372.31,1
4309.23,3984.62,4260.51,4091.79,4330.26,4620,4107.18,4645.64,4225.64,4240.51,4181.54,4302.56,4621.54,4376.92,1
4311.28,3977.95,4264.62,4087.69,4330.77,4618.97,4105.13,4641.54,4220,4234.87,4181.03,4301.54,4621.03,4381.03,1
4312.31,3972.82,4258.46,4085.64,4332.31,4623.59,4108.21,4642.05,4214.87,4227.69,4180.51,4302.05,4620,4381.03,1
4311.79,3976.41,4253.33,4090.26,4333.85,4619.49,4103.59,4635.9,4217.44,4229.74,4178.97,4302.05,4619.49,4375.9,1
4308.21,3979.49,4249.23,4091.28,4334.36,4612.82,4097.95,4628.72,4218.97,4232.31,4176.41,4294.36,4618.97,4370.77,1
4307.69,3978.97,4248.21,4089.23,4335.38,4614.87,4100,4627.18,4207.69,4228.72,4170.26,4286.15,4618.46,4371.28,1
4310.77,3976.92,4250.26,4090.26,4334.36,4616.92,4101.03,4626.67,4195.9,4218.97,4163.59,4288.72,4610.77,4368.72,1
4306.67,3974.87,4246.67,4090.77,4330.26,4613.85,4097.95,4624.62,4198.97,4210.26,4158.46,4288.72,4599.49,4358.46,1
4303.59,3981.03,4246.67,4090.26,4333.85,4612.82,4099.49,4627.18,4208.21,4213.85,4161.54,4289.23,4604.62,4364.62,1
4311.79,3989.23,4254.36,4091.28,4336.92,4618.97,4107.18,4633.33,4214.87,4228.72,4174.87,4295.9,4620.51,4378.97,1
4312.31,3983.08,4261.54,4090.77,4329.74,4623.59,4111.28,4639.49,4218.46,4233.85,4177.95,4298.97,4622.05,4375.9,1
4305.64,3975.38,4263.59,4090.26,4326.15,4621.03,4106.67,4641.03,4217.95,4225.13,4170.26,4295.38,4614.36,4366.67,1
4308.72,3981.03,4262.05,4091.28,4328.21,4617.95,4102.56,4636.41,4214.36,4225.13,4172.82,4293.85,4614.87,4371.79,1
4315.38,3987.69,4262.56,4089.74,4330.26,4618.97,4103.08,4636.41,4218.97,4235.9,4184.1,4298.97,4621.54,4385.64,1
4313.85,3987.69,4265.13,4090.26,4330.77,4621.54,4102.56,4643.59,4226.67,4241.54,4185.64,4305.13,4626.67,4386.15,1
4304.62,3984.62,4258.46,4090.26,4329.23,4621.03,4097.95,4642.56,4222.05,4233.85,4180,4301.03,4622.05,4372.31,1
4298.46,3979.49,4251.28,4084.62,4328.72,4618.97,4096.92,4634.36,4217.44,4227.69,4176.41,4292.31,4611.28,4364.62,1
4294.36,3972.82,4247.69,4080,4330.77,4614.87,4099.49,4629.74,4216.41,4229.23,4172.82,4290.77,4604.62,4359.49,1
4287.69,3970.77,4238.97,4077.44,4327.18,4608.72,4096.92,4625.13,4202.56,4222.56,4169.74,4288.72,4604.62,4354.87,1
4286.67,3969.23,4234.87,4073.85,4320,4604.1,4089.23,4621.54,4191.79,4208.72,4169.23,4285.13,4606.67,4361.54,1
4293.85,3968.21,4244.1,4074.87,4322.56,4606.67,4089.23,4622.56,4203.59,4209.23,4170.26,4288.21,4607.69,4369.23,1
4295.9,3973.33,4251.28,4080.51,4327.18,4611.28,4097.95,4624.62,4209.23,4219.49,4169.23,4288.72,4605.13,4361.54,1
4291.28,3975.9,4247.69,4081.03,4324.62,4611.79,4101.54,4625.64,4202.56,4215.9,4163.08,4285.13,4598.97,4355.9,1
4292.31,3973.33,4245.64,4080.51,4324.62,4614.87,4098.46,4627.18,4210.26,4213.85,4165.13,4287.69,4602.05,4366.67,1
4301.54,3976.92,4251.28,4086.15,4329.23,4617.95,4099.49,4628.72,4222.56,4226.15,4176.41,4294.36,4613.33,4373.33,1
4306.15,3983.59,4256.92,4088.72,4329.23,4616.92,4103.08,4633.33,4220,4233.85,4182.56,4298.46,4620,4371.28,1
4303.59,3983.08,4259.49,4089.74,4327.18,4616.41,4102.05,4634.87,4215.9,4232.31,4182.05,4301.54,4622.05,4373.33,1
4305.64,3985.64,4260.51,4092.31,4328.72,4615.9,4102.56,4630.77,4218.46,4230.77,4183.08,4304.1,4624.1,4377.95,1
4307.18,3986.15,4256.92,4086.15,4329.74,4617.44,4105.13,4631.79,4217.44,4232.82,4184.62,4304.62,4623.59,4375.38,1
4299.49,3979.49,4249.23,4080.51,4328.72,4617.95,4103.59,4637.95,4217.44,4235.38,4183.59,4301.03,4624.1,4371.79,1
4295.9,3977.95,4247.69,4087.69,4326.67,4616.92,4101.03,4632.82,4213.85,4233.33,4180.51,4292.82,4623.59,4369.23,1
4300,3979.49,4250.26,4089.23,4327.69,4615.38,4095.9,4618.46,4199.49,4223.08,4175.9,4286.15,4614.36,4363.08,1
4294.87,3975.9,4247.18,4082.56,4330.77,4615.38,4089.23,4616.92,4200.51,4214.87,4171.28,4286.67,4606.67,4358.97,1
4291.28,3973.85,4246.67,4087.18,4333.85,4613.85,4089.74,4627.18,4211.28,4216.41,4171.79,4288.72,4608.72,4364.1,1
4295.9,3977.44,4251.28,4092.82,4333.33,4612.31,4096.92,4625.13,4202.56,4218.46,4169.23,4286.67,4611.79,4368.21,1
4298.46,3982.05,4249.74,4090.26,4331.79,4611.79,4097.95,4617.44,4194.36,4218.46,4164.62,4283.08,4609.74,4361.54,1
4298.97,3989.74,4246.67,4092.31,4333.33,4610.26,4091.28,4624.1,4206.15,4218.46,4165.64,4277.44,4608.21,4354.36,1
4295.9,3989.23,4250.26,4094.87,4334.87,4614.87,4088.21,4632.31,4214.87,4223.59,4172.82,4274.36,4612.31,4357.95,1
4295.38,3985.64,4252.82,4091.28,4334.87,4618.97,4092.82,4630.26,4214.87,4232.82,4177.95,4284.62,4622.05,4368.21,1
4300.51,3990.77,4251.79,4093.33,4330.26,4609.23,4096.41,4624.1,4210.26,4229.23,4181.54,4298.46,4625.13,4369.23,1
4299.49,3990.26,4255.9,4097.44,4324.62,4601.03,4093.33,4617.44,4197.44,4214.87,4180.51,4297.44,4616.41,4360,1
4294.87,3985.64,4262.05,4096.41,4326.67,4607.18,4089.74,4611.79,4197.44,4213.33,4172.31,4289.23,4612.82,4359.49,1
4297.95,3988.72,4261.54,4094.87,4333.85,4614.87,4092.31,4614.36,4206.15,4218.97,4172.31,4289.23,4615.9,4366.67,1
4301.03,3989.74,4254.87,4093.33,4333.85,4613.85,4094.87,4613.33,4197.95,4216.41,4176.41,4289.74,4615.9,4366.15,1
4297.95,3984.62,4251.79,4092.82,4332.82,4613.33,4094.36,4610.77,4196.41,4214.36,4170.77,4291.79,4615.9,4363.08,1
4302.56,3988.21,4258.97,4099.49,4340.51,4617.95,4099.49,4617.95,4210.26,4223.08,4171.79,4298.97,4621.54,4370.26,1
4309.23,3995.9,4266.15,4105.64,4344.62,4620.51,4101.54,4624.62,4211.79,4230.26,4182.05,4298.97,4625.13,4373.85,1
4304.1,3994.87,4265.13,4102.05,4341.54,4618.97,4094.36,4621.54,4202.05,4224.62,4176.41,4289.74,4620,4363.08,1
4293.33,3986.15,4260,4092.31,4337.44,4617.44,4092.82,4621.03,4201.03,4214.36,4164.62,4287.18,4610.77,4355.38,1
4289.74,3976.92,4258.97,4089.74,4330.26,4615.38,4097.95,4626.15,4211.79,4215.38,4167.69,4294.87,4605.13,4357.44,1
4297.44,3983.59,4262.56,4098.97,4330.77,4614.36,4100.51,4625.13,4223.59,4229.74,4177.44,4300.51,4609.74,4363.08,1
4307.18,4003.08,4269.23,4111.28,4343.59,4622.56,4101.54,4623.59,4225.13,4237.44,4183.08,4298.97,4621.54,4368.21,1
4302.56,4003.08,4268.21,4110.26,4347.18,4631.79,4104.1,4627.18,4220.51,4234.36,4183.08,4293.33,4626.15,4366.67,1
4290.77,3986.67,4260,4097.95,4335.9,4627.18,4103.59,4621.54,4208.21,4229.23,4178.46,4290.26,4617.44,4358.97,1
4291.28,3985.64,4258.97,4097.95,4334.36,4618.97,4101.03,4609.74,4193.85,4223.08,4179.49,4295.38,4616.41,4360.51,1
4298.46,3993.85,4265.13,4107.69,4337.95,4616.41,4098.46,4608.72,4193.85,4219.49,4186.15,4296.92,4624.1,4365.13,1
4292.82,3989.74,4261.03,4105.13,4330.77,4612.82,4096.92,4613.33,4198.97,4215.38,4180,4289.74,4618.97,4353.33,1
4283.59,3983.08,4252.31,4098.46,4328.21,4610.77,4095.9,4613.85,4197.44,4205.64,4163.59,4280,4603.59,4344.1,1
4285.64,3986.15,4256.41,4100.51,4334.36,4615.38,4099.49,4620,4201.03,4201.54,4160.51,4275.9,4598.97,4346.67,1
4288.21,3988.72,4261.03,4100.51,4336.92,4620,4105.13,4628.21,4208.72,4208.21,4168.21,4279.49,4603.08,4346.67,1
4286.15,3991.28,4250.26,4098.46,4334.87,4617.44,4104.62,4623.59,4210.26,4217.95,4174.36,4280.51,4609.74,4346.15,1
4288.72,3997.95,4248.72,4105.13,4338.46,4613.33,4098.46,4617.95,4210.77,4225.13,4176.92,4282.05,4616.41,4351.79,1
4296.92,4001.54,4261.54,4109.74,4341.03,4611.28,4094.36,4620,4210.77,4227.18,4177.44,4284.62,4616.92,4352.82,1
4301.54,4003.59,4265.13,4108.21,4339.49,4611.28,4096.41,4621.54,4206.67,4223.08,4176.41,4287.69,4618.97,4353.33,1
4301.54,4003.59,4264.1,4107.18,4340.51,4615.9,4095.9,4618.97,4201.54,4220.51,4184.1,4294.36,4625.13,4365.64,1
4299.49,3997.95,4264.62,4104.62,4341.03,4617.95,4088.21,4617.95,4203.59,4218.97,4191.28,4298.97,4626.15,4368.21,1
4291.79,3993.33,4254.36,4102.56,4338.97,4616.92,4087.69,4622.56,4211.79,4215.9,4181.03,4288.72,4620,4352.31,1
4286.15,3994.36,4246.15,4104.62,4336.92,4623.59,4100.51,4628.72,4211.79,4215.38,4167.69,4273.33,4608.72,4342.56,1
4285.13,3994.87,4253.85,4105.13,4336.41,4626.67,4106.15,4628.72,4210.77,4217.95,4169.74,4274.36,4601.54,4346.67,1
4285.13,3993.85,4263.08,4105.13,4338.46,4618.97,4101.03,4630.77,4226.15,4226.67,4179.49,4284.1,4609.23,4352.31,1
4288.21,3998.97,4262.05,4107.18,4344.1,4617.44,4100,4637.95,4232.82,4235.9,4185.13,4292.31,4619.49,4353.85,1
4293.33,4000.51,4263.08,4105.64,4345.64,4624.1,4101.54,4633.33,4211.28,4232.31,4185.64,4295.9,4620,4354.87,1
4291.28,3996.41,4263.08,4105.13,4342.05,4625.13,4098.97,4623.59,4200.51,4222.56,4182.56,4292.82,4615.38,4353.85,1
4283.08,3995.38,4255.9,4109.23,4346.15,4626.67,4098.97,4630.77,4217.95,4221.54,4175.9,4283.59,4610.26,4345.13,1
4274.36,3994.87,4244.1,4106.15,4344.62,4632.31,4103.59,4636.41,4221.54,4216.92,4165.13,4269.74,4600.51,4328.21,1
4270.77,3990.77,4236.41,4094.36,4334.87,4626.15,4099.49,4621.54,4201.03,4206.67,4160,4263.59,4594.36,4322.56,1
4276.92,3988.72,4240,4090.26,4332.31,4616.41,4094.87,4615.38,4200,4214.36,4171.28,4273.33,4601.03,4338.46,1
4291.28,3996.92,4254.36,4096.92,4337.95,4617.95,4101.54,4629.23,4219.49,4228.21,4189.23,4291.79,4617.44,4357.95,1
4301.03,4005.13,4266.67,4105.64,4341.03,4622.05,4104.1,4636.41,4224.62,4231.79,4195.38,4298.46,4626.67,4361.54,1
4297.95,4003.59,4262.56,4104.1,4338.97,4618.46,4099.49,4631.79,4219.49,4229.23,4191.79,4293.85,4623.08,4356.92,1
4290.26,3996.41,4252.31,4097.44,4336.92,4615.38,4097.95,4626.67,4215.9,4227.18,4187.18,4286.15,4620.51,4352.31,1
4285.64,3991.79,4246.67,4091.28,4335.38,4618.97,4102.05,4627.18,4215.38,4223.08,4181.54,4277.95,4614.87,4344.1,1
4283.59,3989.23,4240.51,4084.62,4334.87,4624.1,4104.1,4631.28,4217.95,4221.54,4178.97,4273.85,4608.72,4341.54,1
4281.03,3987.69,4232.82,4083.59,4335.38,4624.62,4100,4630.77,4212.31,4223.08,4182.05,4276.92,4614.87,4347.69,1
4279.49,3991.28,4232.82,4087.18,4335.9,4618.97,4097.95,4625.13,4201.54,4221.03,4182.56,4280.51,4619.49,4346.67,1
4280.51,3991.79,4241.03,4085.13,4333.85,4615.38,4096.41,4620.51,4201.03,4217.44,4178.97,4280.51,4613.85,4342.05,1
4286.15,3991.79,4247.69,4083.59,4332.82,4615.38,4091.28,4620.51,4212.31,4217.95,4184.1,4281.54,4614.87,4348.72,1
4290.77,4000.51,4248.72,4092.31,4338.97,4615.38,4090.77,4631.28,4229.23,4230.77,4194.87,4284.1,4624.62,4357.95,1
4288.21,4006.67,4245.13,4091.79,4343.08,4620,4098.46,4641.03,4233.85,4241.54,4197.44,4283.59,4625.64,4350.26,1
4284.1,4001.03,4246.15,4084.1,4339.49,4624.1,4106.15,4636.41,4217.44,4233.33,4192.82,4280.51,4621.54,4338.97,1
4278.97,3995.38,4246.15,4084.1,4334.36,4619.49,4103.59,4624.1,4197.44,4217.44,4185.13,4276.41,4615.9,4334.36,1
4264.1,3985.64,4235.38,4078.46,4326.67,4612.82,4101.03,4621.03,4192.82,4208.21,4175.9,4272.31,4603.59,4327.69,1
4256.41,3975.9,4225.64,4069.74,4326.67,4612.82,4100.51,4618.97,4197.95,4208.72,4171.79,4270.26,4597.95,4327.69,1
4270.26,3985.13,4234.87,4078.46,4336.92,4617.44,4100.51,4616.41,4204.1,4216.41,4177.95,4276.41,4606.67,4340,1
4281.54,3998.97,4250.26,4092.31,4344.1,4621.54,4105.64,4624.1,4212.31,4224.62,4185.64,4284.1,4613.33,4342.56,1
4280,3998.46,4252.31,4092.82,4342.05,4621.54,4109.23,4631.28,4217.95,4225.64,4187.69,4278.46,4612.82,4336.41,1
4280,3997.95,4248.72,4090.26,4341.03,4622.05,4106.15,4627.18,4216.92,4224.62,4183.08,4271.28,4617.44,4341.54,1
4282.56,4002.05,4247.18,4091.28,4341.03,4624.62,4106.15,4630.26,4216.41,4229.23,4182.56,4280.51,4623.08,4349.23,1
4282.05,4003.08,4246.15,4091.79,4340.51,4624.1,4110.77,4636.92,4219.49,4234.87,4191.28,4287.18,4623.59,4348.72,1
4279.49,4001.54,4244.1,4091.79,4341.03,4622.56,4106.15,4632.31,4217.44,4235.38,4191.28,4276.92,4620.51,4340,1
4275.9,3998.46,4245.13,4090.77,4341.54,4622.05,4101.54,4626.67,4208.72,4227.18,4185.64,4270.77,4617.95,4334.87,1
4277.44,3998.46,4247.69,4091.79,4343.08,4618.46,4103.59,4625.64,4208.72,4223.59,4191.28,4277.95,4620.51,4342.56,1
4281.54,4003.59,4248.72,4096.92,4343.59,4615.9,4103.08,4621.03,4212.31,4227.18,4193.85,4284.1,4620.51,4349.74,1
4274.36,3997.44,4247.69,4094.87,4338.46,4618.46,4101.03,4620,4207.69,4225.13,4181.54,4280.51,4613.33,4340.51,1
4269.23,3989.23,4245.64,4088.72,4332.31,4618.46,4105.64,4626.67,4205.64,4218.46,4177.95,4276.41,4610.26,4333.85,1
4278.46,4001.03,4247.18,4089.74,4332.82,4615.38,4106.15,4627.18,4212.31,4220,4187.69,4281.03,4615.9,4342.56,1
4283.08,4010.77,4247.69,4091.79,4336.41,4613.33,4100.51,4625.64,4217.95,4228.21,4191.79,4281.54,4616.92,4340.51,1
4275.38,4002.05,4241.54,4088.72,4335.9,4614.87,4101.03,4630.26,4214.36,4227.69,4187.18,4271.28,4610.77,4330.26,1
4274.87,3997.95,4238.46,4089.74,4335.38,4618.46,4105.64,4634.87,4215.9,4227.18,4188.21,4272.82,4612.31,4335.38,1
4276.41,4002.56,4236.92,4091.79,4334.87,4622.56,4108.21,4634.36,4223.08,4232.31,4191.79,4281.03,4618.46,4339.49,1
4268.21,4002.56,4232.82,4085.13,4336.41,4622.56,4107.18,4629.23,4221.03,4230.77,4189.74,4277.44,4617.95,4331.28,1
4271.28,4005.64,4236.41,4085.64,4343.08,4620.51,4105.64,4626.67,4216.41,4227.18,4190.77,4274.87,4617.44,4333.85,1
4286.67,4015.38,4248.72,4101.03,4348.72,4621.03,4108.21,4630.26,4220,4232.31,4197.95,4281.54,4623.59,4345.64,1
4292.82,4016.92,4251.79,4108.72,4347.69,4619.49,4110.77,4633.85,4219.49,4238.46,4201.03,4286.67,4626.67,4345.13,1
4281.03,4007.69,4249.23,4098.46,4343.08,4617.95,4107.18,4633.33,4217.44,4232.82,4196.41,4281.54,4618.46,4335.9,1
4269.23,3997.95,4245.13,4084.1,4338.97,4619.49,4107.18,4634.87,4224.1,4229.74,4197.44,4273.33,4615.38,4333.85,1
4269.74,3996.92,4238.46,4081.54,4338.97,4622.56,4114.36,4638.46,4230.77,4234.87,4198.46,4272.82,4620.51,4336.92,1
4274.36,4004.1,4236.92,4085.64,4343.59,4627.18,4118.97,4632.82,4224.1,4237.44,4195.38,4274.36,4620.51,4335.9,1
4277.95,4014.36,4243.08,4092.82,4347.69,4630.26,4115.38,4624.62,4214.87,4235.9,4198.97,4274.36,4617.95,4337.44,1
4283.08,4020,4251.79,4101.54,4344.62,4627.18,4107.18,4624.1,4213.33,4231.79,4202.05,4281.54,4620.51,4345.64,1
4285.64,4014.36,4256.92,4101.03,4341.54,4624.1,4106.15,4627.18,4210.26,4227.18,4198.46,4288.72,4622.56,4350.26,1
4282.05,4010.26,4252.82,4094.36,4343.59,4628.21,4113.33,4631.28,4213.33,4231.79,4204.62,4289.74,4625.13,4348.72,1
4283.59,4017.44,4252.31,4097.95,4349.23,4628.21,4114.36,4633.85,4220.51,4242.56,4213.85,4292.82,4628.21,4350.26,1
4292.82,4027.18,4258.97,4109.74,4353.85,4627.69,4106.67,4632.82,4224.1,4242.05,4212.31,4292.82,4627.18,4352.31,1
4287.69,4024.1,4261.03,4109.74,4352.82,4630.77,4107.69,4635.38,4229.74,4237.95,4211.28,4287.69,4625.13,4347.69,1
4275.9,4014.36,4258.46,4103.08,4348.72,4631.79,4117.44,4643.08,4231.79,4240,4211.79,4289.74,4619.49,4343.59,1
4277.95,4014.36,4262.05,4104.1,4348.72,4632.82,4118.97,4643.59,4224.62,4244.62,4211.28,4296.92,4621.03,4348.72,1
4291.28,4022.56,4266.67,4107.18,4350.77,4631.28,4113.33,4640,4223.59,4249.23,4218.97,4297.95,4632.31,4356.41,1
4291.28,4026.15,4266.67,4105.13,4348.21,4628.21,4111.28,4643.08,4232.31,4248.21,4221.03,4297.44,4632.82,4354.36,1
4285.64,4021.03,4264.62,4102.56,4349.23,4628.21,4114.36,4641.03,4229.74,4243.59,4209.74,4296.41,4621.54,4348.72,1
4288.21,4017.95,4264.1,4106.67,4353.33,4632.82,4115.9,4631.79,4222.56,4240,4209.23,4295.38,4620,4349.23,1
4288.21,4020,4265.13,4109.23,4352.31,4634.87,4114.36,4630.26,4225.64,4240.51,4219.49,4294.87,4624.62,4350.26,1
4287.18,4020.51,4264.62,4107.18,4347.18,4629.23,4115.38,4633.33,4220.51,4238.97,4217.95,4295.38,4623.59,4350.77,1
4288.21,4016.92,4263.59,4105.64,4344.62,4619.49,4111.79,4628.72,4208.21,4233.33,4210.77,4295.9,4622.05,4354.87,1
4285.64,4014.87,4264.62,4104.1,4344.1,4614.36,4102.05,4617.95,4201.54,4228.21,4210.26,4293.33,4619.49,4351.79,1
4276.41,4013.33,4262.56,4096.92,4341.54,4617.44,4101.03,4614.36,4199.49,4224.1,4207.69,4287.69,4612.82,4341.54,1
4271.28,4010.26,4254.36,4092.82,4341.54,4624.62,4105.64,4622.05,4207.18,4221.54,4202.05,4283.08,4607.18,4338.46,1
4270.77,4012.31,4248.21,4097.44,4344.1,4625.64,4104.1,4634.36,4220.51,4223.59,4202.56,4283.59,4608.72,4338.97,1
4269.23,4013.33,4249.23,4097.95,4344.62,4621.03,4102.05,4637.44,4221.03,4231.79,4205.13,4284.1,4612.31,4334.87,1
4267.69,4011.79,4248.21,4093.85,4344.1,4620,4103.59,4629.74,4211.79,4233.33,4204.1,4280.51,4610.77,4339.49,1
4271.79,4017.95,4249.74,4098.97,4347.69,4624.1,4107.18,4626.15,4208.21,4228.21,4209.23,4282.05,4617.44,4348.72,1
4281.03,4026.67,4258.97,4107.18,4348.72,4626.67,4112.31,4632.82,4210.77,4232.82,4214.36,4289.23,4626.67,4347.18,1
4284.1,4025.64,4266.15,4108.21,4344.62,4625.13,4112.82,4636.92,4212.31,4235.38,4212.82,4293.33,4621.54,4344.1,1
4280.51,4022.56,4262.56,4108.21,4343.59,4620,4103.59,4628.21,4207.69,4228.72,4212.31,4287.69,4613.85,4343.59,1
4277.44,4023.08,4255.9,4108.21,4343.08,4613.33,4093.85,4617.44,4207.18,4228.21,4208.72,4278.97,4614.87,4338.97,1
4277.95,4023.59,4256.41,4105.13,4341.03,4610.26,4091.79,4616.41,4209.74,4231.79,4204.1,4280,4612.82,4337.44,1
4281.03,4023.59,4262.56,4106.15,4344.62,4614.36,4098.46,4622.56,4210.77,4228.21,4206.67,4287.69,4609.23,4344.62,1
4284.62,4023.59,4270.26,4108.21,4347.69,4622.56,4107.69,4631.79,4217.95,4227.69,4213.85,4294.87,4612.82,4349.23,1
4281.03,4019.49,4269.74,4108.21,4343.08,4628.21,4112.82,4637.44,4222.05,4231.79,4212.82,4296.92,4613.85,4344.1,1
4274.87,4011.79,4264.62,4107.69,4338.46,4628.72,4114.36,4633.33,4209.74,4225.64,4206.67,4291.28,4608.72,4338.97,1
4271.79,4007.69,4262.56,4101.54,4335.9,4630.26,4116.92,4626.67,4196.41,4215.9,4203.08,4284.62,4601.54,4338.46,1
4268.21,4009.23,4259.49,4097.95,4335.38,4632.31,4115.38,4626.15,4201.54,4217.95,4204.62,4285.64,4600.51,4336.92,1
4265.13,4010.77,4255.9,4102.56,4341.03,4632.31,4110.26,4627.69,4206.15,4224.1,4208.72,4289.23,4610.77,4335.38,1
4270.77,4017.44,4258.97,4106.15,4347.69,4628.72,4109.74,4625.64,4206.15,4224.1,4209.74,4286.15,4617.95,4342.05,1
4282.56,4029.74,4265.13,4109.23,4350.77,4622.56,4109.23,4627.69,4222.05,4236.41,4214.36,4286.15,4620,4351.79,1
4287.69,4034.36,4264.1,4119.49,4356.41,4622.05,4109.74,4638.97,4235.9,4250.77,4221.54,4291.28,4624.1,4351.28,1
4283.08,4028.72,4262.56,4122.05,4357.95,4628.72,4117.44,4642.56,4223.08,4244.1,4225.13,4290.26,4626.15,4347.18,1
4280.51,4026.15,4264.62,4113.33,4350.26,4630.26,4116.92,4628.21,4205.13,4230.77,4221.03,4289.74,4620,4347.69,1
4282.56,4025.64,4263.59,4111.79,4346.15,4626.15,4108.21,4616.41,4206.67,4229.23,4214.87,4293.85,4616.92,4350.77,1
4284.62,4025.64,4263.59,4118.97,4352.31,4629.23,4107.18,4617.44,4206.67,4230.26,4214.87,4293.33,4623.59,4354.36,1
4284.1,4027.69,4264.62,4121.54,4351.28,4634.36,4113.85,4618.97,4200,4224.62,4214.87,4286.67,4621.54,4349.23,1
4281.03,4023.59,4262.05,4116.41,4344.62,4626.67,4114.87,4622.56,4205.13,4217.95,4210.26,4283.59,4607.69,4341.54,1
4283.08,4024.1,4266.15,4115.38,4349.74,4618.46,4109.74,4627.69,4215.38,4222.05,4211.79,4288.72,4607.18,4348.21,1
4289.74,4034.36,4273.33,4121.54,4353.33,4621.03,4108.21,4627.69,4212.82,4229.23,4218.97,4295.9,4620.51,4360,1
4291.28,4034.36,4272.82,4124.62,4347.18,4623.08,4108.72,4624.62,4208.72,4227.18,4221.03,4301.03,4623.08,4360,1
4292.31,4028.21,4274.36,4122.56,4345.64,4621.03,4106.15,4624.1,4212.31,4230.26,4220,4300,4620,4357.95,1
4293.85,4030.77,4278.46,4122.05,4350.77,4622.05,4104.62,4624.62,4212.82,4237.95,4223.59,4299.49,4623.59,4358.97,1
4288.72,4030.26,4273.33,4122.56,4348.21,4624.62,4105.64,4620.51,4203.08,4230.77,4223.08,4299.49,4623.59,4353.85,1
4282.05,4022.56,4261.54,4120,4347.18,4626.67,4105.64,4614.87,4194.87,4219.49,4214.87,4290.26,4616.92,4345.64,1
4282.56,4022.56,4254.36,4117.95,4352.31,4630.26,4105.13,4616.92,4201.03,4222.05,4208.21,4281.54,4612.31,4341.03,1
4286.67,4027.69,4255.9,4116.92,4349.74,4628.21,4107.69,4625.64,4213.85,4228.21,4211.79,4280,4611.79,4342.05,1
4287.69,4027.69,4259.49,4112.82,4345.64,4621.03,4109.23,4627.18,4214.36,4230.77,4218.97,4284.62,4615.38,4347.69,1
4285.13,4025.64,4259.49,4109.74,4346.15,4621.54,4112.31,4625.64,4209.74,4231.79,4221.03,4293.33,4620.51,4352.82,1
4286.15,4027.18,4261.03,4110.77,4348.21,4628.72,4120,4628.21,4214.36,4233.33,4220.51,4297.95,4620,4353.85,1
4290.26,4030.77,4258.46,4111.79,4348.72,4629.74,4117.44,4622.56,4214.87,4235.38,4218.97,4290.26,4620,4349.23,1
4285.64,4028.21,4247.18,4108.72,4350.77,4620.51,4097.95,4608.21,4200.51,4231.28,4211.28,4275.38,4617.44,4342.05,1
4278.97,4024.62,4241.03,4105.13,4352.31,4616.41,4089.23,4605.64,4198.46,4224.1,4206.15,4270.26,4610.77,4340,1
4283.59,4026.67,4247.69,4105.64,4349.74,4617.95,4097.44,4618.97,4215.38,4223.59,4213.85,4279.49,4611.28,4346.67,1
4288.21,4026.15,4249.74,4106.15,4346.15,4615.38,4097.44,4624.1,4216.92,4227.18,4220,4285.64,4617.95,4350.77,1
4283.08,4022.05,4246.15,4104.1,4344.62,4614.36,4093.33,4612.31,4200,4223.59,4211.79,4277.44,4615.38,4345.13,1
4283.59,4024.1,4247.18,4105.64,4345.64,4617.95,4101.03,4606.67,4202.56,4222.05,4209.74,4271.79,4611.28,4342.56,1
4289.74,4026.67,4248.72,4108.21,4345.64,4617.95,4105.13,4612.82,4216.92,4230.77,4217.95,4278.46,4615.9,4345.64,1
4287.69,4023.08,4248.21,4106.15,4349.23,4615.38,4102.05,4614.36,4208.72,4229.74,4221.54,4285.64,4619.49,4351.28,1
4287.69,4024.62,4252.31,4106.15,4351.28,4618.46,4106.15,4614.87,4201.03,4222.56,4224.1,4289.23,4622.56,4357.95,1
4294.36,4025.64,4256.41,4104.62,4347.18,4621.03,4110.77,4626.15,4222.05,4230.77,4229.23,4292.82,4625.13,4360,1
4286.67,4012.82,4250.26,4093.33,4342.56,4617.95,4106.15,4629.23,4231.79,4241.54,4225.64,4287.69,4616.92,4348.72,1
4277.95,4009.23,4245.13,4092.82,4345.13,4616.41,4102.56,4618.46,4212.82,4233.33,4211.28,4275.9,4605.13,4340.51,1
4291.79,4027.69,4249.23,4105.64,4350.26,4617.44,4102.56,4616.41,4204.1,4222.56,4205.64,4274.36,4606.67,4352.31,1
4305.13,4035.9,4250.77,4106.67,4345.13,4620,4103.59,4618.46,4210.77,4223.59,4211.28,4282.05,4613.85,4364.1,1
4308.72,4028.21,4253.33,4098.97,4339.49,4624.1,4108.72,4619.49,4212.31,4229.23,4216.41,4286.15,4620.51,4370.77,1
4324.1,4036.92,4261.03,4104.1,4346.67,4626.15,4112.82,4624.1,4217.95,4233.85,4225.13,4290.77,4633.85,4382.05,1
4335.38,4051.79,4265.64,4112.31,4352.82,4627.69,4111.79,4630.26,4227.69,4233.85,4229.74,4295.9,4638.97,4390.77,1
4330.26,4047.18,4264.62,4110.77,4350.77,4631.79,4110.26,4628.21,4221.03,4228.21,4223.59,4293.33,4630.77,4389.23,1
4328.72,4042.56,4264.1,4108.72,4350.26,4629.74,4108.21,4620.51,4209.74,4223.08,4222.05,4294.36,4628.72,4387.18,1
4332.82,4046.67,4265.13,4111.28,4348.72,4621.03,4105.64,4616.41,4210.77,4227.69,4227.69,4299.49,4632.31,4386.67,1
4326.67,4043.59,4264.1,4109.74,4342.05,4618.46,4104.62,4614.87,4213.85,4234.87,4228.72,4292.31,4632.82,4382.05,1
4317.44,4036.41,4260.51,4104.1,4341.03,4619.49,4105.13,4617.95,4210.77,4233.85,4225.13,4285.13,4634.87,4381.03,1
4317.44,4039.49,4258.97,4105.13,4345.13,4617.95,4104.1,4624.62,4212.31,4229.23,4225.64,4287.18,4634.36,4381.54,1
4322.56,4044.62,4262.56,4110.77,4344.62,4623.08,4103.59,4628.21,4215.38,4229.74,4221.54,4290.26,4626.67,4381.03,1
4324.62,4042.05,4265.64,4110.26,4344.1,4632.31,4110.26,4626.15,4213.85,4228.21,4216.41,4291.79,4622.56,4380.51,1
4323.08,4038.97,4263.08,4105.64,4346.15,4631.28,4113.33,4620.51,4211.28,4221.03,4218.46,4294.87,4624.1,4383.08,1
4318.97,4035.38,4258.46,4101.54,4344.62,4625.64,4107.69,4622.05,4215.9,4224.62,4223.59,4293.85,4624.62,4381.54,1
4316.92,4032.31,4259.49,4101.54,4345.64,4629.74,4104.62,4631.28,4231.79,4240,4225.13,4290.26,4626.67,4380.51,1
4324.62,4041.03,4265.13,4109.23,4350.77,4631.79,4105.64,4633.85,4238.46,4247.69,4228.21,4295.9,4631.28,4389.23,1
4330.26,4047.69,4265.64,4112.82,4349.74,4625.13,4106.15,4626.67,4224.62,4244.62,4232.31,4299.49,4635.38,4394.87,1
4326.67,4045.13,4263.08,4107.69,4344.62,4622.05,4103.59,4619.49,4212.82,4240,4230.77,4295.9,4636.41,4389.74,1
4326.15,4043.59,4267.18,4108.72,4345.13,4626.15,4103.59,4615.38,4211.79,4234.87,4225.13,4292.31,4632.82,4385.13,1
4329.23,4042.56,4269.23,4110.26,4346.15,4631.79,4109.74,4616.41,4213.85,4227.69,4220.51,4288.21,4627.69,4383.59,1
4326.67,4040,4269.23,4110.77,4348.72,4633.33,4116.41,4623.08,4212.31,4225.64,4218.46,4286.67,4623.59,4381.03,1
4326.67,4047.69,4270.77,4114.87,4353.85,4631.79,4113.33,4627.18,4212.82,4228.21,4219.49,4292.31,4622.56,4382.05,1
4331.28,4051.28,4269.23,4114.36,4352.31,4630.77,4105.13,4627.69,4213.33,4226.67,4222.05,4295.38,4622.56,4384.62,1
4328.72,4044.62,4264.1,4109.74,4346.67,4630.77,4105.64,4628.72,4213.85,4222.05,4222.56,4290.77,4622.56,4382.56,1
4325.13,4045.13,4263.59,4111.79,4345.13,4629.23,4109.74,4628.72,4216.92,4225.13,4219.49,4291.28,4623.59,4381.54,1
4329.23,4049.74,4265.64,4117.95,4343.59,4628.72,4106.15,4623.59,4220.51,4233.85,4221.54,4296.41,4628.21,4384.62,1
4331.79,4051.28,4263.08,4117.44,4346.15,4629.23,4100,4622.05,4218.46,4237.44,4229.74,4297.44,4635.9,4391.28,1
4331.79,4053.33,4263.59,4116.92,4349.23,4630.26,4106.67,4627.18,4219.49,4243.59,4236.41,4301.03,4640.51,4394.36,1
4331.28,4051.79,4267.69,4115.38,4344.1,4633.33,4117.95,4630.77,4225.64,4250.26,4233.33,4300,4638.46,4386.67,1
4326.15,4047.69,4265.64,4112.31,4341.03,4633.85,4117.44,4628.72,4220.51,4243.59,4226.15,4293.85,4631.28,4379.49,1
4326.15,4049.74,4266.15,4115.9,4342.56,4633.33,4113.33,4629.23,4215.38,4232.82,4224.62,4295.38,4629.23,4383.59,1
4331.79,4054.36,4271.79,4122.05,4345.64,4634.87,4117.44,4630.26,4224.1,4237.44,4228.72,4299.49,4634.36,4388.72,1
4329.74,4057.44,4271.28,4124.1,4361.03,4641.03,4120,4633.85,4233.33,4246.67,4234.87,4297.95,4639.49,4387.69,1
4327.69,4061.54,4269.74,4124.62,4378.46,4648.21,4121.54,4643.08,4240,4249.74,4237.95,4300.51,4642.05,4391.79,1
4337.44,4064.1,4278.46,4127.18,4369.74,4646.15,4127.18,4648.21,4244.62,4255.9,4241.03,4309.74,4646.15,4402.05,1
4339.49,4059.49,4283.59,4127.18,4351.28,4636.92,4127.69,4639.49,4230.26,4254.87,4241.54,4312.31,4644.62,4401.54,1
4330.26,4051.28,4275.38,4120.51,4346.67,4630.77,4121.54,4626.15,4210.26,4241.54,4233.33,4307.18,4632.82,4387.18,1
4328.21,4050.77,4275.9,4120.51,4348.21,4630.26,4115.9,4623.59,4215.9,4237.44,4229.23,4301.03,4631.79,4382.56,1
4333.33,4055.9,4277.44,4122.56,4352.31,4634.36,4113.85,4627.18,4223.59,4244.62,4234.87,4298.97,4638.97,4389.23,1
4330.77,4053.33,4265.64,4118.97,4358.46,4641.03,4115.9,4628.72,4217.95,4242.56,4236.41,4300.51,4639.49,4390.26,1
4328.72,4051.79,4265.64,4118.46,4357.44,4641.54,4113.33,4630.26,4225.64,4244.62,4236.41,4303.59,4641.54,4391.28,1
4335.9,4058.46,4279.49,4125.64,4350.26,4632.31,4103.08,4634.87,4242.56,4260,4244.1,4307.69,4650.26,4397.95,1
4337.44,4055.38,4281.03,4124.1,4346.67,4627.69,4101.54,4641.03,4239.49,4257.95,4242.56,4306.67,4648.72,4395.38,1
4332.82,4046.15,4274.36,4115.38,4346.67,4630.26,4108.72,4640,4223.59,4243.08,4230.26,4300.51,4636.92,4388.72,1
4331.28,4048.72,4276.41,4116.41,4349.23,4631.79,4112.82,4637.44,4225.13,4241.03,4228.21,4297.44,4633.33,4388.72,1
4328.21,4052.31,4278.97,4122.56,4349.23,4631.79,4115.9,4638.46,4232.82,4243.59,4232.82,4300.51,4635.9,4385.13,1
4324.1,4045.13,4274.36,4122.05,4347.69,4632.31,4114.36,4630.77,4222.56,4238.97,4227.18,4297.95,4631.28,4376.92,1
4322.05,4041.54,4271.79,4115.9,4344.1,4629.23,4108.21,4616.92,4203.59,4229.23,4216.92,4289.74,4620.51,4374.36,1
4321.03,4043.59,4273.85,4114.36,4338.46,4622.56,4107.69,4612.82,4200.51,4221.54,4216.41,4292.31,4616.41,4381.03,1
4324.62,4044.1,4278.97,4121.03,4339.49,4620.51,4108.21,4614.36,4207.18,4222.05,4222.56,4303.08,4624.62,4387.18,1
4326.15,4044.1,4282.56,4123.59,4344.1,4618.97,4103.08,4616.92,4208.21,4231.28,4222.56,4304.1,4626.67,4380,1
4319.49,4040,4276.92,4116.41,4344.62,4616.92,4100,4625.64,4212.82,4233.33,4218.97,4296.92,4618.46,4368.72,1
4316.92,4035.9,4264.1,4109.74,4344.1,4621.03,4105.13,4634.36,4224.1,4230.77,4222.05,4294.36,4617.44,4372.31,1
4321.54,4041.03,4263.59,4114.36,4351.79,4629.74,4109.74,4637.44,4229.74,4240.51,4230.26,4299.49,4627.18,4383.59,1
4321.03,4050.26,4273.33,4120,4352.82,4632.82,4108.21,4634.87,4221.54,4249.74,4233.33,4302.56,4634.87,4382.05,1
4320,4050.77,4271.28,4120.51,4347.69,4626.15,4103.59,4626.15,4208.72,4242.56,4232.31,4299.49,4634.36,4378.46,1
4326.15,4048.21,4264.62,4121.03,4351.79,4622.05,4101.54,4618.97,4208.72,4234.36,4233.33,4298.97,4632.82,4383.59,1
4329.74,4050.26,4267.69,4122.56,4352.82,4621.54,4104.1,4620.51,4220.51,4240.51,4235.9,4303.08,4636.41,4387.18,1
4329.23,4049.74,4270.77,4121.54,4349.74,4621.03,4103.59,4628.72,4231.79,4250.77,4234.87,4303.59,4637.95,4385.13,1
4328.21,4046.67,4267.69,4120,4349.74,4621.03,4103.59,4636.41,4234.87,4251.79,4236.41,4300.51,4634.87,4381.03,1
4324.1,4046.67,4264.1,4122.56,4349.74,4625.64,4109.74,4632.82,4226.15,4248.21,4236.41,4297.95,4630.26,4375.9,1
4314.36,4042.05,4264.62,4118.46,4341.54,4626.15,4112.31,4622.56,4207.18,4237.44,4227.18,4293.33,4624.62,4368.21,1
4308.72,4035.38,4261.54,4111.28,4340,4622.56,4108.72,4626.15,4207.69,4227.69,4218.46,4289.74,4620,4365.13,1
4309.74,4036.41,4252.82,4111.28,4347.69,4626.67,4108.21,4638.46,4224.62,4232.82,4220,4289.74,4621.54,4367.18,1
4308.21,4038.97,4251.79,4114.87,4347.69,4627.69,4107.18,4633.33,4219.49,4235.38,4221.03,4287.18,4618.46,4366.15,1
4307.69,4038.97,4262.05,4117.95,4346.67,4620,4104.62,4619.49,4209.74,4229.74,4217.44,4287.18,4613.85,4367.69,1
4314.36,4042.05,4265.13,4121.03,4353.33,4618.46,4109.23,4622.56,4220,4233.85,4223.08,4293.85,4620,4373.33,1
4320,4046.15,4265.64,4124.1,4359.49,4624.62,4115.38,4631.79,4225.13,4245.13,4229.74,4297.44,4629.74,4378.97,1
4317.95,4049.74,4272.82,4126.15,4361.03,4630.26,4113.33,4629.74,4222.56,4246.15,4228.21,4296.41,4633.33,4382.05,1
4318.46,4051.79,4271.79,4125.13,4363.08,4632.31,4109.74,4627.69,4229.74,4246.15,4226.67,4295.9,4633.33,4381.03,1
4321.03,4050.26,4263.08,4122.56,4362.56,4633.33,4112.31,4630.77,4232.82,4246.15,4227.18,4297.95,4627.69,4375.38,1
4318.46,4047.18,4262.05,4121.54,4360,4633.33,4113.85,4633.85,4232.82,4240.51,4222.56,4300,4621.54,4373.85,1
4315.9,4043.08,4264.62,4122.56,4356.92,4632.82,4110.77,4642.05,4240.51,4242.05,4221.03,4298.46,4622.05,4373.33,1
4315.38,4041.03,4263.59,4123.08,4351.28,4635.38,4108.21,4645.13,4236.92,4242.05,4223.08,4292.31,4621.54,4368.21,1
4312.82,4044.1,4264.1,4122.56,4353.85,4635.38,4111.79,4637.44,4229.23,4241.03,4225.64,4288.21,4624.62,4373.85,1
4314.36,4048.21,4265.64,4121.54,4361.54,4632.31,4117.44,4633.85,4229.23,4250.26,4235.9,4295.9,4637.44,4383.08,1
4322.56,4047.69,4266.15,4120,4360.51,4633.33,4115.38,4630.26,4222.05,4252.31,4241.54,4300.51,4642.56,4378.97,1
4324.1,4048.21,4266.67,4126.15,4358.46,4633.85,4108.72,4624.1,4218.46,4242.56,4230.77,4293.33,4631.79,4374.36,1
4322.56,4052.82,4267.18,4134.87,4360.51,4631.79,4105.13,4628.21,4232.31,4241.03,4227.18,4290.26,4627.18,4378.97,1
4326.15,4051.79,4266.67,4133.33,4357.95,4632.82,4106.67,4638.46,4236.41,4248.21,4232.31,4293.85,4632.82,4381.03,1
4327.69,4043.59,4266.67,4123.08,4354.87,4634.36,4110.26,4634.36,4226.15,4242.56,4228.21,4293.33,4632.82,4380,1
4331.79,4047.18,4275.38,4125.13,4358.97,4628.21,4107.18,4623.08,4220.51,4235.9,4229.23,4296.92,4632.31,4386.67,1
4340.51,4058.97,4282.56,4137.95,4357.95,4625.13,4100.51,4619.49,4216.92,4240,4235.38,4304.1,4636.92,4388.21,1
4335.9,4053.85,4273.33,4136.41,4354.87,4629.74,4103.59,4623.59,4214.87,4241.54,4227.69,4295.38,4633.85,4378.46,1
4317.44,4039.49,4261.03,4125.64,4357.95,4633.33,4111.79,4627.69,4219.49,4234.87,4217.95,4280.51,4622.05,4369.23,1
4311.79,4041.03,4260.51,4128.21,4357.44,4631.28,4110.26,4629.23,4227.69,4234.36,4217.95,4279.49,4618.46,4367.18,1
4323.59,4054.36,4265.64,4138.97,4356.92,4626.67,4104.1,4629.23,4233.33,4249.23,4223.08,4287.69,4626.67,4373.85,1
4328.72,4058.46,4272.31,4141.03,4360.51,4629.23,4107.69,4631.28,4227.69,4252.31,4227.69,4296.92,4629.74,4380,1
4327.69,4053.85,4280.51,4137.95,4361.54,4630.77,4110.77,4629.74,4217.44,4236.41,4228.21,4301.54,4625.13,4381.03,1
4331.79,4054.36,4283.59,4138.97,4358.97,4621.03,4104.1,4623.08,4217.44,4231.79,4229.74,4302.56,4629.74,4384.1,1
4327.69,4051.28,4276.92,4135.9,4354.36,4617.95,4103.59,4621.54,4218.46,4236.92,4230.77,4299.49,4633.85,4378.97,1
4316.92,4039.49,4266.67,4125.13,4350.26,4626.15,4112.82,4626.67,4219.49,4233.33,4221.54,4292.82,4621.54,4363.59,1
4309.74,4029.74,4262.05,4117.44,4345.13,4627.69,4110.26,4629.74,4226.67,4225.64,4209.23,4287.69,4607.69,4354.87,1
4305.64,4030.77,4262.05,4120,4343.59,4625.64,4105.13,4626.67,4223.08,4226.67,4208.21,4284.62,4607.18,4357.44,1
4309.23,4037.44,4267.69,4125.13,4350.26,4628.21,4112.31,4621.03,4214.36,4231.79,4220.51,4291.28,4618.46,4370.26,1
4322.05,4038.97,4276.41,4126.15,4354.36,4623.08,4113.33,4621.03,4221.03,4238.46,4229.74,4305.13,4631.79,4382.05,1
4324.1,4037.95,4276.41,4125.64,4350.26,4613.85,4106.15,4627.18,4224.1,4242.05,4229.74,4304.62,4632.82,4376.92,1
4314.36,4040,4266.15,4125.13,4353.33,4616.92,4107.18,4627.69,4213.33,4237.44,4226.67,4292.82,4625.64,4365.13,1
4312.82,4041.54,4254.87,4122.05,4361.03,4624.1,4113.33,4617.95,4206.15,4231.79,4223.08,4285.64,4623.59,4363.08,1
4313.85,4037.44,4246.67,4116.92,4357.44,4625.13,4110.26,4615.38,4210.77,4225.64,4219.49,4278.97,4621.54,4359.49,1
4307.18,4035.9,4243.59,4115.38,4354.36,4626.67,4106.67,4620,4220,4225.13,4213.85,4269.74,4616.41,4352.31,1
4304.1,4037.44,4245.13,4115.38,4355.9,4630.77,4111.79,4623.08,4229.74,4235.38,4212.82,4271.28,4615.9,4354.87,1
4309.23,4036.41,4247.69,4113.33,4350.77,4630.26,4116.92,4628.72,4232.31,4245.13,4220.51,4281.03,4620.51,4361.54,1
4315.9,4037.44,4255.9,4116.92,4346.15,4624.1,4113.33,4631.28,4227.18,4245.64,4228.72,4288.21,4625.13,4369.23,1
4323.08,4041.03,4265.64,4123.08,4346.15,4615.38,4104.1,4626.67,4229.23,4244.62,4232.82,4293.85,4628.21,4378.46,1
4327.69,4043.59,4265.64,4123.08,4350.26,4615.38,4103.59,4622.56,4227.69,4246.15,4236.92,4298.46,4632.31,4381.03,1
4328.21,4048.72,4263.59,4122.56,4356.41,4622.56,4109.23,4619.49,4215.9,4246.67,4240,4300.51,4636.92,4379.49,1
4329.74,4053.33,4264.1,4125.64,4360,4629.74,4113.85,4617.95,4212.82,4248.21,4236.41,4302.05,4636.92,4378.46,1
4326.15,4049.23,4265.13,4122.05,4356.92,4631.79,4117.44,4623.59,4220.51,4246.15,4232.82,4298.97,4632.82,4374.87,1
4318.46,4040.51,4263.59,4115.9,4355.38,4630.77,4117.95,4625.13,4222.56,4242.05,4231.79,4293.33,4629.74,4370.77,1
4319.49,4039.49,4261.54,4118.97,4355.9,4629.74,4115.38,4616.92,4214.36,4240.51,4231.79,4291.28,4628.72,4369.74,1
4319.49,4041.54,4261.03,4121.54,4352.31,4628.72,4114.87,4616.92,4210.77,4233.85,4227.69,4288.72,4625.64,4367.18,1
4315.38,4041.54,4263.08,4117.95,4353.85,4627.69,4114.87,4626.67,4223.08,4234.36,4226.67,4289.74,4626.15,4366.15,1
4315.38,4041.54,4262.56,4117.95,4357.44,4628.72,4115.9,4633.33,4236.41,4249.23,4235.38,4293.33,4631.79,4368.72,1
4314.87,4037.95,4261.03,4120.51,4353.85,4632.82,4120,4634.87,4228.21,4249.23,4234.36,4290.77,4627.69,4369.23,1
4314.87,4038.46,4261.54,4119.49,4354.36,4635.38,4117.44,4627.69,4215.38,4239.49,4230.26,4286.15,4626.67,4371.28,1
4323.59,4050.77,4265.13,4122.05,4365.64,4632.82,4109.23,4620,4224.62,4252.31,4238.46,4292.31,4641.54,4380,1
4328.21,4055.9,4267.18,4125.64,4370.77,4631.28,4109.23,4625.13,4235.9,4265.64,4246.67,4300,4649.23,4382.05,1
4321.54,4044.1,4264.62,4122.56,4361.54,4633.33,4116.92,4633.33,4230.26,4253.85,4239.49,4294.36,4636.92,4371.28,1
4317.95,4040.51,4264.1,4120,4356.92,4632.31,4118.46,4631.28,4222.05,4241.54,4229.23,4286.67,4625.64,4368.72,1
4320,4042.05,4267.18,4125.13,4358.97,4627.69,4114.36,4625.64,4217.44,4241.03,4227.69,4291.28,4626.67,4373.33,1
4315.38,4033.33,4266.67,4121.54,4352.82,4625.13,4114.36,4623.59,4216.41,4243.08,4226.67,4293.33,4624.62,4365.64,1
4308.72,4027.18,4262.05,4110.77,4345.13,4625.64,4117.95,4623.08,4214.87,4240,4224.1,4285.64,4620,4358.46,1
4310.26,4032.31,4264.1,4115.38,4349.74,4628.21,4119.49,4620.51,4209.23,4232.31,4223.08,4284.62,4619.49,4363.08,1
4313.85,4035.38,4266.15,4120,4357.44,4632.31,4121.03,4620,4207.18,4229.23,4223.59,4288.72,4620.51,4364.1,1
4312.31,4031.28,4260.51,4111.28,4356.92,4632.31,4120,4624.62,4215.9,4232.31,4222.56,4286.15,4620.51,4360.51,1
4313.85,4033.85,4259.49,4111.79,4357.44,4626.67,4116.92,4628.72,4226.15,4238.46,4224.1,4287.69,4624.1,4364.62,1
4320.51,4045.13,4264.1,4125.13,4363.59,4628.21,4116.41,4628.21,4228.21,4248.21,4233.85,4295.9,4633.33,4374.36,1
4322.56,4049.23,4264.62,4127.69,4365.13,4634.87,4121.03,4625.64,4221.54,4250.77,4236.92,4298.97,4638.46,4376.92,1
4320,4042.56,4262.56,4121.54,4359.49,4634.36,4125.13,4622.56,4217.44,4246.15,4230.26,4296.92,4635.38,4371.79,1
4317.95,4038.97,4264.1,4121.54,4359.49,4632.31,4121.03,4621.03,4223.08,4248.21,4226.67,4296.41,4632.82,4370.77,1
4321.54,4043.59,4270.26,4124.1,4365.13,4635.9,4120.51,4626.67,4231.79,4255.38,4233.85,4297.95,4635.38,4374.36,1
4326.15,4044.62,4272.31,4124.1,4366.15,4638.46,4128.21,4634.36,4235.38,4255.38,4240.51,4302.56,4639.49,4377.44,1
4326.15,4045.64,4270.77,4123.08,4366.15,4641.54,4131.79,4636.41,4234.36,4256.41,4242.05,4304.62,4642.56,4378.46,1
4321.54,4049.23,4269.23,4123.59,4368.72,4644.62,4130.77,4632.31,4228.21,4255.38,4238.97,4302.56,4641.03,4375.9,1
4315.38,4042.56,4266.15,4121.54,4365.13,4640.51,4127.69,4625.13,4219.49,4241.03,4231.28,4298.97,4630.26,4368.72,1
4314.36,4035.38,4264.1,4118.97,4354.87,4633.33,4121.54,4621.54,4214.36,4233.33,4228.21,4293.85,4626.67,4368.21,1
4317.44,4037.95,4267.69,4122.05,4351.79,4631.28,4119.49,4623.08,4216.92,4240.51,4228.21,4293.33,4632.82,4373.85,1
4315.9,4034.87,4267.18,4121.54,4352.82,4629.74,4120.51,4620,4212.31,4237.95,4224.1,4290.77,4626.15,4366.67,1
4311.28,4027.69,4260,4118.46,4351.28,4625.13,4112.31,4616.92,4212.31,4230.26,4219.49,4287.18,4615.38,4363.08,1
4316.41,4035.38,4267.69,4122.05,4353.33,4625.13,4105.64,4621.54,4228.21,4243.59,4225.13,4294.36,4623.08,4374.87,1
4324.62,4044.1,4280.51,4125.64,4354.87,4629.23,4112.82,4628.21,4230.77,4252.31,4229.23,4298.97,4629.23,4376.92,1
4322.56,4037.95,4277.95,4120.51,4349.23,4630.77,4118.97,4631.28,4220,4236.92,4224.1,4291.28,4619.49,4365.64,1
4312.82,4027.18,4266.67,4113.33,4342.05,4629.23,4114.87,4628.21,4219.49,4229.74,4217.44,4288.21,4611.28,4360.51,1
4309.23,4026.15,4263.59,4109.74,4343.59,4627.69,4113.85,4622.05,4221.54,4236.92,4216.92,4291.28,4612.82,4366.67,1
4316.92,4032.82,4268.72,4109.23,4348.72,4629.74,4118.46,4618.97,4216.41,4239.49,4223.59,4290.26,4621.54,4369.74,1
4314.36,4030.26,4267.69,4110.26,4345.13,4631.79,4121.54,4619.49,4215.38,4236.92,4220,4287.18,4618.97,4360,1
4301.54,4021.54,4261.54,4107.18,4341.03,4629.74,4120.51,4623.59,4225.13,4240,4211.28,4283.59,4609.74,4354.36,1
4304.62,4026.67,4262.56,4108.21,4345.64,4629.74,4118.97,4625.13,4234.36,4247.18,4219.49,4286.15,4616.92,4364.62,1
4317.44,4041.03,4269.23,4117.95,4352.82,4630.77,4121.54,4623.08,4229.74,4249.74,4233.33,4297.95,4629.74,4375.38,1
4318.46,4045.64,4268.21,4124.62,4351.79,4626.15,4120.51,4618.46,4218.97,4242.05,4227.18,4296.92,4627.69,4371.79,1
4315.9,4042.56,4264.1,4123.08,4345.13,4618.46,4111.79,4620,4221.54,4237.95,4218.46,4286.67,4621.03,4366.15,1
4320,4042.56,4266.67,4122.56,4346.67,4616.41,4109.23,4619.49,4223.08,4246.67,4225.64,4289.74,4627.18,4369.74,1
4318.46,4042.05,4268.21,4123.08,4350.77,4619.49,4112.82,4607.69,4205.64,4246.15,4231.79,4297.95,4635.9,4372.31,1
4317.44,4040.51,4272.31,4122.56,4348.72,4623.59,4113.85,4604.1,4193.33,4231.28,4226.15,4298.46,4632.82,4371.79,1
4324.1,4043.59,4277.95,4124.1,4347.69,4627.69,4115.38,4611.79,4200.51,4226.67,4216.92,4294.36,4623.59,4371.79,1
4324.1,4044.1,4271.28,4122.56,4349.23,4627.18,4117.95,4613.85,4213.33,4232.82,4213.33,4291.28,4620.51,4369.74,1
4317.44,4040,4262.05,4120,4347.69,4625.64,4118.46,4610.26,4212.31,4230.26,4214.36,4292.31,4621.54,4367.18,1
4321.54,4043.08,4270.77,4121.54,4347.69,4622.05,4112.82,4612.31,4211.79,4229.74,4221.54,4298.46,4626.67,4376.92,1
4332.31,4048.21,4283.59,4123.59,4350.77,4614.87,4105.13,4615.38,4216.92,4240.51,4229.23,4302.05,4635.9,4386.67,1
4326.67,4043.59,4276.41,4123.59,4350.26,4612.82,4101.03,4610.77,4211.79,4243.08,4226.67,4295.9,4639.49,4380,1
4315.38,4038.46,4266.67,4124.1,4350.26,4615.9,4103.08,4606.15,4206.67,4240,4222.05,4292.31,4632.31,4374.87,1
4317.95,4040,4270.26,4123.59,4349.23,4617.95,4105.64,4610.26,4214.36,4243.59,4223.59,4294.87,4627.18,4377.95,1
4320,4038.46,4271.79,4122.05,4345.13,4621.03,4104.1,4613.85,4208.72,4240.51,4225.13,4292.82,4627.69,4373.33,1
4312.82,4033.33,4264.1,4121.03,4343.59,4623.08,4104.1,4605.64,4192.82,4228.21,4216.92,4286.15,4624.62,4363.59,1
4309.74,4031.28,4262.56,4120,4347.18,4621.54,4104.62,4601.03,4202.05,4228.21,4209.23,4286.15,4619.49,4362.05,1
4316.92,4035.38,4272.31,4122.56,4347.18,4617.95,4105.64,4609.74,4216.92,4236.41,4212.31,4293.33,4622.56,4370.26,1
4321.54,4039.49,4278.97,4126.15,4343.59,4614.87,4105.64,4611.79,4210.26,4232.31,4220.51,4295.38,4628.21,4375.38,1
4320.51,4038.97,4277.95,4125.13,4343.59,4612.31,4102.56,4609.23,4206.67,4228.72,4223.08,4296.41,4627.69,4374.87,1
4320.51,4036.92,4276.92,4122.05,4346.67,4613.85,4101.03,4615.38,4213.33,4234.87,4222.05,4299.49,4629.23,4374.87,1
4320.51,4035.9,4275.9,4122.05,4347.18,4615.38,4104.1,4615.38,4210.77,4237.44,4225.64,4300.51,4633.33,4377.95,1
4322.56,4037.44,4271.28,4123.59,4348.72,4617.44,4105.64,4607.18,4207.69,4233.85,4226.15,4297.95,4630.26,4377.44,1
4321.54,4040.51,4266.15,4123.59,4352.31,4624.1,4106.15,4608.21,4209.23,4230.26,4219.49,4292.82,4623.08,4370.77,1
4318.46,4039.49,4266.15,4124.62,4351.28,4624.62,4104.62,4611.79,4204.1,4224.62,4211.28,4288.21,4621.54,4368.21,1
4317.95,4036.92,4266.67,4124.62,4347.69,4617.44,4103.59,4609.74,4207.18,4222.56,4209.74,4287.18,4622.05,4367.69,1
4316.41,4032.31,4265.64,4121.03,4344.1,4620,4107.18,4614.87,4216.41,4227.69,4212.31,4287.69,4618.97,4364.62,1
4315.38,4030.26,4265.13,4120.51,4342.05,4625.64,4109.74,4617.95,4214.36,4232.82,4212.31,4290.26,4615.9,4366.67,1
4315.9,4029.74,4264.62,4121.03,4341.03,4619.49,4106.67,4610.26,4205.64,4231.28,4211.28,4292.82,4616.41,4369.23,1
4313.85,4026.67,4263.59,4115.9,4343.59,4615.9,4105.13,4613.85,4214.87,4228.21,4211.28,4290.26,4617.44,4365.64,1
4310.77,4026.67,4263.59,4115.38,4348.21,4625.13,4110.26,4627.18,4226.67,4236.41,4216.41,4291.28,4622.05,4365.64,1
4314.36,4031.79,4264.62,4117.95,4347.69,4627.69,4108.72,4621.03,4218.97,4242.05,4222.56,4296.41,4629.23,4373.85,1
4317.95,4033.33,4264.62,4114.36,4345.13,4618.97,4100.51,4604.1,4204.1,4234.87,4221.03,4293.85,4627.18,4372.82,1
4312.82,4025.64,4260.51,4109.74,4340.51,4614.36,4102.56,4604.1,4200,4228.72,4212.31,4287.69,4617.95,4364.62,1
4310.77,4021.03,4260.51,4109.23,4336.41,4616.92,4109.23,4611.79,4203.59,4227.69,4206.67,4289.74,4617.44,4365.13,1
4311.28,4019.49,4264.62,4105.64,4335.9,4618.46,4104.62,4613.33,4209.23,4226.15,4208.72,4293.33,4617.44,4368.72,1
4310.26,4020,4264.62,4105.64,4338.46,4615.9,4101.03,4612.31,4212.82,4226.67,4211.28,4289.23,4612.31,4367.69,1
4310.26,4023.59,4261.54,4112.31,4338.46,4617.95,4104.62,4607.69,4206.67,4227.69,4207.69,4284.62,4611.79,4364.1,1
4310.26,4023.08,4262.56,4114.87,4338.97,4623.08,4105.13,4605.13,4203.08,4227.69,4207.18,4285.13,4617.44,4364.62,1
4312.82,4024.62,4265.13,4113.85,4341.03,4621.54,4103.59,4609.74,4205.64,4229.74,4212.82,4288.72,4621.54,4369.74,1
4318.46,4031.79,4265.13,4116.41,4344.1,4615.9,4102.05,4612.31,4206.67,4231.28,4212.82,4290.77,4622.05,4376.92,1
4322.05,4034.87,4265.13,4122.05,4348.72,4618.46,4101.03,4610.26,4208.21,4232.82,4209.23,4289.23,4622.56,4377.44,1
4319.49,4029.23,4263.59,4122.56,4350.77,4627.18,4105.64,4609.74,4206.15,4233.85,4209.23,4287.18,4622.05,4370.77,1
4318.46,4030.77,4263.59,4120.51,4348.72,4629.23,4110.26,4615.38,4211.79,4235.9,4208.21,4285.64,4623.08,4369.23,1
4320,4033.85,4265.13,4120,4347.18,4625.13,4110.77,4624.62,4229.23,4240.51,4213.33,4287.69,4626.15,4375.38,1
4317.44,4028.72,4266.15,4119.49,4346.15,4623.59,4111.79,4629.74,4230.26,4244.1,4218.46,4293.33,4626.15,4374.87,1
4312.82,4027.18,4265.13,4117.95,4344.62,4624.62,4113.85,4628.21,4216.41,4241.54,4213.33,4291.28,4623.08,4368.21,1
4312.31,4029.23,4263.59,4120,4344.1,4625.13,4115.38,4626.67,4218.46,4238.46,4213.33,4287.69,4621.54,4370.77,1
4315.38,4028.21,4269.74,4123.08,4346.15,4626.15,4116.92,4626.15,4228.72,4243.08,4221.03,4294.36,4625.64,4376.92,1
4315.9,4026.15,4274.87,4122.05,4345.64,4625.64,4116.92,4627.18,4227.18,4247.18,4221.03,4300.51,4628.72,4374.36,1
4308.72,4022.05,4268.21,4118.46,4341.03,4620.51,4113.85,4629.74,4227.18,4244.62,4215.38,4295.9,4627.18,4369.74,1
4301.54,4018.97,4262.05,4118.46,4341.03,4621.54,4109.74,4628.72,4227.18,4241.03,4213.33,4291.28,4621.54,4369.74,1
4306.15,4024.62,4265.13,4120.51,4346.15,4628.21,4110.26,4627.18,4225.64,4245.64,4218.46,4291.28,4621.54,4371.28,1
4310.77,4027.18,4267.18,4122.05,4350.26,4628.72,4116.41,4629.74,4230.26,4252.31,4220.51,4291.28,4629.23,4369.74,1
4305.64,4021.54,4264.62,4117.95,4347.18,4624.62,4116.41,4629.74,4227.69,4248.72,4214.36,4292.82,4627.69,4365.64,1
4307.18,4021.03,4264.62,4112.82,4343.59,4623.59,4106.67,4623.59,4220,4238.97,4212.82,4295.9,4624.62,4368.21,1
4313.33,4025.13,4269.23,4114.87,4345.13,4622.56,4105.13,4620.51,4222.05,4237.44,4216.92,4295.9,4626.15,4371.28,1
4312.82,4024.1,4273.33,4118.97,4341.54,4616.92,4110.26,4621.54,4223.08,4240.51,4212.82,4293.85,4621.54,4362.56,1
4313.33,4022.56,4274.87,4118.97,4336.92,4616.92,4112.31,4623.59,4221.03,4238.97,4205.64,4288.21,4617.44,4361.54,1
4319.49,4027.18,4277.95,4120.51,4343.08,4627.18,4116.41,4627.69,4229.74,4241.03,4211.28,4287.69,4625.13,4378.46,1
4322.05,4031.79,4282.56,4124.62,4352.82,4632.82,4121.54,4628.72,4234.87,4250.26,4220.51,4296.92,4633.85,4388.72,1
4320,4028.72,4279.49,4125.64,4352.82,4628.21,4117.44,4622.56,4225.13,4252.82,4222.05,4301.03,4633.85,4378.97,1
4316.92,4026.67,4270.77,4124.1,4350.77,4624.1,4111.28,4611.79,4213.33,4243.08,4214.36,4293.85,4629.74,4369.74,1
4314.36,4028.72,4266.15,4125.13,4355.9,4627.69,4109.74,4606.15,4210.77,4236.41,4206.67,4284.62,4623.08,4371.79,1
4315.9,4028.21,4264.62,4123.59,4358.46,4628.21,4109.74,4610.77,4215.9,4238.97,4205.13,4280.51,4622.05,4373.85,1
4316.41,4023.08,4260.51,4115.9,4349.74,4623.59,4108.21,4617.95,4224.1,4240.51,4208.21,4280.51,4627.18,4370.77,1
4311.79,4018.97,4257.44,4113.85,4343.08,4623.08,4108.72,4621.54,4228.72,4240,4209.23,4280,4623.59,4365.64,1
4310.26,4018.46,4261.03,4121.03,4346.67,4629.74,4113.85,4624.1,4224.1,4240.51,4204.1,4281.03,4611.79,4363.59,1
4320,4026.15,4265.64,4121.54,4349.74,4632.82,4116.92,4623.08,4211.79,4235.38,4198.97,4284.1,4605.13,4369.23,1
4334.36,4040,4271.79,4122.56,4349.23,4631.28,4116.92,4617.95,4207.69,4229.74,4205.13,4288.21,4613.85,4380,1
4343.08,4052.82,4278.46,4133.85,4349.23,4626.67,4115.9,4613.85,4209.74,4229.23,4209.74,4290.26,4620.51,4385.13,1
4344.62,4058.46,4280,4140,4348.21,4619.49,4111.28,4609.23,4205.64,4228.72,4203.08,4290.77,4614.87,4384.1,1
4347.69,4063.08,4279.49,4140,4353.85,4618.97,4106.67,4606.15,4202.56,4227.18,4201.54,4288.72,4613.33,4388.72,1
4353.85,4070.26,4282.05,4140.51,4360,4624.1,4109.74,4608.72,4206.67,4225.13,4206.67,4287.18,4615.9,4392.82,1
4355.9,4073.85,4283.08,4142.56,4354.87,4624.62,4115.38,4611.79,4210.77,4224.1,4203.08,4289.74,4611.28,4394.36,1
4363.08,4075.9,4284.62,4148.72,4352.82,4624.1,4113.33,4610.26,4208.72,4227.18,4200.51,4292.31,4612.82,4401.54,1
4372.82,4082.05,4289.23,4154.87,4360.51,4629.23,4110.77,4609.23,4204.62,4226.67,4208.21,4292.82,4618.97,4407.69,1
4369.23,4083.08,4290.26,4152.31,4359.49,4632.82,4116.41,4614.87,4209.23,4224.62,4209.74,4294.87,4615.38,4402.05,1
4360,4073.33,4286.15,4150.77,4352.82,4632.82,4121.03,4624.1,4218.97,4232.31,4204.62,4298.97,4613.33,4397.95,1
4360.51,4070.77,4290.26,4154.36,4358.97,4634.36,4120.51,4626.15,4220.51,4237.44,4210.26,4304.1,4620,4402.56,1
4358.97,4075.9,4294.87,4153.85,4366.15,4633.85,4117.44,4620,4220,4235.38,4215.38,4306.67,4621.54,4400,1
4349.23,4073.33,4286.67,4152.31,4360.51,4630.26,4113.33,4613.33,4219.49,4232.82,4210.26,4301.54,4615.38,4390.77,1
4341.03,4063.08,4277.95,4152.82,4353.85,4628.72,4110.26,4612.82,4211.79,4229.74,4206.15,4294.36,4611.79,4383.59,1
4334.36,4056.41,4281.03,4147.18,4354.87,4630.26,4113.33,4614.36,4208.21,4231.28,4207.18,4291.28,4608.72,4376.92,1
4331.79,4060,4282.05,4145.13,4356.41,4630.26,4116.92,4610.77,4212.82,4234.36,4202.56,4289.74,4604.62,4372.31,1
4334.36,4060.51,4278.97,4150.26,4362.05,4630.26,4116.92,4604.62,4210.77,4227.69,4201.54,4294.36,4603.59,4372.82,1
4327.69,4044.1,4280.51,4146.15,4362.56,4630.26,4117.95,4608.72,4210.26,4219.49,4206.15,4298.97,4598.46,4368.21,1
4315.38,4030.77,4277.44,4134.36,4350.26,4625.64,4118.46,4618.46,4220,4223.08,4200.51,4292.31,4590.77,4352.82,1
4318.46,4038.46,4275.9,4140,4346.15,4622.05,4113.85,4617.44,4225.13,4228.21,4190.77,4287.18,4591.79,4348.72,1
4326.15,4056.41,4280,4153.33,4353.85,4625.64,4109.74,4611.79,4215.38,4224.62,4191.79,4287.69,4588.72,4361.03,1
4328.21,4068.21,4280.51,4153.33,4355.38,4629.74,4110.77,4611.28,4210.26,4226.15,4194.36,4285.64,4580,4374.36,1
4342.05,4074.36,4284.1,4152.82,4349.23,4627.18,4112.82,4611.28,4214.87,4233.33,4197.44,4290.77,4587.18,4385.13,1
4352.82,4076.41,4292.82,4155.9,4346.15,4623.59,4115.38,4613.85,4216.92,4234.36,4205.64,4300.51,4597.95,4389.23,1
4342.05,4071.28,4293.85,4151.28,4346.15,4625.13,4120,4622.05,4218.46,4229.23,4207.69,4302.05,4593.85,4383.59,1
4329.74,4059.49,4284.62,4140.51,4344.1,4628.21,4117.44,4623.59,4216.92,4227.69,4197.95,4297.44,4585.64,4367.69,1
4321.03,4046.15,4271.79,4135.9,4341.03,4624.62,4107.69,4614.87,4210.77,4219.49,4186.15,4286.15,4574.87,4344.62,1
4309.23,4041.03,4262.56,4137.95,4345.13,4618.97,4100,4605.64,4204.62,4211.28,4182.05,4272.31,4565.13,4332.31,1
4295.38,4038.97,4260.51,4138.97,4350.77,4617.95,4100.51,4597.44,4200,4211.79,4182.56,4269.23,4563.59,4329.23,1
4286.15,4033.85,4262.56,4138.46,4346.15,4620,4103.08,4592.31,4195.38,4210.77,4179.49,4273.33,4562.56,4328.21,1
4286.15,4032.82,4264.1,4137.44,4345.64,4620,4104.62,4600,4203.08,4212.31,4183.08,4277.44,4566.15,4333.85,1
4291.79,4036.92,4265.13,4138.97,4354.87,4623.59,4110.77,4616.41,4223.59,4226.67,4193.85,4283.08,4576.41,4340.51,1
4294.36,4035.38,4266.67,4137.95,4355.9,4630.77,4116.92,4625.64,4229.23,4236.92,4194.87,4286.67,4580,4340.51,1
4290.26,4027.69,4265.13,4134.36,4348.72,4631.79,4115.9,4621.54,4216.92,4230.77,4189.23,4283.08,4574.36,4335.9,1
4281.03,4028.21,4264.62,4135.38,4347.69,4626.67,4114.36,4618.97,4213.85,4225.64,4190.26,4277.44,4572.82,4326.67,1
4266.67,4028.72,4262.56,4134.87,4346.67,4628.21,4114.87,4621.54,4220,4227.18,4186.67,4272.31,4571.28,4315.9,1
4257.44,4011.28,4260,4124.62,4342.56,4635.38,4118.46,4623.08,4222.05,4228.72,4179.49,4273.85,4563.59,4316.92,1
4261.54,3999.49,4260,4116.92,4344.1,4636.92,4122.05,4624.62,4226.15,4229.74,4181.54,4283.59,4561.54,4323.08,1
4272.82,4014.36,4262.56,4124.62,4344.62,4633.33,4118.46,4618.97,4218.46,4223.08,4182.05,4284.1,4562.56,4313.85,1
4276.41,4030.26,4261.54,4133.85,4345.64,4629.23,4106.15,4604.62,4197.44,4211.79,4173.33,4273.33,4554.87,4306.15,1
4272.82,4033.33,4254.87,4133.33,4346.15,4627.69,4103.59,4595.9,4195.9,4205.13,4166.15,4265.64,4542.56,4312.31,1
4276.92,4033.33,4250.26,4134.36,4339.49,4625.13,4111.28,4601.54,4202.56,4200,4162.05,4263.08,4533.85,4315.9,1
4276.92,4028.72,4249.23,4132.31,4332.31,4620.51,4107.69,4605.13,4191.28,4188.21,4153.85,4257.95,4525.64,4305.13,1
4264.62,4024.1,4248.72,4126.15,4335.38,4621.03,4098.97,4601.03,4188.21,4187.18,4150.26,4255.9,4520.51,4298.97,1
4261.54,4025.64,4248.72,4129.23,4341.03,4624.1,4104.1,4603.08,4204.62,4204.1,4160,4263.08,4529.74,4308.72,1
4269.74,4025.13,4249.74,4136.41,4341.54,4621.54,4111.28,4608.72,4211.79,4214.36,4172.82,4268.72,4544.62,4316.41,1
4267.69,4025.13,4254.87,4136.41,4343.59,4620.51,4110.26,4606.67,4207.69,4213.33,4175.9,4270.26,4549.74,4312.82,1
4264.62,4030.26,4262.05,4135.38,4345.13,4627.18,4115.38,4610.26,4216.92,4217.44,4175.38,4273.85,4549.74,4311.28,1
4271.79,4028.21,4266.67,4137.44,4345.13,4635.38,4127.18,4624.62,4227.69,4224.62,4181.03,4279.49,4553.33,4308.72,1
4270.26,4021.54,4264.62,4133.33,4343.08,4637.44,4128.72,4625.13,4222.56,4221.54,4182.05,4281.03,4553.85,4301.54,1
4261.54,4021.03,4261.54,4125.64,4337.44,4634.87,4124.1,4617.44,4217.44,4218.46,4174.87,4281.54,4547.69,4297.95,1
4262.05,4018.46,4264.1,4123.59,4334.36,4633.85,4123.59,4623.08,4217.44,4220.51,4174.87,4277.44,4547.69,4304.62,1
4263.08,4010.26,4264.1,4122.56,4337.95,4632.31,4122.56,4625.13,4210.77,4218.46,4174.36,4270.26,4547.69,4307.69,1
4254.36,4004.62,4256.41,4119.49,4341.54,4624.62,4115.9,4612.31,4197.44,4206.67,4161.54,4266.15,4535.9,4296.41,1
4246.67,4002.05,4247.18,4118.46,4343.59,4623.59,4113.33,4607.18,4195.9,4195.38,4152.31,4263.59,4525.64,4283.08,1
4249.23,4005.64,4245.13,4121.54,4347.69,4630.77,4112.82,4611.28,4203.59,4200.51,4159.49,4265.13,4533.33,4288.21,1
4253.33,4015.9,4252.82,4128.21,4347.69,4630.77,4107.18,4606.67,4205.13,4211.28,4166.67,4267.18,4543.59,4301.03,1
4253.85,4018.46,4258.97,4134.36,4342.56,4626.15,4104.62,4602.05,4204.62,4208.21,4163.59,4268.21,4542.05,4301.03,0
4256.92,4010.77,4261.03,4135.9,4341.54,4627.18,4109.74,4604.1,4204.1,4199.49,4164.62,4271.28,4540,4293.33,0
4259.49,4011.79,4261.03,4134.87,4346.15,4628.72,4114.36,4603.59,4199.49,4203.08,4173.33,4275.38,4543.59,4298.46,0
4257.95,4020.51,4255.9,4136.41,4348.21,4629.74,4114.36,4600,4198.46,4216.41,4177.44,4275.38,4548.21,4307.18,0
4256.41,4021.54,4254.36,4136.41,4345.13,4635.38,4117.44,4606.15,4211.79,4221.03,4174.87,4274.36,4549.74,4306.67,0
4260,4012.82,4255.38,4135.38,4342.05,4636.92,4124.1,4614.36,4215.9,4214.87,4174.36,4272.31,4549.23,4302.56,0
4265.13,4010.77,4255.9,4136.41,4345.13,4632.82,4121.54,4611.28,4207.18,4211.79,4175.38,4274.87,4549.23,4307.18,0
4263.08,4017.95,4258.46,4136.92,4350.26,4631.79,4119.49,4608.72,4208.72,4215.38,4176.92,4280,4551.79,4310.26,0
4255.38,4016.92,4257.95,4136.92,4350.26,4633.85,4121.03,4610.26,4209.23,4218.46,4178.46,4276.41,4556.41,4308.21,0
4254.36,4007.18,4249.74,4136.41,4349.74,4632.31,4114.87,4611.79,4207.69,4218.97,4180,4271.28,4557.95,4308.21,0
4258.46,4005.13,4246.67,4132.82,4353.85,4631.28,4106.67,4614.36,4214.87,4217.95,4181.03,4272.31,4554.87,4303.59,0
4253.33,4007.69,4250.26,4133.33,4355.9,4635.38,4108.72,4609.74,4209.74,4214.87,4176.41,4268.72,4548.72,4298.97,0
4250.26,4006.67,4249.23,4137.44,4350.26,4633.85,4109.23,4602.05,4197.44,4210.26,4169.23,4261.54,4544.1,4298.97,0
4253.85,4003.59,4247.69,4132.82,4346.67,4630.77,4104.62,4606.15,4200,4205.64,4169.23,4264.62,4543.59,4292.82,0
4250.26,4005.64,4248.72,4125.13,4350.77,4634.36,4106.67,4613.85,4206.67,4207.69,4171.28,4272.82,4545.13,4296.92,0
4253.33,4012.31,4254.36,4131.28,4353.85,4634.87,4110.26,4608.72,4203.08,4210.26,4173.85,4273.33,4552.31,4315.9,0
4267.69,4019.49,4263.08,4140.51,4351.79,4630.77,4108.21,4603.08,4204.62,4210.77,4180.51,4270.77,4560,4317.95,0
4267.69,4020.51,4266.15,4138.46,4348.21,4630.26,4105.64,4605.64,4207.69,4214.87,4183.08,4269.74,4557.44,4310.26,0
4258.97,4017.44,4261.54,4135.9,4347.18,4629.23,4102.56,4603.08,4205.13,4216.41,4177.44,4271.79,4550.77,4313.33,0
4261.03,4012.31,4252.82,4137.44,4346.67,4628.72,4103.08,4596.92,4198.97,4209.23,4171.28,4267.18,4546.15,4308.21,0
4260,4007.18,4246.67,4134.36,4345.13,4633.33,4106.67,4597.44,4198.97,4207.18,4168.21,4260,4544.62,4298.97,0
4253.33,4008.21,4247.69,4132.82,4346.15,4634.87,4106.67,4605.64,4213.33,4218.46,4173.33,4263.59,4551.28,4308.72,0
4255.9,4011.28,4250.26,4137.44,4348.72,4630.26,4105.64,4606.67,4214.87,4220.51,4178.97,4268.21,4554.36,4309.74,0
4255.38,4008.72,4247.69,4134.87,4348.72,4628.21,4109.74,4598.97,4198.97,4206.67,4174.36,4265.13,4549.23,4298.97,0
4249.23,4004.1,4245.64,4128.21,4348.21,4629.74,4108.21,4598.97,4201.54,4204.62,4175.38,4264.1,4552.82,4307.18,0
4252.31,4003.59,4244.62,4130.26,4352.31,4630.77,4105.64,4609.74,4217.95,4220.51,4186.15,4271.79,4565.13,4319.49,0
4257.44,4007.69,4245.13,4135.9,4360,4632.82,4110.77,4614.36,4213.85,4226.67,4191.79,4273.85,4566.67,4312.31,0
7222.05,3797.95,1040,3733.85,6040.51,362564,6350.26,5361.54,1357.95,6215.38,3273.33,3091.28,276.41,715897,0
4253.85,4005.13,4246.15,4134.36,4349.74,4630.77,4106.67,4597.44,4195.38,4208.72,4177.44,4261.03,4556.41,4302.56,0
4254.36,4003.08,4246.15,4135.38,4347.69,4627.18,4104.1,4588.72,4188.72,4206.67,4173.33,4260.51,4554.36,4303.59,0
4263.08,4009.74,4251.28,4138.97,4350.26,4625.64,4105.64,4587.18,4191.28,4211.79,4177.44,4269.23,4559.49,4311.28,0
4272.31,4020.51,4257.95,4140.51,4350.26,4627.69,4106.67,4594.36,4203.59,4215.38,4183.59,4275.38,4569.23,4325.13,0
4272.31,4021.54,4260.51,4139.49,4348.72,4629.74,4107.18,4598.46,4202.05,4209.74,4182.56,4274.36,4571.79,4328.21,0
4274.36,4020,4260,4143.08,4351.79,4627.69,4108.72,4598.97,4199.49,4209.23,4179.49,4272.31,4565.13,4323.08,0
4281.54,4022.05,4262.56,4150.77,4352.31,4628.72,4110.26,4600,4203.59,4218.46,4178.97,4271.79,4561.54,4316.41,0
4276.92,4018.46,4266.15,4150.26,4350.77,4630.26,4110.26,4596.92,4198.46,4214.87,4179.49,4270.26,4562.56,4308.72,0
4268.21,4012.82,4258.97,4141.54,4355.38,4624.62,4105.13,4595.38,4197.95,4202.05,4180,4269.74,4562.05,4311.28,0
4266.15,4012.31,4250.77,4135.9,4354.87,4622.05,4101.54,4598.97,4204.1,4203.08,4179.49,4271.28,4561.54,4314.87,0
4264.1,4016.41,4254.87,4141.54,4347.69,4625.13,4101.54,4596.41,4196.41,4211.28,4181.03,4271.28,4564.62,4315.38,0
4266.67,4021.03,4261.03,4149.23,4349.74,4625.13,4101.54,4594.36,4198.97,4216.41,4188.21,4274.87,4572.31,4325.64,0
4272.31,4025.13,4262.56,4143.59,4355.38,4624.62,4103.59,4603.08,4215.9,4219.49,4191.28,4278.97,4576.41,4329.23,0
4273.85,4020,4262.56,4135.38,4352.31,4627.69,4111.28,4610.77,4215.9,4223.59,4190.77,4277.44,4575.9,4321.54,0
4271.79,4012.31,4256.41,4140.51,4347.69,4631.28,4114.87,4608.21,4208.21,4223.08,4186.67,4273.85,4575.9,4316.92,0
4268.21,4009.23,4246.67,4140,4343.59,4629.23,4110.77,4604.1,4208.21,4214.87,4180.51,4267.69,4567.69,4309.74,0
4266.67,4007.18,4244.62,4132.82,4343.08,4624.1,4106.15,4603.59,4206.67,4211.28,4183.59,4266.67,4560,4310.26,0
4272.31,4009.23,4247.69,4135.9,4350.77,4622.56,4105.13,4603.08,4202.05,4216.41,4189.23,4271.28,4566.15,4327.69,0
4276.41,4009.23,4243.08,4133.33,4350.26,4621.54,4101.54,4596.41,4188.72,4209.74,4182.05,4269.23,4570.77,4325.64,0
4266.15,4000.51,4233.85,4120.51,4341.03,4616.41,4096.92,4585.64,4175.38,4192.31,4171.28,4260.51,4554.87,4301.54,0
4255.9,3998.97,4230.77,4118.46,4342.56,4615.9,4098.46,4581.54,4183.08,4191.79,4170.77,4256.92,4546.15,4302.56,0
4262.56,4004.62,4231.28,4118.46,4347.69,4619.49,4100.51,4588.21,4195.38,4202.05,4171.79,4254.36,4555.9,4313.33,0
4270.77,4004.62,4230.77,4114.87,4344.62,4619.49,4096.41,4589.23,4186.67,4204.62,4171.79,4252.31,4556.41,4304.1,0
4273.33,4004.1,4229.74,4116.41,4347.18,4622.56,4094.87,4590.26,4183.08,4202.56,4175.9,4257.44,4551.28,4303.59,0
4276.41,4007.18,4234.36,4120,4354.36,4625.13,4101.54,4601.03,4198.46,4203.08,4179.49,4262.05,4556.41,4318.97,0
4280.51,4010.26,4241.54,4117.44,4346.67,4620.51,4104.1,4603.59,4203.08,4206.15,4181.03,4265.64,4565.64,4328.21,0
4278.97,4008.21,4243.08,4109.23,4333.85,4617.44,4101.03,4595.9,4196.92,4214.36,4185.13,4269.23,4568.21,4326.15,0
4274.87,3995.38,4238.97,4100.51,4335.9,4622.56,4105.64,4606.67,4212.82,4223.08,4191.79,4269.74,4565.64,4317.95,0
4270.26,3987.18,4238.97,4100.51,4342.05,4627.18,4116.92,4623.08,4227.69,4226.15,4190.77,4267.69,4562.56,4308.72,0
4258.97,4000.51,4235.9,4107.69,4343.08,4626.15,4114.36,4615.38,4212.82,4221.54,4184.1,4260.51,4562.56,4308.72,0
4248.21,4013.85,4222.56,4107.69,4346.67,4627.18,4105.64,4598.46,4199.49,4216.41,4181.54,4252.82,4568.21,4308.72,0
4242.05,4003.08,4215.38,4102.56,4350.26,4625.64,4103.08,4593.33,4198.46,4213.85,4177.95,4253.85,4565.64,4297.95,0
4243.59,3992.82,4218.97,4102.05,4346.67,4618.46,4099.49,4590.26,4188.72,4210.26,4175.9,4253.33,4557.44,4295.38,0
4245.13,3997.95,4217.44,4104.1,4345.64,4616.41,4096.92,4586.67,4180,4204.1,4175.38,4246.15,4555.9,4298.46,0
4242.05,3996.41,4215.38,4100.51,4345.13,4621.54,4099.49,4586.67,4184.62,4200.51,4171.79,4246.67,4554.87,4293.85,0
4244.62,3991.79,4222.05,4096.92,4340,4618.46,4102.56,4589.74,4195.38,4204.62,4174.36,4255.9,4556.41,4296.92,0
4254.36,3998.97,4231.79,4102.05,4343.08,4615.38,4103.59,4597.95,4200.51,4218.46,4186.15,4263.59,4566.67,4307.69,0
4261.03,4005.13,4233.33,4107.18,4348.72,4624.62,4106.67,4603.08,4201.54,4222.56,4187.18,4261.03,4572.82,4311.79,0
4260,4000,4233.33,4106.67,4347.69,4630.26,4110.26,4603.08,4204.1,4210.77,4181.03,4258.46,4567.18,4313.85,0
4259.49,4000,4236.92,4107.69,4345.64,4628.72,4111.79,4608.21,4213.33,4213.85,4187.18,4267.18,4569.74,4316.92,0
4258.46,4003.08,4237.95,4109.23,4344.62,4627.69,4111.28,4610.77,4217.44,4232.31,4192.31,4269.23,4575.38,4310.26,0
4254.87,3996.41,4234.36,4106.15,4343.08,4623.59,4107.69,4602.05,4201.54,4227.69,4180.51,4257.95,4563.08,4296.92,0
4250.77,3989.74,4232.82,4104.1,4344.62,4621.03,4102.05,4594.36,4182.05,4202.05,4165.13,4248.72,4546.15,4291.28,0
4246.67,3989.74,4233.33,4105.13,4346.67,4621.03,4098.97,4598.46,4188.72,4196.92,4164.62,4249.74,4545.13,4292.31,0
4247.69,3991.28,4225.64,4105.13,4344.62,4620.51,4102.05,4604.1,4202.56,4210.26,4174.87,4250.77,4554.87,4290.26,0
4247.18,3992.82,4215.9,4103.59,4345.13,4624.1,4105.13,4601.54,4198.97,4210.77,4174.87,4246.15,4556.92,4289.23,0
4244.62,3993.33,4222.05,4106.15,4345.13,4625.64,4103.08,4596.92,4190.77,4201.03,4167.18,4244.1,4548.72,4294.87,0
4246.15,3992.31,4232.31,4106.15,4338.97,4620,4098.46,4596.41,4196.92,4201.54,4168.72,4245.64,4545.13,4301.03,0
4253.33,3996.41,4231.79,4102.05,4341.54,4617.95,4098.46,4600,4208.72,4211.28,4179.49,4251.28,4556.92,4303.59,0
4266.15,4007.18,4231.28,4104.62,4347.69,4622.56,4101.54,4602.56,4210.77,4220,4189.23,4263.08,4572.31,4309.23,0
4269.74,4008.21,4233.85,4109.74,4341.03,4622.05,4098.46,4598.46,4198.97,4220.51,4189.23,4267.69,4573.85,4313.33,0
4261.03,4001.03,4231.28,4107.18,4335.9,4623.59,4095.38,4598.97,4197.44,4215.38,4183.59,4260.51,4569.74,4313.85,0
4260,4001.54,4231.79,4105.64,4341.03,4630.77,4100.51,4608.72,4206.67,4215.38,4186.15,4260.51,4573.33,4315.9,0
4264.62,4000,4233.33,4104.1,4343.08,4630.77,4104.62,4609.74,4203.08,4222.05,4193.33,4264.62,4575.9,4314.87,0
4256.92,3990.26,4230.26,4094.36,4340,4624.1,4098.46,4597.95,4198.97,4224.62,4192.82,4257.44,4573.33,4312.31,0
4252.82,3989.23,4228.72,4091.79,4342.05,4618.97,4092.31,4595.9,4205.13,4218.46,4187.69,4256.41,4573.33,4312.82,0
4256.41,3995.38,4228.72,4101.54,4343.08,4619.49,4097.44,4602.05,4201.54,4214.87,4184.62,4258.97,4570.26,4304.1,0
4254.87,4001.03,4228.21,4106.67,4341.03,4620,4101.03,4602.56,4194.36,4217.95,4183.08,4255.38,4563.59,4298.97,0
4256.92,4000.51,4232.82,4105.64,4342.05,4620,4101.03,4603.08,4198.46,4218.46,4185.13,4261.03,4566.15,4312.31,0
4258.97,3990.77,4237.95,4102.56,4345.13,4622.56,4103.59,4602.05,4196.92,4212.31,4185.13,4265.64,4566.15,4318.97,0
4258.46,3996.41,4234.87,4103.59,4347.69,4621.03,4102.05,4590.77,4184.1,4206.15,4175.9,4253.85,4557.95,4308.21,0
4257.44,4011.28,4222.56,4104.1,4341.03,4617.95,4095.9,4582.05,4177.95,4201.03,4165.13,4239.49,4548.21,4295.38,0
4251.79,4010.77,4213.85,4098.46,4334.87,4619.49,4095.9,4586.15,4184.62,4195.9,4164.62,4239.49,4543.59,4296.41,0
4258.97,4013.85,4226.67,4105.13,4343.08,4617.44,4101.54,4595.9,4198.97,4206.15,4175.38,4250.77,4554.36,4312.31,0
4276.92,4027.18,4244.1,4122.05,4352.82,4615.9,4103.08,4601.03,4204.62,4220,4184.62,4262.05,4569.74,4322.05,0
4273.85,4024.62,4238.97,4117.95,4349.74,4619.49,4098.46,4598.97,4200,4213.85,4180.51,4256.41,4564.62,4308.21,0
4256.41,4012.31,4226.15,4101.54,4341.54,4618.46,4093.33,4594.87,4191.28,4202.05,4168.21,4242.05,4547.18,4293.33,0
4257.44,4008.72,4226.67,4104.1,4343.08,4617.95,4092.82,4589.23,4187.69,4209.74,4167.69,4243.59,4549.23,4304.1,0
4263.08,4011.28,4231.28,4109.23,4348.72,4624.62,4095.38,4590.77,4197.44,4223.59,4182.56,4254.87,4562.56,4313.33,0
4258.97,4015.9,4230.77,4107.69,4349.23,4627.69,4096.41,4598.46,4198.97,4218.97,4185.13,4258.46,4560.51,4302.56,0
4257.95,4012.82,4230.77,4108.21,4343.08,4625.64,4094.87,4595.38,4186.15,4203.08,4169.74,4251.79,4546.15,4294.87,0
4257.95,4002.56,4229.74,4105.13,4335.38,4622.05,4095.9,4591.79,4184.62,4195.38,4160,4243.59,4538.46,4293.85,0
4253.33,4002.05,4228.72,4101.54,4337.95,4618.97,4101.03,4601.54,4194.36,4201.54,4163.59,4246.67,4540,4293.85,0
4254.87,4008.72,4229.74,4104.62,4344.62,4623.59,4104.1,4606.67,4193.85,4207.69,4172.31,4254.36,4548.21,4305.64,0
4266.67,4014.87,4232.31,4110.26,4346.67,4630.77,4103.59,4604.1,4196.41,4210.77,4179.49,4260,4558.46,4319.49,0
4272.82,4018.46,4234.36,4113.85,4347.18,4630.26,4103.59,4608.21,4207.18,4217.95,4183.08,4263.59,4562.56,4315.38,0
4270.77,4021.54,4238.46,4116.92,4349.74,4630.77,4109.74,4612.82,4211.79,4222.56,4186.15,4266.67,4563.59,4313.33,0
4274.36,4024.62,4244.1,4121.03,4352.31,4635.38,4115.9,4617.44,4216.41,4227.18,4194.87,4269.23,4569.74,4326.15,0
4276.41,4027.18,4247.18,4123.08,4354.36,4633.85,4112.31,4620.51,4220,4234.36,4203.08,4273.85,4576.92,4330.77,0
4274.36,4028.72,4248.21,4122.56,4354.36,4631.79,4105.13,4617.95,4216.41,4235.38,4199.49,4276.92,4577.95,4326.15,0
4278.46,4027.69,4247.18,4120.51,4350.26,4632.31,4101.03,4611.79,4210.26,4227.18,4191.79,4270.77,4574.87,4326.15,0
4280.51,4027.69,4246.67,4121.54,4347.69,4631.79,4097.44,4600,4196.92,4219.49,4192.82,4265.13,4571.79,4324.1,0
4277.44,4030.26,4247.69,4123.59,4348.72,4630.77,4094.87,4584.1,4178.97,4214.87,4189.23,4267.18,4568.21,4316.41,0
4279.49,4026.15,4248.72,4122.05,4350.26,4628.72,4098.46,4581.54,4173.85,4203.08,4178.97,4268.21,4562.56,4313.85,0
4279.49,4018.46,4249.23,4120,4349.74,4624.1,4099.49,4589.74,4178.97,4193.85,4176.41,4267.69,4558.97,4321.03,0
4271.79,4020,4242.05,4121.03,4348.21,4622.05,4096.92,4592.31,4184.62,4201.54,4179.49,4266.67,4557.44,4322.05,0
4269.23,4021.54,4233.33,4120,4346.15,4627.69,4099.49,4596.92,4191.28,4211.79,4177.44,4262.56,4556.41,4315.38,0
4272.82,4016.41,4240,4118.46,4343.08,4630.77,4103.59,4605.64,4201.03,4215.9,4179.49,4261.03,4561.54,4318.46,0
4277.95,4022.05,4251.28,4121.54,4344.62,4629.23,4106.67,4608.72,4212.31,4226.15,4191.28,4270.26,4574.87,4331.79,0
4285.13,4032.31,4251.79,4124.62,4348.72,4629.74,4109.23,4609.74,4213.85,4234.36,4198.46,4278.46,4585.13,4336.41,0
4288.72,4030.77,4249.74,4124.1,4351.79,4631.79,4108.72,4612.82,4209.74,4231.79,4196.41,4276.92,4583.08,4326.67,0
4281.54,4026.15,4248.21,4120,4353.33,4630.26,4107.18,4611.79,4206.15,4227.69,4194.36,4270.26,4577.95,4317.95,0
4278.97,4029.74,4245.13,4119.49,4355.9,4629.23,4105.13,4601.54,4202.56,4229.23,4196.41,4265.64,4581.54,4326.67,0
4293.33,4037.44,4247.18,4129.23,4357.44,4630.77,4100,4596.41,4203.08,4232.31,4204.62,4271.28,4591.28,4342.05,0
4299.49,4038.46,4251.79,4135.38,4354.36,4629.74,4098.97,4606.15,4210.26,4235.38,4208.72,4279.49,4593.85,4341.54,0
4283.08,4028.72,4248.21,4124.1,4349.23,4629.23,4101.54,4611.79,4209.23,4231.28,4203.08,4274.36,4587.69,4328.72,0
4270.77,4019.49,4239.49,4112.82,4348.72,4632.31,4101.54,4607.18,4202.05,4221.54,4190.26,4264.1,4577.44,4322.05,0
4272.31,4017.44,4233.85,4109.74,4350.26,4633.33,4096.41,4602.56,4200,4213.85,4178.46,4259.49,4564.62,4317.95,0
4272.82,4020.51,4233.85,4112.31,4348.72,4629.74,4091.79,4594.87,4195.38,4206.15,4174.87,4257.95,4559.49,4314.36,0
4270.26,4023.59,4234.36,4117.44,4348.72,4629.74,4092.31,4587.69,4187.69,4204.62,4174.36,4255.9,4564.1,4313.33,0
4266.67,4022.56,4229.74,4117.44,4347.69,4630.26,4093.85,4593.85,4187.18,4208.21,4171.28,4253.33,4562.56,4308.72,0
4264.1,4021.03,4227.18,4115.38,4344.1,4624.62,4089.23,4604.1,4194.36,4211.79,4169.74,4253.85,4556.92,4308.21,0
4275.38,4028.21,4238.46,4122.56,4347.18,4624.62,4087.69,4607.18,4203.59,4220,4176.92,4262.56,4564.1,4317.44,0
4287.18,4036.41,4250.26,4127.69,4353.85,4632.31,4090.77,4609.74,4208.72,4228.21,4187.18,4270.26,4574.87,4327.18,0
4281.54,4032.31,4249.23,4123.08,4351.79,4633.85,4090.77,4611.79,4207.69,4229.74,4191.79,4269.23,4577.44,4333.33,0
4275.38,4025.64,4244.62,4121.54,4347.69,4624.62,4090.26,4609.74,4207.18,4226.67,4192.82,4266.67,4581.03,4336.92,0
4280,4023.59,4245.64,4123.59,4348.21,4620,4090.77,4607.18,4205.64,4224.62,4193.85,4270.26,4586.15,4336.92,0
4286.67,4026.67,4248.21,4123.59,4349.74,4624.1,4090.77,4601.03,4196.92,4221.54,4196.92,4273.85,4586.67,4339.49,0
4288.21,4031.28,4251.28,4125.13,4352.31,4626.15,4091.79,4595.38,4191.28,4222.05,4196.41,4274.87,4588.72,4341.03,0
4285.64,4031.28,4252.82,4125.13,4351.79,4625.64,4092.31,4593.33,4188.21,4222.05,4195.9,4275.9,4588.21,4335.9,0
4283.59,4025.13,4248.72,4122.05,4348.21,4627.69,4095.9,4589.74,4186.15,4215.9,4194.36,4271.28,4581.03,4334.87,0
4283.08,4022.05,4245.64,4120.51,4349.23,4629.74,4095.9,4589.74,4186.67,4215.38,4190.26,4262.56,4577.44,4332.82,0
4281.54,4024.1,4246.67,4121.54,4351.79,4629.74,4093.85,4595.9,4185.64,4216.92,4188.72,4257.95,4576.41,4327.69,0
4281.54,4025.64,4250.26,4120.51,4351.79,4630.26,4096.92,4597.95,4185.13,4211.79,4184.1,4257.44,4570.77,4323.08,0
4285.64,4027.69,4251.28,4127.18,4350.77,4631.28,4098.97,4598.97,4191.28,4206.67,4176.41,4257.44,4568.72,4318.46,0
4282.56,4027.18,4248.72,4132.82,4348.72,4630.26,4097.95,4610.26,4203.59,4212.31,4178.97,4258.46,4570.26,4322.05,0
4281.03,4022.56,4246.15,4126.67,4348.21,4624.1,4097.44,4613.33,4206.15,4218.97,4187.69,4261.54,4572.31,4333.85,0
4287.18,4026.67,4246.15,4127.69,4354.36,4619.49,4093.33,4597.95,4198.46,4220.51,4190.26,4267.18,4581.54,4340.51,0
4288.72,4035.38,4248.21,4136.41,4360,4623.59,4089.74,4591.79,4192.82,4222.05,4192.82,4273.85,4587.69,4341.54,0
4288.72,4034.87,4249.23,4134.36,4358.46,4627.69,4092.31,4595.9,4192.31,4219.49,4190.26,4273.33,4581.54,4341.03,0
4290.77,4029.23,4247.18,4126.15,4356.92,4622.56,4092.82,4589.23,4185.64,4210.77,4182.05,4266.67,4575.38,4336.41,0
4289.23,4028.21,4247.18,4126.67,4352.82,4617.95,4086.15,4575.38,4174.36,4207.69,4184.1,4264.62,4578.97,4334.87,0
4290.77,4029.23,4248.21,4132.31,4346.67,4618.97,4085.64,4573.85,4176.92,4211.28,4192.82,4269.23,4585.64,4341.03,0
4300.51,4028.72,4248.21,4132.82,4348.72,4624.62,4095.38,4585.13,4190.26,4214.36,4195.9,4278.97,4587.18,4347.18,0
4302.56,4026.67,4250.77,4126.67,4355.9,4630.77,4102.56,4596.41,4197.44,4219.49,4193.85,4283.59,4585.13,4348.21,0
4293.85,4024.62,4250.26,4120,4353.33,4629.23,4098.97,4597.95,4189.74,4224.1,4193.85,4276.41,4582.56,4345.64,0
4289.74,4023.08,4237.95,4122.05,4345.64,4625.64,4092.31,4597.95,4193.85,4222.56,4193.85,4270.26,4580,4341.03,0
4284.1,4017.44,4230.26,4119.49,4342.05,4627.69,4093.85,4607.69,4211.28,4216.92,4186.15,4266.67,4576.92,4329.23,0
4280,4013.85,4232.31,4108.72,4343.59,4625.64,4093.33,4607.18,4202.56,4212.82,4178.97,4262.56,4575.38,4322.56,0
4289.74,4022.56,4233.85,4107.18,4348.21,4617.95,4084.62,4591.28,4185.13,4217.44,4187.69,4265.13,4583.08,4337.44,0
4298.46,4031.28,4238.46,4117.44,4351.79,4619.49,4086.15,4588.72,4192.31,4226.15,4198.97,4271.79,4592.31,4350.77,0
4295.38,4026.67,4244.1,4124.1,4353.33,4627.18,4097.95,4598.46,4201.03,4226.15,4196.41,4271.28,4592.31,4345.13,0
4289.74,4018.97,4244.1,4120,4350.77,4627.18,4097.95,4596.92,4193.85,4224.1,4193.33,4270.77,4589.74,4343.08,0
4290.26,4021.03,4243.08,4117.95,4346.67,4624.62,4089.74,4591.79,4194.36,4225.64,4195.9,4271.79,4590.77,4346.67,0
4296.92,4024.62,4247.18,4121.54,4346.15,4620.51,4090.26,4597.95,4203.59,4226.67,4193.85,4268.72,4591.28,4345.13,0
4302.56,4026.15,4248.72,4123.08,4349.74,4620.51,4095.38,4603.59,4201.54,4226.15,4192.82,4267.18,4591.28,4343.59,0
4298.46,4027.69,4247.69,4120.51,4351.28,4628.21,4100,4607.18,4204.1,4228.21,4201.54,4272.31,4598.97,4350.26,0
4298.46,4026.67,4250.26,4120.51,4352.82,4631.28,4101.54,4610.77,4212.31,4233.85,4207.69,4277.44,4604.1,4355.9,0
4303.08,4024.1,4250.26,4121.03,4354.36,4628.72,4098.97,4606.15,4201.54,4235.38,4200,4275.9,4598.97,4353.85,0
4301.03,4024.62,4247.18,4120,4352.82,4630.77,4098.97,4596.92,4184.1,4228.72,4195.9,4274.87,4593.85,4351.79,0
4303.59,4029.74,4253.85,4121.54,4351.79,4633.85,4101.54,4602.05,4196.92,4226.67,4203.59,4281.54,4598.46,4355.9,0
4311.79,4030.26,4263.59,4124.62,4350.26,4631.79,4098.46,4617.95,4218.46,4237.95,4209.74,4288.21,4604.62,4358.97,0
4312.82,4027.18,4262.56,4123.59,4348.21,4628.72,4091.79,4616.92,4208.21,4239.49,4207.18,4287.18,4602.56,4354.87,0
4307.69,4028.21,4257.95,4123.59,4347.18,4623.08,4088.21,4605.13,4195.9,4231.28,4205.64,4282.56,4598.46,4352.31,0
4301.54,4025.64,4254.36,4122.05,4344.1,4617.95,4087.18,4605.64,4200.51,4229.23,4204.1,4279.49,4593.85,4351.79,0
4301.54,4018.97,4249.23,4118.46,4342.56,4621.03,4090.77,4613.85,4205.13,4231.79,4202.05,4276.92,4590.26,4351.79,0
4306.15,4021.54,4247.69,4121.03,4346.15,4623.59,4095.38,4609.23,4198.97,4232.82,4202.56,4277.95,4594.87,4354.87,0
4303.08,4024.1,4254.87,4123.59,4346.15,4623.59,4099.49,4600.51,4188.72,4227.69,4202.56,4281.03,4595.9,4352.82,0
4300.51,4020.51,4260.51,4121.03,4345.13,4626.15,4103.59,4605.13,4185.64,4223.08,4202.56,4281.54,4592.82,4353.85,0
4309.74,4026.15,4265.13,4123.59,4353.85,4628.21,4104.1,4609.74,4192.82,4229.74,4206.15,4284.62,4601.03,4366.15,0
4319.49,4035.9,4268.21,4129.74,4360,4626.67,4097.95,4604.1,4197.44,4237.95,4210.77,4289.74,4611.79,4371.79,0
4314.36,4031.28,4263.59,4125.64,4356.41,4627.69,4095.9,4597.44,4190.26,4231.28,4207.69,4289.23,4605.64,4364.1,0
4304.1,4023.59,4262.05,4120.51,4356.92,4622.56,4095.38,4600,4186.67,4224.62,4200.51,4284.62,4597.44,4358.46,0
4301.03,4024.62,4263.59,4123.08,4357.95,4607.69,4091.28,4605.64,4193.33,4228.72,4197.95,4279.49,4598.46,4355.38,0
4303.59,4026.15,4255.38,4124.1,4352.82,4600.51,4092.82,4610.26,4205.13,4232.82,4201.54,4274.36,4601.03,4352.31,0
4306.67,4023.08,4250.77,4120,4350.77,4596.92,4100.51,4616.92,4216.41,4242.05,4208.72,4276.41,4604.62,4356.92,0
4304.1,4020,4258.97,4117.95,4351.28,4590.26,4103.59,4620.51,4214.36,4245.64,4212.31,4281.54,4609.23,4360.51,0
4300,4021.03,4262.05,4120,4345.64,4586.67,4097.95,4613.85,4202.05,4235.38,4206.15,4283.08,4605.64,4355.9,0
4303.08,4025.64,4261.03,4121.03,4344.1,4587.69,4095.38,4607.18,4198.97,4233.85,4202.56,4286.67,4600,4354.87,0
4306.15,4024.62,4262.56,4122.05,4350.26,4591.79,4101.03,4612.31,4209.23,4241.03,4208.72,4285.64,4600.51,4358.46,0
4302.05,4017.95,4258.97,4120.51,4348.72,4590.77,4103.59,4615.9,4206.15,4237.44,4205.64,4272.31,4597.44,4353.85,0
4300.51,4013.85,4256.92,4117.95,4348.21,4584.1,4100.51,4611.28,4193.85,4229.74,4195.9,4268.72,4591.28,4348.21,0
4312.31,4018.46,4265.13,4122.56,4355.9,4583.08,4100.51,4610.26,4200.51,4233.85,4200,4284.1,4593.85,4356.41,0
4316.41,4024.62,4268.21,4126.15,4356.41,4586.67,4102.56,4612.82,4213.85,4242.05,4209.23,4291.79,4598.97,4361.03,0
4307.18,4022.56,4262.56,4122.56,4350.26,4583.08,4098.97,4616.92,4210.26,4240,4206.67,4284.62,4592.82,4353.85,0
4298.97,4013.33,4261.54,4121.54,4347.69,4579.49,4093.33,4620.51,4205.13,4233.85,4198.97,4277.95,4588.72,4348.72,0
4297.44,4008.72,4260,4118.46,4346.15,4581.03,4092.82,4623.59,4208.72,4236.41,4201.54,4274.87,4594.36,4351.79,0
4298.97,4009.23,4254.36,4107.69,4344.62,4581.54,4096.41,4626.67,4207.18,4239.49,4206.15,4275.38,4594.36,4352.31,0
4293.33,4003.59,4249.74,4104.1,4344.62,4583.59,4098.97,4624.1,4205.64,4236.92,4198.97,4274.36,4584.62,4346.67,0
4290.77,4001.54,4250.26,4106.67,4345.64,4582.56,4099.49,4618.46,4211.28,4240,4194.87,4268.72,4584.62,4345.64,0
4297.44,4012.82,4250.77,4109.74,4345.13,4582.05,4096.92,4616.41,4206.67,4248.21,4203.59,4268.21,4597.44,4351.28,0
4299.49,4018.97,4248.21,4115.38,4346.15,4583.08,4093.85,4615.9,4199.49,4246.15,4206.67,4271.28,4599.49,4350.77,0
4295.38,4014.87,4248.21,4120,4348.72,4579.49,4094.87,4615.9,4205.64,4240.51,4200,4273.33,4594.36,4349.74,0
4293.33,4016.41,4254.87,4119.49,4350.26,4577.44,4102.05,4619.49,4202.05,4234.87,4196.41,4273.85,4592.31,4349.74,0
4295.38,4015.38,4257.95,4113.33,4347.69,4578.46,4108.21,4625.64,4196.41,4230.26,4196.92,4271.79,4589.74,4345.13,0
4298.46,4011.28,4255.9,4111.79,4346.15,4573.33,4103.59,4627.18,4207.18,4236.41,4200,4272.31,4593.33,4345.13,0
4298.97,4011.28,4257.44,4116.41,4349.74,4568.21,4097.95,4617.95,4204.62,4242.05,4205.64,4276.92,4602.05,4355.9,0
4296.92,4010.26,4258.46,4114.36,4349.23,4572.31,4099.49,4604.1,4187.69,4239.49,4205.13,4277.44,4598.46,4356.92,0
4297.95,4010.77,4256.92,4107.69,4346.15,4572.82,4100,4600.51,4190.26,4234.36,4201.03,4275.9,4593.33,4348.72,0
4300.51,4015.38,4255.9,4109.23,4349.23,4569.74,4096.41,4607.18,4198.46,4231.28,4197.44,4277.95,4596.92,4348.21,0
4298.97,4015.9,4254.87,4116.41,4352.82,4576.41,4096.92,4612.82,4195.38,4229.74,4197.95,4276.92,4594.36,4348.21,0
4297.95,4014.87,4253.33,4116.41,4348.72,4582.05,4103.59,4618.46,4205.64,4235.9,4202.05,4275.9,4593.33,4347.18,0
4297.44,4015.9,4250.77,4115.38,4342.56,4577.44,4106.15,4624.1,4214.36,4241.54,4203.08,4281.54,4600.51,4351.28,0
4297.44,4014.87,4250.77,4115.9,4349.23,4575.9,4103.08,4621.54,4203.08,4240.51,4202.05,4281.03,4601.03,4353.85,0
4300,4018.46,4259.49,4121.03,4360,4581.03,4098.97,4617.44,4197.95,4242.56,4205.13,4278.46,4600,4353.85,0
4304.62,4026.67,4267.69,4127.18,4358.46,4580,4096.41,4616.92,4204.62,4244.1,4210.77,4282.56,4605.64,4358.97,0
4307.69,4026.67,4263.59,4124.62,4350.77,4580.51,4092.82,4614.87,4206.15,4242.05,4212.82,4284.62,4610.26,4364.1,0
4304.1,4022.56,4258.97,4121.54,4352.82,4584.1,4088.21,4612.31,4202.05,4241.03,4207.18,4281.03,4608.72,4356.41,0
4296.92,4018.97,4254.36,4121.03,4357.44,4576.41,4090.77,4608.21,4198.97,4237.95,4196.41,4271.28,4597.95,4340,0
4292.82,4015.9,4247.69,4121.03,4351.28,4569.23,4096.92,4599.49,4189.23,4224.62,4187.69,4260,4584.62,4336.41,0
4289.74,4012.82,4246.15,4120,4345.64,4574.87,4099.49,4597.95,4184.1,4216.92,4187.18,4257.95,4585.13,4346.15,0
4287.69,4012.82,4246.15,4118.46,4346.67,4574.36,4101.03,4610.77,4194.36,4227.18,4194.36,4266.67,4596.41,4351.28,0
4291.28,4015.9,4246.67,4119.49,4345.64,4569.74,4100,4616.92,4200.51,4236.92,4202.05,4275.9,4602.05,4352.31,0
4298.46,4020,4251.79,4122.56,4348.72,4571.79,4091.79,4610.26,4196.92,4237.95,4208.21,4281.03,4600,4356.41,0
4301.54,4021.03,4256.41,4124.1,4353.33,4571.28,4087.18,4608.72,4194.36,4237.44,4212.31,4283.08,4602.56,4357.44,0
4302.56,4022.56,4255.9,4123.59,4353.85,4570.26,4091.28,4609.74,4193.33,4238.97,4214.36,4285.64,4609.74,4355.38,0
4305.64,4023.08,4256.92,4122.05,4354.87,4574.87,4092.82,4601.54,4188.21,4234.87,4211.79,4289.23,4608.21,4354.36,0
4300.51,4016.41,4254.36,4116.41,4354.36,4573.33,4089.23,4594.36,4184.62,4225.64,4200,4280.51,4595.9,4347.18,0
4291.79,4009.74,4247.69,4115.38,4349.74,4570.26,4089.74,4594.36,4181.03,4216.41,4189.74,4268.72,4586.67,4339.49,0
4288.72,4007.69,4243.59,4120,4345.64,4577.44,4093.85,4598.46,4179.49,4216.92,4190.77,4269.74,4585.64,4338.97,0
4286.67,4006.67,4238.46,4114.36,4348.21,4578.97,4097.44,4603.59,4187.18,4222.56,4193.85,4271.28,4586.15,4337.44,0
4285.13,4005.13,4234.87,4111.28,4349.74,4575.9,4097.95,4612.31,4194.87,4220,4192.31,4267.69,4588.21,4333.85,0
4288.72,4005.13,4242.56,4116.92,4345.13,4577.44,4097.95,4623.08,4202.56,4223.08,4195.9,4269.74,4592.82,4338.97,0
4295.9,4004.62,4249.23,4112.82,4341.54,4577.95,4095.38,4624.62,4205.64,4235.38,4203.59,4274.36,4596.41,4343.59,0
4300,4007.69,4244.1,4109.74,4344.62,4576.92,4091.28,4614.36,4198.97,4238.46,4205.13,4273.33,4597.95,4344.62,0
4303.59,4014.87,4246.67,4119.49,4352.31,4579.49,4094.36,4611.79,4196.92,4235.9,4205.64,4276.41,4603.08,4351.28,0
4305.64,4016.41,4253.85,4126.15,4352.31,4584.62,4100.51,4620,4201.54,4235.9,4207.69,4282.56,4606.67,4352.82,0
4299.49,4009.23,4249.74,4119.49,4346.15,4582.05,4097.44,4615.38,4195.9,4231.28,4205.64,4281.03,4597.44,4343.59,0
4295.9,4007.18,4244.1,4115.38,4344.62,4576.41,4090.26,4604.62,4189.74,4227.18,4202.05,4278.97,4592.31,4345.13,0
4303.59,4017.95,4251.28,4118.97,4349.74,4577.44,4089.23,4611.79,4204.1,4235.38,4207.18,4286.15,4603.59,4361.03,0
4313.33,4024.62,4262.05,4125.64,4352.31,4578.46,4089.74,4625.13,4215.38,4241.54,4216.41,4291.79,4612.82,4367.18,0
4312.31,4018.46,4261.03,4125.64,4347.18,4574.36,4088.21,4623.08,4204.62,4237.44,4213.33,4287.69,4607.69,4357.95,0
4305.64,4013.33,4255.38,4120.51,4344.1,4575.38,4089.74,4614.36,4189.23,4230.77,4204.62,4281.03,4597.95,4348.72,0
4303.59,4018.46,4258.97,4122.05,4345.13,4584.62,4096.41,4615.38,4187.69,4224.1,4204.1,4280,4593.33,4350.26,0
4308.21,4020.51,4263.59,4124.62,4346.67,4587.69,4100.51,4621.54,4195.38,4223.59,4202.05,4283.08,4592.31,4352.82,0
4309.74,4018.46,4263.08,4124.62,4346.67,4583.08,4093.85,4619.49,4196.41,4225.64,4196.92,4285.64,4594.87,4351.28,0
4302.56,4020,4260.51,4124.62,4344.1,4576.92,4085.64,4610.77,4193.85,4226.67,4197.44,4282.56,4596.92,4351.79,0
4297.95,4021.54,4258.46,4126.15,4346.67,4575.9,4088.21,4608.21,4193.33,4227.18,4200.51,4278.46,4598.97,4355.38,0
4303.08,4023.59,4261.03,4128.21,4348.72,4575.38,4086.67,4605.13,4192.82,4225.64,4205.13,4283.08,4603.08,4357.95,0
4306.15,4023.08,4263.59,4127.69,4343.08,4571.28,4082.05,4598.97,4193.85,4223.08,4207.69,4286.67,4601.54,4358.46,0
4300,4014.36,4261.03,4121.54,4338.97,4577.95,4087.18,4604.1,4197.95,4226.15,4202.56,4283.59,4595.9,4351.28,0
4295.9,4008.21,4260,4120,4343.59,4586.67,4091.79,4617.95,4201.54,4233.85,4198.46,4281.54,4596.41,4343.08,0
4298.97,4014.87,4262.56,4123.59,4345.64,4575.38,4086.15,4617.44,4194.87,4231.28,4198.97,4282.56,4597.95,4349.23,0
4301.54,4021.03,4260.51,4124.62,4345.13,4566.15,4081.03,4606.67,4187.18,4223.08,4197.44,4282.56,4593.33,4358.46,0
4301.03,4018.46,4259.49,4126.15,4347.18,4577.44,4083.59,4605.13,4187.18,4224.62,4197.44,4281.54,4594.87,4353.85,0
4298.97,4014.36,4257.44,4125.13,4346.15,4583.08,4087.69,4605.13,4189.74,4226.15,4195.9,4279.49,4599.49,4349.23,0
4301.03,4012.31,4254.36,4123.59,4346.15,4575.9,4086.67,4601.54,4188.21,4224.1,4196.41,4277.44,4600,4356.92,0
4305.13,4011.79,4258.46,4126.15,4348.72,4571.28,4085.64,4602.56,4191.28,4225.13,4203.08,4281.54,4601.54,4359.49,0
4303.59,4011.28,4263.08,4127.18,4346.67,4571.28,4085.64,4609.23,4201.03,4231.79,4207.69,4285.64,4604.1,4353.85,0
4306.67,4013.85,4262.05,4127.69,4347.18,4574.36,4085.64,4613.85,4205.13,4232.82,4210.26,4288.72,4609.23,4361.54,0
4320,4022.05,4268.72,4134.87,4352.82,4576.41,4087.69,4618.97,4205.64,4230.77,4216.41,4295.38,4616.92,4374.36,0
4326.67,4028.21,4284.1,4143.59,4349.23,4572.31,4090.26,4621.54,4198.97,4235.9,4214.87,4302.56,4616.92,4376.41,0
4319.49,4018.46,4284.1,4137.95,4338.46,4566.15,4091.28,4615.9,4185.64,4233.33,4204.62,4299.49,4603.59,4366.67,0
4312.31,4004.62,4270.26,4121.54,4337.95,4568.21,4090.26,4603.08,4178.46,4220.51,4200,4290.26,4595.9,4360,0
4312.31,4003.59,4259.49,4117.44,4342.56,4570.77,4085.13,4591.79,4178.97,4215.9,4195.9,4284.62,4594.87,4357.44,0
4305.13,4008.72,4251.79,4123.59,4337.44,4570.77,4083.08,4590.77,4180.51,4213.85,4182.56,4273.33,4586.15,4345.13,0
4292.31,4006.67,4244.62,4118.97,4329.74,4573.85,4085.64,4596.92,4185.64,4207.18,4173.85,4260.51,4576.92,4335.38,0
4290.77,4002.56,4245.64,4113.33,4337.44,4572.31,4080.51,4597.44,4193.33,4212.82,4184.1,4263.59,4583.59,4344.1,0
4301.03,4008.72,4253.85,4121.54,4346.67,4570.77,4077.95,4597.44,4195.38,4229.74,4199.49,4276.41,4599.49,4353.33,0
4301.54,4013.85,4257.44,4124.1,4341.03,4573.85,4085.13,4606.15,4198.46,4235.38,4197.95,4279.49,4601.03,4354.36,0
4302.56,4014.87,4260.51,4125.13,4337.95,4572.82,4086.15,4612.82,4197.95,4228.72,4192.82,4275.9,4597.95,4360,0
4309.74,4016.41,4261.54,4133.85,4346.15,4571.28,4082.05,4609.23,4191.79,4223.08,4201.54,4278.46,4604.62,4361.03,0
4301.54,4012.31,4252.31,4129.23,4346.67,4580,4088.21,4610.77,4191.28,4223.08,4205.13,4284.1,4606.67,4354.87,0
4291.28,4007.18,4245.64,4118.97,4341.03,4583.59,4094.36,4611.79,4195.9,4226.67,4195.38,4281.03,4598.46,4354.36,0
4296.92,4008.72,4249.23,4123.08,4343.59,4580,4090.26,4598.97,4187.69,4222.56,4188.72,4271.79,4593.33,4352.31,0
4300.51,4010.77,4251.28,4126.15,4340,4581.54,4087.69,4589.23,4176.92,4213.85,4187.69,4267.69,4592.82,4350.26,0
4296.92,4007.18,4247.69,4120,4332.31,4579.49,4088.21,4591.79,4180.51,4213.85,4188.72,4272.31,4590.77,4354.87,0
4297.44,4004.1,4251.79,4120,4335.38,4570.77,4086.15,4594.87,4189.74,4218.46,4192.31,4277.95,4593.85,4356.41,0
4296.41,4004.62,4257.95,4121.54,4337.44,4569.74,4087.69,4605.13,4196.41,4224.62,4195.38,4282.05,4595.38,4353.85,0
4296.41,4008.21,4259.49,4121.03,4332.31,4577.95,4090.77,4617.95,4202.56,4231.79,4196.41,4283.08,4593.85,4358.97,0
4303.08,4011.28,4261.03,4125.13,4336.92,4582.56,4091.28,4619.49,4205.64,4232.82,4198.46,4284.1,4599.49,4364.1,0
4305.13,4010.77,4264.1,4128.72,4344.62,4584.1,4089.74,4618.97,4205.64,4230.77,4202.56,4284.1,4606.67,4361.03,0
4304.1,4012.82,4263.08,4127.18,4341.54,4585.13,4089.23,4616.92,4194.36,4231.28,4203.08,4283.59,4603.59,4357.95,0
4305.13,4016.41,4260,4127.18,4342.05,4585.13,4091.79,4604.62,4179.49,4227.69,4201.54,4284.1,4600.51,4364.1,0
4304.1,4015.38,4263.08,4131.79,4345.13,4585.64,4096.92,4600.51,4186.67,4227.18,4205.13,4287.18,4605.64,4369.23,0
4304.1,4010.26,4266.15,4131.28,4339.49,4584.62,4101.03,4606.15,4198.46,4231.79,4205.13,4291.28,4607.18,4361.03,0
4305.13,4004.62,4263.59,4124.1,4336.41,4584.1,4102.05,4602.05,4187.18,4222.56,4197.44,4287.18,4598.97,4354.87,0
4304.62,4007.18,4262.56,4124.1,4341.54,4585.64,4098.97,4600.51,4188.21,4218.97,4198.46,4285.13,4598.97,4364.62,0
4306.67,4015.9,4264.62,4131.28,4346.15,4584.62,4098.46,4612.31,4212.31,4238.97,4208.72,4289.74,4609.23,4368.72,0
4306.15,4015.9,4260.51,4129.23,4344.1,4578.97,4096.92,4615.9,4210.77,4245.13,4205.64,4283.59,4610.26,4356.41,0
4296.41,4006.15,4250.26,4120.51,4338.97,4576.92,4087.69,4606.67,4189.23,4227.18,4192.31,4270.77,4595.9,4344.62,0
4284.62,4001.54,4245.64,4118.46,4337.44,4578.46,4085.64,4604.62,4189.74,4218.46,4184.62,4268.21,4584.1,4345.13,0
4283.59,4002.56,4248.21,4120.51,4341.03,4581.54,4095.9,4611.28,4203.08,4225.13,4188.72,4272.82,4588.21,4347.69,0
4289.23,4002.05,4249.23,4121.03,4342.05,4585.13,4100.51,4615.38,4200.51,4227.69,4197.95,4275.9,4596.41,4346.67,0
4293.85,4003.59,4247.69,4121.03,4333.85,4580,4093.85,4609.23,4190.77,4223.08,4194.36,4279.49,4595.38,4350.77,0
4298.46,4008.72,4254.36,4126.15,4331.79,4573.33,4089.23,4601.03,4190.26,4221.54,4191.28,4283.59,4598.97,4364.62,0
4307.18,4015.9,4264.1,4132.82,4340.51,4579.49,4093.33,4605.64,4194.36,4228.72,4204.62,4288.21,4611.79,4375.38,0
4313.33,4020,4267.18,4135.9,4344.1,4588.72,4095.38,4616.92,4195.9,4231.79,4211.79,4294.36,4613.33,4374.36,0
4309.74,4016.92,4263.59,4135.9,4337.95,4585.64,4090.77,4616.92,4192.82,4225.64,4199.49,4291.28,4604.1,4367.69,0
4306.67,4014.36,4262.05,4132.82,4336.41,4579.49,4086.67,4607.18,4188.72,4221.54,4194.87,4284.62,4603.08,4363.08,0
4310.26,4016.41,4264.62,4132.31,4337.95,4573.33,4086.67,4604.62,4192.31,4222.05,4201.03,4284.1,4602.56,4358.46,0
4305.13,4010.26,4259.49,4132.31,4327.69,4570.26,4086.15,4611.28,4197.95,4214.87,4196.41,4283.59,4595.38,4352.31,0
4297.44,4006.15,4255.38,4129.74,4328.72,4573.85,4084.62,4613.33,4195.38,4213.85,4194.36,4282.56,4597.44,4358.97,0
4302.56,4015.38,4262.56,4131.28,4341.54,4572.82,4085.64,4611.79,4191.28,4226.15,4204.62,4284.62,4607.18,4368.21,0
4309.23,4018.97,4264.62,4133.33,4340.51,4568.72,4084.62,4611.28,4190.26,4228.21,4204.1,4285.64,4607.69,4365.13,0
4303.08,4011.79,4253.85,4127.69,4333.85,4575.9,4081.54,4608.72,4187.18,4214.36,4194.36,4283.08,4600.51,4357.95,0
4294.36,4010.26,4247.69,4120.51,4336.41,4584.62,4084.62,4602.05,4186.15,4214.87,4191.79,4278.97,4596.41,4353.85,0
4290.77,4012.31,4249.23,4121.03,4334.36,4578.97,4083.59,4597.95,4187.69,4225.13,4191.28,4275.9,4593.85,4349.74,0
4287.69,4006.15,4246.67,4118.97,4323.59,4571.79,4075.9,4601.03,4188.72,4218.46,4189.23,4272.31,4590.77,4351.28,0
4289.23,4003.59,4244.1,4117.44,4325.13,4572.82,4075.9,4607.69,4194.36,4212.31,4192.31,4271.79,4590.26,4354.36,0
4293.33,4010.26,4246.67,4122.05,4329.23,4573.33,4079.49,4612.82,4200,4219.49,4195.9,4275.38,4596.41,4349.23,0
4291.28,4008.72,4247.69,4122.05,4321.03,4569.74,4079.49,4615.38,4193.33,4217.95,4194.87,4278.97,4596.92,4348.21,0
4291.79,4005.13,4247.69,4117.44,4317.44,4568.72,4082.56,4612.82,4179.49,4205.64,4191.79,4281.54,4589.23,4352.82,0
4296.92,4015.38,4252.82,4122.05,4328.72,4574.87,4082.05,4602.56,4173.85,4207.18,4191.79,4281.54,4589.74,4355.38,0
4299.49,4026.67,4262.05,4132.82,4337.44,4578.97,4076.92,4592.82,4178.46,4214.36,4195.38,4281.54,4599.49,4359.49,0
4297.95,4023.59,4265.13,4130.26,4334.36,4576.41,4077.95,4592.31,4182.56,4211.28,4194.87,4280.51,4596.41,4362.05,0
4293.85,4018.97,4257.44,4123.08,4333.85,4577.95,4080,4594.36,4178.46,4202.05,4187.18,4276.92,4582.56,4357.44,0
4293.85,4024.62,4248.72,4124.62,4334.87,4585.64,4076.41,4593.33,4180.51,4201.54,4186.15,4272.31,4582.56,4353.33,0
4295.9,4026.15,4247.69,4123.08,4330.77,4587.18,4084.1,4599.49,4196.41,4215.38,4193.85,4272.82,4592.31,4349.74,0
4294.36,4023.59,4255.38,4123.08,4330.26,4582.56,4092.31,4612.82,4201.54,4227.18,4196.92,4277.44,4593.33,4349.74,0
4300.51,4029.23,4263.59,4134.36,4334.36,4581.03,4086.67,4613.33,4190.26,4226.15,4197.95,4283.08,4595.9,4359.49,0
4312.82,4039.49,4266.67,4141.03,4335.38,4582.05,4084.62,4609.23,4186.67,4222.56,4200.51,4288.21,4598.97,4360,0
4311.79,4039.49,4264.1,4136.92,4330.26,4584.1,4090.26,4612.82,4188.21,4220.51,4195.38,4283.59,4593.33,4351.28,0
4305.64,4034.87,4268.72,4136.92,4326.15,4581.03,4083.08,4604.1,4176.41,4211.79,4188.72,4275.38,4589.74,4358.46,0
4310.26,4038.46,4275.9,4141.03,4330.77,4577.95,4074.36,4586.15,4173.33,4208.21,4189.23,4278.46,4598.46,4367.69,0
4315.9,4045.64,4272.31,4141.54,4341.03,4583.08,4080.51,4588.21,4188.21,4222.05,4191.28,4285.13,4606.15,4365.13,0
4316.41,4044.62,4270.77,4141.03,4344.1,4587.69,4089.23,4604.1,4198.46,4233.33,4186.67,4287.69,4607.18,4367.18,0
4315.38,4042.56,4273.33,4142.56,4341.03,4586.67,4088.72,4609.23,4198.97,4235.9,4182.56,4291.28,4606.15,4365.13,0
4311.28,4045.64,4268.72,4141.54,4341.03,4586.67,4086.15,4607.69,4198.97,4233.85,4180.51,4287.69,4605.64,4354.36,0
4306.67,4044.1,4263.08,4139.49,4337.95,4582.56,4081.54,4609.23,4197.95,4231.79,4178.46,4281.03,4607.18,4353.33,0
4301.03,4036.41,4262.05,4137.44,4330.26,4576.41,4077.44,4605.13,4190.26,4228.21,4173.85,4282.05,4603.59,4357.44,0
4295.38,4035.38,4253.85,4131.79,4330.77,4580,4082.05,4601.03,4185.13,4217.44,4167.18,4280.51,4593.85,4352.82,0
4294.36,4037.95,4246.15,4127.69,4333.85,4587.69,4086.67,4607.69,4195.38,4212.82,4163.59,4273.33,4593.85,4350.77,0
4294.87,4035.38,4252.82,4133.33,4335.38,4587.69,4084.62,4610.77,4202.56,4225.13,4166.67,4271.79,4601.03,4356.92,0
4299.49,4038.46,4261.54,4141.03,4337.44,4584.1,4083.08,4598.46,4190.26,4234.36,4172.82,4281.03,4604.62,4359.49,0
4305.13,4041.54,4266.15,4140,4334.36,4586.15,4086.15,4591.28,4185.13,4227.18,4170.77,4287.18,4601.54,4352.82,0
4298.46,4034.36,4265.13,4135.38,4327.69,4586.67,4088.21,4597.95,4195.38,4223.08,4162.56,4282.05,4592.82,4349.74,0
4290.26,4029.74,4262.05,4132.31,4324.62,4583.08,4085.13,4600,4195.9,4223.59,4160.51,4271.79,4587.69,4352.31,0
4293.85,4027.69,4260.51,4126.67,4324.1,4581.54,4085.64,4598.97,4185.13,4218.46,4160.51,4265.13,4586.15,4351.28,0
4295.9,4023.59,4261.03,4125.64,4322.05,4584.62,4091.79,4600,4182.56,4214.36,4156.92,4270.26,4582.05,4349.74,0
4292.82,4024.62,4263.59,4133.33,4321.54,4585.13,4089.23,4596.41,4182.05,4215.38,4156.41,4279.49,4581.03,4352.82,0
4297.95,4031.79,4265.64,4137.95,4324.62,4580.51,4076.92,4593.33,4178.97,4218.97,4162.56,4280.51,4589.74,4357.44,0
4307.18,4034.87,4266.15,4136.92,4327.18,4577.95,4074.87,4593.33,4183.08,4223.08,4168.21,4281.03,4598.97,4363.59,0
4304.62,4035.9,4265.64,4136.92,4327.69,4581.03,4080,4594.87,4190.26,4224.1,4168.21,4285.13,4596.41,4360,0
4296.41,4033.85,4262.56,4136.41,4325.13,4582.05,4077.44,4598.97,4191.79,4222.05,4163.08,4280,4590.26,4346.67,0
4295.38,4033.33,4259.49,4135.38,4327.69,4580,4069.74,4602.05,4191.28,4221.54,4166.67,4272.82,4595.9,4353.33,0
4306.67,4042.05,4263.08,4140,4333.85,4584.1,4071.28,4599.49,4191.79,4226.67,4177.44,4280.51,4605.13,4368.21,0
4307.69,4043.08,4265.13,4142.56,4334.87,4587.69,4077.95,4596.41,4181.03,4225.64,4172.31,4284.1,4601.54,4356.92,0
4292.31,4034.87,4256.92,4138.46,4326.67,4584.1,4077.44,4596.92,4171.79,4212.31,4156.41,4271.28,4590.26,4342.56,0
4288.21,4031.79,4253.85,4136.41,4321.54,4582.05,4071.28,4600.51,4177.95,4205.64,4155.38,4266.67,4587.18,4345.64,0
4294.87,4032.82,4260,4138.46,4325.64,4579.49,4068.21,4596.92,4183.59,4214.36,4166.15,4272.82,4592.82,4350.26,0
4296.92,4034.36,4263.08,4139.49,4329.23,4577.44,4069.23,4589.74,4182.05,4222.56,4172.31,4278.46,4600.51,4353.33,0
4297.44,4032.82,4261.03,4136.92,4324.62,4582.05,4070.26,4590.77,4177.44,4222.05,4175.38,4281.54,4601.03,4356.41,0
4300.51,4025.13,4258.46,4134.36,4318.97,4585.13,4069.74,4594.36,4175.9,4216.92,4174.87,4278.46,4594.87,4352.31,0
4301.54,4025.13,4258.97,4136.41,4322.05,4583.59,4075.38,4594.87,4182.56,4217.44,4168.21,4278.97,4593.33,4349.23,0
4300.51,4033.85,4265.64,4142.05,4329.23,4585.64,4086.15,4604.62,4191.79,4225.13,4165.64,4285.64,4595.9,4354.36,0
4302.05,4030.77,4269.74,4142.56,4326.15,4587.69,4088.21,4610.77,4190.77,4223.08,4172.31,4286.15,4596.41,4357.95,0
4302.56,4024.1,4265.13,4139.49,4327.18,4587.18,4085.64,4601.54,4184.1,4218.97,4176.92,4280.51,4596.92,4359.49,0
4303.59,4030.77,4263.59,4140,4338.97,4590.77,4086.67,4598.97,4189.23,4228.72,4177.44,4284.1,4604.62,4359.49,0
4304.62,4032.31,4264.62,4140.51,4333.85,4591.28,4083.59,4606.67,4199.49,4235.38,4178.97,4288.21,4605.64,4351.79,0
4303.59,4023.59,4263.08,4140,4320.51,4588.72,4081.54,4605.64,4196.41,4229.23,4178.46,4284.62,4600,4352.31,0
4303.59,4023.08,4264.1,4138.97,4327.69,4588.72,4084.1,4600.51,4188.72,4226.67,4179.49,4283.59,4603.08,4365.64,0
4300,4022.05,4259.49,4130.26,4332.31,4587.18,4085.13,4607.18,4189.74,4229.74,4181.03,4281.03,4605.64,4362.05,0
4291.79,4010.26,4247.18,4120.51,4318.97,4585.13,4085.64,4609.23,4193.33,4228.72,4175.9,4275.38,4596.92,4345.64,0
4291.28,4009.23,4243.59,4120.51,4318.97,4585.64,4086.67,4600.51,4190.26,4228.21,4174.36,4276.41,4592.82,4348.21,0
4298.97,4016.92,4249.74,4122.56,4326.67,4585.13,4083.59,4601.54,4185.64,4227.18,4177.95,4280.51,4596.41,4353.85,0
4298.97,4012.82,4248.21,4119.49,4318.97,4587.18,4081.54,4609.74,4185.13,4220.51,4174.36,4273.33,4591.28,4344.1,0
4292.31,4006.67,4244.62,4118.46,4317.95,4592.82,4089.23,4609.74,4189.23,4214.87,4168.21,4268.72,4584.62,4345.13,0
4300.51,4015.38,4249.23,4122.56,4330.26,4590.77,4092.31,4606.67,4193.33,4218.46,4173.33,4277.95,4592.31,4359.49,0
4310.77,4021.54,4251.79,4124.1,4329.23,4584.1,4086.67,4604.1,4191.79,4227.69,4181.03,4286.15,4602.05,4358.97,0
4303.08,4014.87,4247.69,4120,4321.54,4584.1,4086.67,4604.1,4191.79,4229.23,4180.51,4281.54,4598.46,4350.26,0
4293.33,4009.23,4245.64,4120.51,4327.18,4586.15,4089.74,4607.69,4191.79,4225.13,4177.44,4274.87,4593.85,4350.77,0
4291.79,4008.72,4247.18,4118.46,4328.72,4585.13,4087.18,4607.18,4187.69,4222.56,4175.38,4274.36,4594.87,4347.69,0
4292.31,4008.21,4244.62,4107.69,4316.41,4585.64,4079.49,4600.51,4182.05,4220.51,4173.85,4272.31,4593.33,4345.13,0
4296.92,4011.79,4243.08,4107.69,4314.36,4584.1,4072.82,4595.38,4181.03,4222.05,4176.41,4272.31,4594.36,4351.79,0
4301.54,4017.44,4248.21,4118.97,4326.67,4585.64,4076.41,4595.9,4185.64,4225.64,4179.49,4273.33,4596.92,4352.82,0
4300.51,4018.97,4251.79,4122.05,4332.31,4595.38,4086.67,4603.08,4193.33,4224.1,4178.97,4272.82,4597.44,4351.79,0
4302.56,4018.97,4250.77,4117.95,4328.72,4597.44,4083.08,4605.64,4192.31,4223.08,4179.49,4272.31,4598.97,4357.95,0
4304.62,4017.95,4249.74,4120,4325.64,4588.72,4073.33,4597.44,4184.1,4224.1,4181.54,4273.85,4601.03,4358.97,0
4301.03,4016.92,4251.28,4121.54,4326.15,4589.23,4080,4597.44,4183.08,4223.59,4182.05,4276.92,4600.51,4350.77,0
4301.03,4018.97,4250.26,4120,4328.72,4598.46,4088.72,4609.23,4187.18,4220,4179.49,4276.92,4598.46,4348.21,0
4305.13,4025.64,4248.72,4121.03,4334.87,4595.9,4084.62,4610.26,4194.36,4224.1,4178.97,4278.46,4604.1,4354.36,0
4306.15,4028.21,4253.33,4122.56,4338.46,4593.85,4080,4600.51,4194.36,4229.74,4180.51,4278.46,4607.18,4357.95,0
4306.67,4024.1,4256.41,4122.05,4333.33,4599.49,4084.1,4598.97,4183.59,4222.05,4178.46,4273.33,4598.97,4355.38,0
4310.77,4022.05,4254.36,4122.05,4329.23,4594.87,4084.62,4605.13,4187.69,4217.95,4178.46,4273.85,4597.95,4356.92,0
4310.77,4025.13,4252.31,4123.08,4332.82,4587.18,4080.51,4607.18,4199.49,4226.67,4186.67,4278.46,4609.74,4362.05,0
4304.62,4025.64,4251.79,4122.05,4335.38,4590.77,4079.49,4601.03,4191.79,4230.26,4191.28,4275.9,4611.79,4359.49,0
4302.05,4024.62,4248.72,4121.54,4336.41,4597.95,4076.92,4595.9,4182.05,4223.08,4184.1,4270.26,4603.59,4353.33,0
4303.59,4026.67,4247.18,4123.08,4337.44,4597.95,4078.97,4599.49,4193.33,4224.1,4178.97,4270.26,4602.56,4354.36,0
4302.56,4027.18,4250.77,4122.56,4338.46,4593.85,4085.64,4606.67,4205.64,4227.69,4179.49,4269.23,4600.51,4355.38,0
4300,4019.49,4249.23,4119.49,4333.85,4591.79,4087.18,4607.69,4195.9,4218.97,4173.33,4267.18,4592.31,4350.77,0
4300.51,4016.92,4247.69,4118.46,4329.74,4593.33,4085.13,4604.62,4186.15,4213.85,4169.23,4270.26,4589.74,4349.74,0
4305.13,4021.03,4257.44,4121.54,4334.36,4597.95,4087.18,4609.23,4196.92,4222.05,4176.92,4275.9,4595.38,4358.46,0
4307.69,4023.08,4262.56,4122.56,4338.46,4598.97,4091.28,4612.82,4201.03,4227.18,4181.54,4276.41,4597.95,4363.08,0
4305.13,4020.51,4254.36,4121.03,4333.85,4594.36,4088.21,4606.15,4181.03,4221.54,4175.38,4268.21,4596.41,4355.38,0
4303.08,4020,4253.85,4120,4327.69,4589.74,4080.51,4600.51,4177.44,4216.41,4172.31,4269.23,4597.44,4357.44,0
4309.23,4025.64,4266.67,4121.54,4332.31,4593.33,4080,4603.59,4198.97,4220,4183.08,4284.62,4604.62,4373.85,0
4314.36,4028.72,4267.69,4123.08,4340.51,4601.54,4087.18,4608.21,4208.21,4228.21,4195.9,4291.28,4608.21,4373.85,0
4307.69,4024.1,4255.9,4118.97,4336.41,4604.62,4087.69,4610.26,4203.08,4231.79,4193.33,4282.56,4604.1,4357.44,0
4298.97,4017.44,4249.23,4113.85,4329.23,4597.95,4082.05,4608.21,4196.92,4226.67,4184.62,4273.85,4599.49,4354.87,0
4297.44,4015.38,4250.26,4115.38,4326.15,4589.74,4078.97,4603.59,4194.87,4221.54,4186.15,4273.85,4599.49,4361.54,0
4304.62,4017.44,4250.26,4115.9,4327.69,4590.77,4077.95,4610.77,4202.56,4228.21,4195.38,4282.56,4607.18,4363.59,0
4310.77,4023.08,4251.28,4116.41,4334.36,4598.46,4078.97,4618.97,4207.69,4236.41,4200.51,4286.67,4615.9,4369.23,0
4308.21,4026.15,4254.36,4121.03,4337.95,4604.62,4085.64,4615.9,4203.59,4233.85,4199.49,4278.97,4615.9,4367.69,0
4301.54,4023.59,4252.31,4116.92,4335.9,4607.18,4087.18,4613.85,4197.95,4227.69,4195.38,4272.82,4608.72,4356.41,0
4298.46,4023.08,4245.64,4112.82,4332.82,4601.54,4076.41,4607.18,4193.85,4224.1,4189.23,4272.82,4602.56,4354.87,0
4299.49,4022.05,4247.18,4117.44,4328.72,4593.33,4072.82,4596.41,4191.28,4221.03,4183.59,4271.28,4600,4356.41,0
4300.51,4017.95,4249.74,4118.97,4327.18,4595.38,4079.49,4597.95,4195.9,4222.56,4181.54,4268.21,4596.92,4355.9,0
4302.05,4017.44,4248.72,4116.92,4332.31,4600.51,4081.03,4607.18,4200,4227.69,4187.18,4269.23,4597.44,4357.95,0
4300,4017.95,4246.15,4114.36,4333.85,4598.97,4080,4613.33,4204.62,4230.26,4193.33,4272.31,4603.08,4360.51,0
4299.49,4014.36,4251.28,4111.79,4330.77,4602.56,4087.69,4625.13,4214.36,4231.28,4195.38,4277.95,4604.62,4361.03,0
4302.56,4013.33,4258.46,4116.41,4332.82,4608.72,4092.82,4630.77,4213.85,4229.23,4194.87,4279.49,4598.97,4362.05,0
4303.08,4017.95,4256.92,4123.08,4336.41,4603.59,4085.64,4614.87,4201.54,4224.62,4190.26,4271.79,4598.46,4364.62,0
4301.54,4022.05,4254.36,4119.49,4335.9,4602.05,4085.13,4607.18,4195.38,4226.67,4190.77,4269.23,4607.18,4365.64,0
4302.05,4021.54,4255.9,4119.49,4334.36,4608.21,4084.62,4613.85,4197.95,4229.74,4197.44,4278.97,4610.26,4365.64,0
4304.62,4016.92,4253.85,4122.05,4331.79,4597.95,4073.85,4610.77,4197.95,4227.69,4197.95,4285.64,4607.18,4365.64,0
4306.15,4014.36,4249.23,4115.38,4328.21,4585.13,4067.18,4601.54,4194.87,4225.13,4192.82,4279.49,4603.08,4364.1,0
4301.54,4011.79,4248.72,4108.21,4326.15,4592.82,4070.77,4601.54,4189.74,4223.59,4189.74,4271.28,4595.9,4360.51,0
4296.41,4008.72,4249.74,4106.15,4328.21,4601.03,4071.28,4606.67,4191.28,4222.56,4189.74,4268.72,4594.87,4357.95,0
4298.46,4006.15,4247.69,4104.1,4327.69,4595.38,4072.31,4610.26,4199.49,4221.54,4189.74,4272.31,4597.44,4358.46,0
4297.44,4003.59,4246.67,4103.59,4323.08,4590.26,4078.46,4612.31,4204.1,4222.05,4190.26,4275.9,4595.9,4357.44,0
4293.33,4003.59,4248.72,4107.69,4323.59,4589.74,4079.49,4617.44,4209.23,4227.69,4192.82,4275.9,4598.46,4357.95,0
4295.9,4011.28,4249.23,4109.74,4328.72,4590.77,4077.95,4620.51,4207.69,4230.77,4193.33,4273.33,4606.67,4361.54,0
4303.08,4017.44,4247.69,4109.74,4329.23,4593.33,4077.44,4610.77,4192.31,4223.08,4191.79,4272.31,4606.15,4365.13,0
4311.79,4017.44,4250.77,4117.44,4327.18,4593.85,4078.97,4604.62,4184.1,4218.46,4192.31,4278.97,4603.59,4371.79,0
4314.36,4021.03,4254.87,4122.05,4324.62,4590.26,4080,4605.13,4188.21,4220,4194.36,4284.62,4605.64,4375.9,0
4316.41,4032.31,4255.9,4119.49,4325.13,4585.64,4076.92,4598.97,4187.69,4212.82,4190.77,4278.97,4603.08,4375.9,0
4328.21,4045.64,4258.97,4126.15,4330.26,4587.18,4075.9,4597.95,4190.26,4213.33,4189.23,4277.44,4603.08,4383.59,0
4345.13,4052.31,4269.23,4135.38,4330.26,4587.69,4077.95,4605.13,4195.9,4220,4195.38,4285.64,4612.31,4396.41,0
4357.44,4063.59,4277.95,4140,4329.23,4585.13,4074.36,4601.03,4184.62,4214.87,4197.44,4288.72,4612.31,4404.62,0
4371.79,4082.56,4279.49,4150.26,4334.87,4591.79,4069.74,4597.44,4183.59,4210.26,4195.38,4291.28,4609.23,4417.44,0
4388.21,4095.38,4283.59,4156.92,4341.54,4601.03,4075.9,4608.21,4201.54,4217.44,4201.03,4297.44,4617.95,4432.31,0
4400.51,4099.49,4291.28,4153.85,4341.54,4603.59,4077.44,4613.33,4201.03,4222.56,4208.72,4295.9,4625.64,4441.03,0
4413.85,4115.38,4294.87,4160.51,4341.54,4602.05,4069.74,4610.26,4189.23,4218.46,4211.28,4294.87,4631.28,4452.31,0
4429.23,4134.36,4296.92,4173.33,4340.51,4598.46,4068.21,4609.23,4190.26,4214.87,4210.26,4301.54,4634.36,4461.03,0
4445.13,4140.51,4307.18,4178.97,4332.82,4590.77,4068.72,4605.64,4191.28,4212.31,4210.26,4309.23,4632.82,4466.15,0
4456.41,4148.72,4312.82,4182.56,4327.69,4584.1,4067.18,4600.51,4189.23,4210.77,4216.41,4311.79,4634.36,4478.97,0
4464.1,4154.36,4312.82,4180.51,4330.26,4584.62,4067.69,4601.03,4195.9,4214.36,4221.54,4311.79,4639.49,4490.26,0
4465.13,4144.62,4312.82,4171.79,4331.28,4586.15,4068.72,4602.56,4194.87,4219.49,4216.92,4310.26,4641.54,4485.64,0
4462.05,4136.92,4300.51,4168.21,4326.67,4585.64,4067.18,4598.46,4182.56,4213.85,4207.69,4303.08,4641.03,4478.97,0
4460.51,4142.05,4291.79,4171.28,4326.15,4584.1,4066.67,4592.31,4176.41,4202.05,4206.15,4297.95,4643.08,4484.62,0
4458.46,4142.56,4301.03,4170.77,4327.69,4583.59,4067.18,4586.67,4169.74,4198.46,4211.79,4304.1,4646.15,4489.74,0
4455.9,4133.33,4306.15,4168.72,4322.56,4585.64,4067.18,4587.18,4169.74,4201.03,4216.41,4310.77,4653.85,4490.77,0
4461.54,4131.28,4300,4168.72,4321.54,4587.18,4069.74,4595.38,4182.05,4205.64,4218.97,4308.21,4663.08,4496.41,0
4470.26,4131.28,4302.05,4169.74,4327.69,4586.15,4071.28,4595.38,4183.08,4211.79,4225.13,4307.69,4670.77,4508.21,0
4473.85,4128.21,4309.23,4169.74,4331.28,4585.64,4069.23,4594.36,4178.97,4218.46,4237.44,4317.95,4687.18,4522.05,0
4476.41,4123.59,4310.26,4168.21,4328.72,4587.18,4068.21,4608.21,4193.85,4226.67,4250.26,4328.72,4705.13,4530.26,0
4473.85,4116.92,4309.74,4166.67,4326.15,4587.18,4067.18,4616.41,4204.62,4233.85,4252.82,4328.72,4707.18,4525.64,0
4464.1,4112.31,4308.21,4167.69,4325.64,4584.1,4062.56,4601.54,4190.26,4231.79,4245.64,4318.97,4696.92,4518.46,0
4465.64,4111.79,4308.72,4169.23,4328.72,4583.59,4062.56,4592.82,4181.54,4226.15,4246.15,4316.41,4703.08,4523.59,0
4471.28,4105.64,4310.26,4164.62,4329.74,4585.13,4067.69,4597.44,4182.56,4224.1,4257.44,4324.62,4715.38,4531.28,0
4464.1,4093.33,4307.18,4156.92,4322.56,4580,4062.56,4588.21,4170.26,4216.41,4255.38,4325.64,4711.28,4526.67,0
4455.38,4084.62,4306.15,4153.33,4315.38,4572.31,4054.36,4580.51,4168.72,4209.74,4245.13,4320,4704.62,4518.46,0
4457.95,4078.46,4309.23,4153.85,4319.49,4574.87,4058.97,4590.77,4183.08,4216.92,4251.79,4322.05,4711.79,4522.56,0
4458.97,4075.9,4310.26,4154.36,4324.1,4584.1,4064.1,4596.41,4190.77,4228.21,4265.64,4324.62,4723.59,4531.79,0
4454.87,4071.79,4310.26,4151.79,4322.05,4589.23,4065.13,4601.54,4203.08,4237.44,4272.82,4328.72,4733.85,4537.95,0
4454.36,4060,4311.28,4149.74,4321.54,4588.72,4071.28,4611.79,4213.33,4248.21,4277.44,4340,4746.67,4538.97,0
4450.26,4049.23,4308.21,4145.64,4321.54,4586.15,4074.87,4604.62,4187.18,4243.59,4276.92,4337.44,4746.15,4529.23,0
4444.62,4050.26,4306.15,4144.1,4321.54,4587.18,4071.28,4586.15,4160.51,4223.08,4269.23,4323.59,4733.33,4520.51,0
4446.67,4052.31,4309.74,4144.62,4323.08,4588.21,4070.77,4583.08,4169.74,4217.44,4267.18,4325.64,4733.33,4527.69,0
4449.74,4043.08,4312.82,4142.05,4325.13,4583.08,4070.26,4584.62,4181.03,4229.74,4273.33,4338.46,4741.54,4535.9,0
4443.08,4031.28,4312.31,4138.46,4325.64,4581.03,4066.15,4588.21,4185.13,4238.97,4275.9,4344.1,4743.08,4529.23,0
4431.79,4024.62,4307.18,4133.33,4324.1,4589.74,4069.23,4608.72,4207.18,4247.69,4280.51,4344.62,4745.13,4520,0
4420,4015.9,4297.95,4127.18,4321.54,4596.41,4077.95,4624.1,4227.69,4256.92,4285.64,4337.95,4748.21,4512.31,0
4402.56,4005.13,4287.18,4120,4320.51,4598.97,4082.05,4625.13,4226.15,4257.44,4278.46,4323.08,4736.92,4496.92,0
4386.67,3998.46,4276.41,4112.82,4321.54,4598.46,4083.08,4628.72,4225.13,4254.87,4267.18,4313.85,4727.69,4486.15,0
4378.97,3990.77,4271.79,4105.13,4323.08,4594.36,4082.56,4627.18,4222.56,4254.87,4270.77,4314.87,4734.36,4485.13,0
4376.41,3984.1,4273.33,4102.05,4321.03,4593.33,4081.03,4615.9,4204.1,4248.21,4273.85,4317.95,4731.79,4481.03,1
4374.36,3984.1,4276.92,4106.15,4318.97,4591.28,4077.95,4604.1,4188.21,4236.41,4263.08,4317.44,4716.41,4471.28,1
4372.82,3983.08,4278.97,4108.72,4322.56,4586.15,4073.85,4596.41,4191.79,4236.41,4255.9,4315.9,4709.74,4464.1,1
4369.23,3980.51,4274.87,4105.13,4328.21,4586.67,4076.92,4597.44,4197.44,4242.05,4261.03,4313.85,4710.77,4460,1
4362.56,3981.03,4266.15,4100,4326.67,4596.41,4081.54,4606.67,4200,4242.56,4266.15,4310.77,4709.74,4457.44,1
4357.44,3976.92,4262.05,4097.44,4323.59,4601.54,4082.05,4613.33,4205.64,4240.51,4262.56,4306.67,4709.74,4457.44,1
4355.9,3973.85,4262.05,4095.38,4327.18,4598.97,4082.05,4612.82,4208.21,4244.1,4257.44,4303.59,4706.67,4452.82,1
4354.87,3980,4266.67,4096.41,4329.23,4595.9,4083.08,4614.36,4212.82,4248.21,4255.38,4304.62,4698.46,4446.15,1
4355.9,3985.13,4275.38,4103.08,4326.67,4591.79,4084.1,4619.49,4222.56,4249.74,4257.95,4310.77,4700,4450.26,1
4359.49,3983.08,4282.05,4106.67,4326.67,4589.74,4083.59,4617.44,4213.85,4251.79,4260.51,4313.85,4707.69,4456.41,1
4356.92,3977.44,4277.44,4105.64,4326.67,4587.18,4079.49,4607.18,4197.44,4247.69,4257.95,4308.21,4704.62,4451.28,1
4349.74,3973.85,4268.72,4100.51,4325.13,4586.15,4077.44,4606.15,4207.69,4246.15,4259.49,4304.1,4701.03,4447.69,1
4345.13,3974.87,4264.1,4092.82,4322.56,4593.33,4083.08,4617.95,4225.64,4255.38,4267.18,4312.31,4708.72,4451.28,1
4340.51,3971.79,4263.59,4090.26,4321.54,4601.54,4090.26,4624.62,4224.1,4264.1,4267.69,4315.9,4713.33,4448.21,1
4335.38,3964.62,4262.56,4092.31,4324.62,4602.05,4093.85,4622.05,4217.44,4258.97,4256.92,4304.1,4702.05,4436.41,1
4333.85,3964.62,4261.03,4089.74,4327.69,4601.54,4094.36,4622.05,4213.33,4245.13,4250.26,4295.9,4690.77,4431.79,1
4333.33,3968.21,4262.05,4089.23,4328.21,4603.08,4091.28,4622.05,4210.77,4244.62,4250.77,4303.59,4692.31,4434.36,1
4329.74,3967.18,4261.54,4092.82,4327.18,4602.05,4087.18,4620,4215.38,4250.26,4246.67,4302.05,4689.23,4431.79,1
4330.26,3967.18,4261.54,4091.79,4327.18,4598.46,4087.69,4620,4217.95,4246.67,4240,4290.26,4677.95,4427.18,1
4331.28,3967.18,4262.05,4090.26,4328.21,4598.97,4092.31,4624.1,4216.41,4242.05,4238.97,4292.31,4674.36,4427.69,1
4327.69,3963.59,4257.44,4091.28,4328.72,4599.49,4094.87,4630.26,4223.59,4250.77,4244.62,4302.05,4677.44,4429.74,1
4328.72,3967.18,4260,4093.85,4331.79,4601.54,4096.41,4633.85,4228.72,4257.44,4249.23,4302.05,4680,4431.79,1
4335.38,3976.41,4264.1,4097.44,4336.41,4606.67,4099.49,4630.77,4220,4251.79,4248.21,4300,4681.03,4429.23,1
4327.18,3971.79,4254.87,4094.36,4334.87,4607.69,4102.56,4628.72,4213.85,4245.13,4242.05,4296.41,4674.87,4420,1
4313.33,3961.54,4245.13,4088.21,4329.23,4603.08,4101.54,4627.18,4210.77,4241.54,4237.95,4289.23,4668.72,4416.92,1
4320,3967.69,4257.95,4095.38,4331.28,4602.56,4099.49,4620,4206.15,4240.51,4245.64,4295.9,4675.9,4428.72,1
4333.85,3981.03,4272.82,4106.67,4335.9,4606.15,4099.49,4617.95,4213.33,4246.67,4257.44,4312.31,4687.18,4436.92,1
4331.79,3978.97,4269.23,4106.67,4336.92,4605.13,4096.41,4621.03,4222.05,4251.28,4257.44,4310.77,4685.64,4429.74,1
4325.64,3973.33,4264.62,4106.15,4337.44,4604.62,4092.31,4621.03,4215.38,4246.15,4248.72,4298.46,4678.97,4424.1,1
4329.23,3978.46,4265.13,4105.13,4336.41,4609.23,4094.36,4626.15,4217.44,4246.15,4248.72,4294.87,4678.97,4430.26,1
4333.33,3980.51,4268.72,4100.51,4338.97,4610.77,4101.03,4637.95,4230.26,4252.31,4255.38,4305.13,4683.59,4438.97,1
4332.31,3976.41,4274.87,4099.49,4340.51,4606.67,4100.51,4637.44,4227.18,4250.77,4260,4314.87,4686.67,4437.44,1
4328.72,3974.87,4272.82,4097.95,4332.31,4602.05,4092.31,4628.21,4218.97,4248.21,4255.38,4308.72,4678.46,4427.69,1
4325.13,3973.33,4264.1,4095.9,4328.72,4599.49,4089.74,4628.21,4220.51,4251.28,4246.67,4294.36,4672.31,4425.13,1
4328.21,3976.41,4264.62,4097.95,4335.9,4600,4090.77,4626.67,4219.49,4253.85,4252.82,4292.82,4682.56,4431.79,1
4330.26,3979.49,4266.67,4096.41,4334.87,4603.59,4087.18,4620.51,4213.85,4249.74,4255.38,4300,4685.64,4427.18,1
4320.51,3969.23,4260,4090.26,4327.69,4603.08,4090.26,4623.59,4216.92,4246.67,4245.64,4300.51,4670.77,4416.92,1
4312.82,3962.56,4259.49,4091.79,4329.23,4600,4096.92,4627.69,4216.41,4245.64,4246.67,4303.08,4665.64,4418.97,1
4314.36,3967.18,4264.1,4094.36,4330.77,4597.44,4094.87,4619.49,4205.64,4242.56,4249.74,4302.05,4669.23,4417.95,1
4309.23,3964.1,4260,4090.77,4326.67,4596.41,4091.79,4616.41,4203.08,4239.49,4238.46,4289.74,4663.59,4407.18,1
4298.46,3958.97,4250.26,4088.72,4327.18,4598.46,4094.87,4624.62,4218.97,4242.56,4237.95,4285.13,4663.08,4406.15,1
4295.9,3958.97,4245.64,4088.72,4329.74,4601.03,4093.85,4630.77,4229.74,4250.26,4245.64,4290.77,4664.62,4409.74,1
4298.97,3961.54,4248.72,4089.74,4332.31,4603.08,4091.28,4629.74,4221.54,4250.26,4241.54,4295.38,4660,4408.21,1
4300,3965.13,4251.28,4090.77,4331.28,4602.05,4093.33,4621.54,4212.31,4244.1,4235.9,4292.31,4658.46,4405.64,1
4303.08,3969.74,4249.23,4089.23,4329.23,4599.49,4094.87,4615.38,4209.74,4244.62,4240.51,4287.18,4663.08,4405.64,1
4310.26,3971.28,4253.33,4089.23,4331.79,4601.03,4095.38,4618.46,4211.28,4250.77,4244.1,4289.74,4667.69,4413.33,1
4314.87,3971.79,4261.54,4091.28,4334.87,4603.08,4094.36,4624.62,4215.9,4251.79,4244.62,4294.36,4671.28,4420,1
4313.33,3974.87,4263.08,4092.31,4333.85,4601.54,4090.26,4623.59,4216.92,4250.26,4244.1,4299.49,4672.82,4419.49,1
4312.31,3973.33,4262.56,4092.31,4331.28,4598.97,4090.26,4620,4211.28,4250.26,4244.1,4305.64,4671.79,4418.97,1
4313.33,3969.74,4263.59,4092.31,4331.79,4598.97,4094.36,4616.92,4209.23,4246.15,4244.62,4302.56,4669.23,4417.95,1
4311.28,3968.21,4260,4090.26,4333.85,4603.08,4091.28,4616.41,4217.44,4249.23,4243.59,4290.77,4667.69,4415.9,1
4309.23,3970.77,4252.31,4090.26,4336.92,4607.69,4088.21,4622.05,4224.1,4262.05,4246.67,4287.18,4672.31,4417.44,1
4306.15,3972.82,4246.67,4091.28,4336.41,4607.18,4088.21,4626.67,4217.44,4256.41,4248.21,4292.82,4671.79,4415.38,1
4302.56,3971.79,4253.33,4090.77,4332.31,4605.13,4087.18,4623.08,4209.74,4237.95,4238.97,4292.82,4658.97,4406.67,1
4304.1,3972.31,4262.05,4095.38,4331.28,4603.59,4087.18,4616.92,4208.21,4233.85,4228.72,4291.28,4652.31,4402.05,1
4305.13,3971.79,4256.41,4097.95,4332.31,4600.51,4086.67,4615.9,4208.72,4239.49,4226.15,4285.64,4653.33,4400,1
4297.44,3964.1,4247.69,4088.72,4327.69,4595.9,4084.62,4613.85,4207.18,4241.54,4226.15,4277.95,4653.85,4395.9,1
4286.67,3953.33,4245.64,4077.95,4321.03,4592.31,4083.08,4607.18,4202.56,4240,4224.62,4280.51,4648.21,4393.85,1
4280.51,3951.28,4244.62,4074.87,4316.41,4587.69,4077.44,4603.08,4194.87,4234.36,4217.95,4284.62,4640.51,4391.28,1
4278.46,3953.85,4244.1,4076.92,4315.9,4584.1,4073.33,4605.64,4191.79,4226.67,4210.26,4282.05,4635.9,4384.62,1
4280.51,3952.82,4248.21,4078.97,4316.92,4585.13,4081.03,4610.26,4200,4228.21,4214.87,4283.59,4636.92,4385.13,1
4287.69,3952.82,4250.77,4078.46,4315.9,4587.69,4088.72,4616.41,4210.77,4238.46,4224.62,4286.67,4642.05,4390.77,1
4291.79,3957.95,4248.21,4077.44,4316.92,4586.15,4083.59,4621.03,4210.77,4241.54,4222.56,4284.62,4645.13,4391.28,1
4288.21,3960.51,4246.15,4082.05,4322.05,4585.64,4077.44,4612.31,4204.1,4238.97,4221.03,4284.62,4647.18,4389.74,1
4282.56,3957.44,4245.64,4084.1,4322.56,4592.82,4082.56,4608.21,4203.08,4238.46,4225.13,4286.67,4646.67,4385.64,1
4278.46,3952.31,4247.18,4076.41,4316.41,4601.03,4088.72,4618.97,4205.13,4235.38,4222.05,4283.59,4639.49,4381.54,1
4280.51,3951.79,4247.69,4075.38,4316.41,4600.51,4088.21,4623.08,4207.69,4234.36,4221.03,4281.03,4637.44,4387.69,1
4288.72,3955.9,4249.23,4083.08,4322.56,4592.31,4087.69,4615.38,4211.79,4246.15,4228.72,4283.59,4646.15,4395.9,1
4289.23,3959.49,4250.77,4086.67,4321.54,4588.21,4085.13,4613.33,4206.15,4246.15,4226.67,4284.1,4646.15,4391.79,1
4279.49,3953.85,4250.77,4082.56,4315.9,4595.38,4085.64,4618.97,4203.59,4228.21,4214.87,4278.97,4631.28,4381.54,1
4276.41,3946.67,4248.72,4075.9,4317.44,4604.1,4091.79,4627.18,4216.41,4227.69,4214.87,4278.46,4627.18,4383.08,1
4286.15,3949.74,4250.26,4076.41,4323.08,4603.59,4093.85,4630.26,4219.49,4241.03,4223.08,4285.13,4636.92,4389.74,1
4290.77,3957.95,4255.38,4085.64,4326.67,4598.97,4089.74,4625.64,4212.31,4242.56,4226.15,4288.21,4644.62,4393.33,1
4291.79,3965.64,4259.49,4092.31,4326.67,4600.51,4087.69,4625.13,4217.95,4245.64,4231.28,4289.74,4653.33,4402.05,1
4301.54,3972.82,4264.1,4095.38,4326.67,4599.49,4088.21,4627.18,4215.38,4251.79,4241.54,4298.46,4660,4412.82,1
4306.15,3974.36,4269.74,4098.97,4326.15,4591.28,4086.15,4618.97,4204.62,4248.72,4240.51,4305.64,4657.95,4410.26,1
4300.51,3971.28,4266.67,4095.38,4324.1,4590.77,4085.13,4610.77,4209.23,4245.13,4229.23,4299.49,4650.77,4398.97,1
4296.41,3968.21,4262.05,4089.74,4320.51,4597.44,4088.21,4612.31,4209.74,4241.03,4221.54,4289.74,4643.59,4393.33,1
4294.36,3970.77,4261.03,4094.36,4321.54,4600,4089.23,4615.9,4202.56,4233.85,4221.03,4286.15,4638.97,4390.77,1
4287.18,3968.72,4252.31,4093.85,4321.03,4598.46,4087.18,4615.9,4205.64,4234.87,4223.59,4287.18,4640,4385.64,1
4280.51,3955.9,4246.15,4084.62,4317.44,4600.51,4091.28,4618.97,4206.67,4241.54,4221.54,4287.69,4638.97,4380.51,1
4281.54,3955.9,4257.44,4089.74,4320.51,4601.54,4094.36,4618.46,4197.95,4234.87,4214.87,4286.15,4630.77,4378.97,1
4289.23,3975.9,4266.67,4105.13,4325.64,4599.49,4093.33,4615.9,4200.51,4226.67,4210.26,4285.64,4624.62,4380.51,1
4295.38,3988.72,4264.62,4108.21,4325.64,4597.95,4092.31,4622.05,4209.74,4231.28,4209.23,4285.64,4622.56,4381.54,1
4297.44,3993.33,4264.1,4105.64,4325.13,4597.95,4091.79,4626.15,4213.85,4237.95,4207.69,4285.64,4616.92,4379.49,1
4297.95,4001.54,4262.05,4106.67,4325.13,4599.49,4088.72,4618.97,4211.79,4232.31,4203.59,4281.03,4607.69,4376.92,1
4302.56,4007.18,4260,4109.74,4324.62,4597.95,4085.13,4607.69,4196.92,4221.03,4198.97,4276.41,4605.64,4377.95,1
4305.64,4005.13,4263.08,4109.74,4322.56,4596.41,4083.08,4598.46,4179.49,4212.31,4193.33,4274.36,4603.08,4377.44,1
4300,3997.95,4256.92,4105.64,4319.49,4601.54,4083.08,4593.33,4172.82,4204.1,4187.69,4270.26,4592.82,4368.21,1
4292.82,3994.87,4251.28,4103.59,4318.97,4603.59,4084.62,4594.36,4175.9,4202.56,4187.18,4267.18,4586.67,4363.08,1
4296.41,4000.51,4258.97,4107.69,4322.05,4598.46,4081.54,4600.51,4185.13,4210.26,4192.31,4271.28,4594.36,4372.82,1
4302.56,4001.03,4265.64,4108.72,4322.56,4596.41,4081.54,4610.77,4199.49,4217.95,4196.92,4281.54,4601.54,4384.1,1
4307.18,4002.05,4266.67,4112.31,4326.15,4600,4089.23,4621.03,4205.64,4223.59,4201.54,4291.28,4604.1,4388.72,1
4314.87,4012.82,4270.26,4123.59,4331.28,4597.95,4088.72,4617.44,4200.51,4225.64,4208.72,4294.36,4609.74,4390.77,1
4315.9,4013.85,4269.74,4121.03,4325.64,4595.9,4081.54,4613.33,4200,4226.15,4206.67,4286.15,4610.26,4384.1,1
4305.13,4000.51,4261.54,4107.69,4320.51,4596.92,4081.03,4616.92,4199.49,4224.62,4195.38,4273.33,4597.95,4372.31,1
4297.95,3994.36,4253.33,4106.15,4325.13,4595.9,4082.05,4609.74,4187.18,4221.03,4191.79,4268.72,4592.31,4368.21,1
4298.46,3995.38,4247.69,4108.72,4327.18,4593.33,4081.03,4598.46,4178.46,4214.36,4194.36,4270.26,4596.41,4367.18,1
4300.51,3996.41,4248.21,4102.05,4323.08,4590.77,4081.54,4601.03,4180.51,4207.18,4192.31,4271.79,4593.85,4364.1,1
4297.44,3991.79,4249.23,4094.36,4321.03,4592.82,4083.59,4606.67,4182.05,4206.15,4190.77,4272.31,4587.69,4360,1
4292.31,3987.18,4246.67,4092.82,4323.59,4601.03,4089.74,4610.26,4188.21,4210.77,4194.36,4272.82,4590.26,4355.9,1
4288.72,3988.21,4243.59,4093.85,4319.49,4602.56,4093.33,4615.38,4196.92,4216.41,4196.41,4270.26,4592.31,4354.87,1
4288.21,3986.15,4242.56,4092.31,4314.87,4596.41,4087.69,4612.31,4198.46,4221.54,4194.87,4265.64,4594.36,4360,1
4292.31,3987.18,4245.64,4095.9,4323.08,4596.41,4084.1,4605.13,4197.44,4225.64,4198.46,4267.69,4597.95,4363.08,1
4297.95,3994.36,4248.72,4101.03,4329.74,4602.56,4086.15,4605.13,4192.31,4220.51,4204.62,4274.36,4596.41,4363.08,1
4300,3999.49,4252.82,4102.05,4324.1,4601.03,4082.56,4603.59,4186.67,4215.38,4208.21,4277.95,4597.44,4369.74,1
4303.59,4003.59,4259.49,4104.62,4323.59,4593.33,4080.51,4604.62,4192.31,4221.54,4212.31,4282.56,4608.21,4379.49,1
4307.69,4008.21,4263.08,4107.18,4328.21,4589.23,4084.62,4608.72,4193.85,4223.59,4211.79,4287.18,4609.74,4378.46,1
4304.1,4001.03,4259.49,4097.95,4324.62,4590.77,4083.59,4604.62,4184.1,4212.82,4205.13,4284.62,4597.95,4368.72,1
4297.44,3991.28,4258.97,4092.31,4323.59,4594.87,4084.62,4605.13,4190.26,4209.74,4200.51,4280.51,4591.28,4367.69,1
4301.54,4001.03,4263.08,4101.54,4330.77,4601.03,4093.33,4615.38,4203.08,4220,4202.56,4280.51,4596.41,4375.9,1
4312.31,4012.82,4265.64,4110.26,4334.87,4602.05,4093.85,4612.82,4197.44,4225.64,4207.18,4283.59,4606.67,4380.51,1
4314.87,4011.79,4266.15,4110.77,4332.31,4599.49,4087.18,4604.1,4189.23,4223.59,4208.21,4283.59,4606.15,4375.38,1
4305.13,4007.18,4264.1,4109.23,4327.18,4599.49,4087.18,4610.26,4192.82,4220,4203.59,4283.08,4596.41,4367.69,1
4299.49,4007.69,4263.59,4107.69,4328.21,4600,4086.67,4615.9,4196.92,4222.05,4202.05,4281.54,4597.44,4368.72,1
4304.1,4007.69,4265.13,4108.21,4332.82,4595.9,4081.03,4612.82,4197.95,4226.67,4205.13,4278.46,4604.62,4371.28,1
4303.08,4007.18,4264.1,4109.23,4333.85,4597.95,4083.59,4612.31,4198.46,4225.13,4206.67,4280,4601.03,4370.26,1
4298.97,4006.67,4264.1,4108.21,4331.28,4602.05,4087.69,4614.87,4197.95,4223.08,4204.1,4283.59,4595.38,4371.79,1
4296.41,4003.08,4261.03,4104.1,4329.23,4602.56,4086.15,4614.36,4195.9,4223.59,4198.97,4281.03,4595.38,4369.23,1
4290.26,4000.51,4252.82,4101.54,4327.69,4602.05,4087.69,4612.82,4192.31,4221.03,4195.9,4274.87,4593.33,4361.03,1
4284.62,4000.51,4252.31,4101.03,4324.62,4601.54,4089.23,4607.18,4187.18,4214.36,4194.87,4273.33,4587.69,4359.49,1
4290.77,3999.49,4261.54,4103.59,4325.64,4598.46,4085.64,4603.08,4186.67,4210.77,4197.44,4278.97,4586.67,4366.15,1
4296.92,4000,4263.08,4106.15,4329.23,4600,4085.13,4607.18,4190.26,4215.38,4198.97,4282.05,4590.26,4368.21,1
4292.31,4001.03,4260,4104.62,4328.72,4607.18,4090.77,4615.9,4194.87,4219.49,4197.95,4282.05,4593.85,4364.62,1
4287.18,3996.92,4263.08,4101.54,4327.18,4608.72,4094.36,4619.49,4201.54,4220.51,4201.03,4282.56,4592.82,4361.03,1
4288.72,3997.44,4265.13,4102.56,4329.74,4606.67,4093.85,4617.95,4202.56,4220,4202.56,4278.97,4589.23,4357.44,1
4292.31,4005.64,4264.62,4106.15,4331.79,4605.13,4089.23,4615.38,4197.44,4221.03,4198.97,4276.92,4589.74,4360,1
4298.46,4010.26,4265.13,4108.72,4330.77,4601.03,4083.59,4608.72,4193.85,4221.03,4198.97,4278.97,4594.36,4365.64,1
4302.05,4006.67,4264.62,4105.64,4331.28,4600,4084.1,4609.23,4193.85,4222.05,4203.08,4279.49,4596.41,4367.18,1
4301.54,4005.13,4265.64,4106.67,4333.33,4609.74,4090.77,4626.15,4207.18,4226.67,4206.67,4279.49,4601.03,4371.79,1
4304.1,4012.31,4267.69,4115.9,4334.36,4616.92,4094.87,4633.33,4216.92,4229.74,4210.26,4285.13,4604.1,4374.87,1
4306.15,4016.41,4266.15,4117.44,4337.95,4613.85,4091.28,4619.49,4206.15,4229.74,4208.21,4286.67,4604.62,4371.79,1
4304.1,4013.33,4264.1,4111.79,4341.54,4613.85,4090.77,4614.36,4204.1,4232.82,4206.67,4281.03,4605.13,4369.23,1
4300.51,4007.18,4264.62,4110.77,4341.54,4618.46,4098.46,4623.08,4213.33,4231.79,4212.82,4281.54,4600,4367.69,1
4296.92,4006.15,4264.62,4111.28,4338.97,4617.95,4097.95,4620,4200,4225.13,4207.69,4283.59,4592.31,4362.56,1
4293.33,4006.15,4264.62,4106.15,4334.36,4612.82,4089.23,4610.26,4184.1,4216.41,4194.36,4282.05,4587.18,4357.44,1
4291.28,3997.44,4263.59,4102.56,4328.21,4608.72,4086.67,4611.28,4190.77,4213.33,4193.33,4275.9,4582.05,4353.85,1
4289.23,3991.28,4261.03,4105.13,4325.13,4605.13,4089.74,4612.82,4196.41,4215.38,4202.56,4273.85,4582.56,4356.41,1
4288.21,4001.54,4262.05,4105.64,4328.21,4604.1,4088.72,4610.26,4198.46,4223.08,4208.21,4281.54,4597.95,4364.62,1
4291.79,4008.72,4264.62,4107.69,4332.31,4608.21,4086.67,4613.85,4205.13,4230.77,4208.72,4286.15,4604.1,4364.1,1
4293.85,3997.95,4264.62,4108.72,4332.31,4615.38,4090.77,4618.97,4209.23,4228.21,4205.13,4278.97,4589.74,4353.33,1
4290.77,3993.33,4261.54,4106.67,4331.28,4615.9,4095.9,4620.51,4208.72,4225.64,4201.54,4273.85,4585.13,4351.79,1
4290.77,4002.56,4262.56,4107.18,4331.28,4610.26,4094.87,4616.92,4203.08,4231.79,4206.15,4280.51,4597.95,4363.08,1
4297.95,4008.72,4270.77,4110.77,4332.31,4607.69,4089.23,4613.33,4195.38,4234.36,4212.31,4287.69,4607.69,4371.28,1
4300,4007.18,4272.82,4111.28,4330.77,4607.18,4088.21,4615.9,4200,4225.13,4209.23,4288.72,4601.54,4364.62,1
4291.79,4002.05,4266.67,4107.69,4331.79,4611.79,4088.21,4620.51,4202.05,4217.44,4197.95,4282.56,4590.26,4355.9,1
4287.18,4000.51,4266.67,4106.67,4334.87,4614.87,4086.15,4614.87,4195.9,4221.03,4193.85,4277.95,4587.69,4357.44,1
4294.36,4005.13,4268.21,4109.74,4336.41,4610.26,4083.59,4605.64,4200,4226.15,4201.03,4280.51,4593.33,4363.08,1
4301.03,4008.72,4265.64,4115.38,4341.54,4608.21,4081.54,4605.64,4201.54,4230.77,4208.72,4284.1,4601.54,4368.21,1
4302.05,4008.21,4272.31,4120,4346.15,4612.82,4083.59,4611.79,4199.49,4233.85,4214.87,4288.72,4609.23,4375.38,1
4309.23,4012.82,4282.56,4122.05,4342.05,4614.87,4087.69,4616.41,4204.62,4237.95,4224.62,4298.97,4617.95,4380.51,1
4313.33,4016.41,4282.56,4121.54,4338.97,4613.33,4093.33,4622.56,4212.82,4242.05,4229.23,4302.05,4620,4380,1
4307.18,4013.85,4280.51,4120.51,4344.1,4616.92,4091.79,4628.72,4216.92,4242.56,4226.15,4292.82,4615.38,4376.92,1
4301.03,4011.28,4274.36,4121.54,4346.15,4618.46,4087.18,4627.69,4217.44,4240.51,4221.03,4286.15,4612.82,4373.33,1
4301.03,4013.85,4263.59,4118.46,4341.03,4617.95,4089.23,4625.13,4215.9,4238.46,4215.38,4285.13,4612.82,4371.28,1
4298.46,4009.74,4262.56,4111.79,4335.9,4618.46,4090.26,4623.08,4206.67,4234.36,4211.79,4284.62,4608.72,4369.74,1
4293.85,4003.59,4273.33,4113.33,4337.95,4616.41,4085.64,4614.87,4195.9,4227.18,4210.77,4286.15,4603.59,4368.72,1
4296.41,4008.72,4278.46,4121.54,4342.56,4608.72,4080,4607.69,4195.9,4227.18,4209.74,4288.72,4605.13,4372.31,1
4301.03,4014.87,4269.74,4122.56,4339.49,4602.56,4077.44,4609.23,4201.54,4229.74,4209.74,4284.62,4607.69,4370.26,1
4296.92,4015.9,4262.56,4121.03,4338.46,4609.23,4080.51,4613.85,4201.03,4229.74,4210.77,4279.49,4607.69,4362.05,1
4291.79,4013.85,4265.13,4122.56,4344.1,4617.44,4085.64,4615.38,4199.49,4231.28,4208.72,4280.51,4605.64,4362.56,1
4289.74,4006.15,4266.15,4120.51,4342.56,4616.92,4087.18,4622.56,4212.82,4234.87,4207.69,4279.49,4602.05,4361.54,1
4286.67,4002.56,4261.54,4117.95,4335.38,4617.95,4089.23,4630.26,4218.46,4240.51,4208.21,4276.92,4601.54,4355.38,1
4286.15,4007.69,4262.05,4121.54,4339.49,4617.95,4085.13,4619.49,4210.77,4238.97,4209.23,4278.97,4602.56,4358.46,1
4288.21,4008.21,4265.64,4121.54,4342.05,4614.87,4075.9,4611.28,4206.15,4229.23,4210.77,4282.05,4602.56,4367.18,1
4286.67,4002.05,4264.62,4111.79,4333.85,4613.85,4070.77,4618.97,4206.15,4225.13,4211.79,4283.59,4606.15,4366.67,1
4283.08,3999.49,4263.08,4108.72,4330.26,4610.26,4071.79,4619.49,4207.69,4230.77,4210.77,4282.56,4606.15,4364.1,1
4284.1,4001.03,4264.62,4116.92,4335.9,4607.69,4077.95,4615.9,4207.69,4231.79,4207.18,4278.46,4600,4363.59,1
4289.23,4006.67,4266.67,4122.05,4341.54,4612.31,4080.51,4619.49,4201.03,4224.1,4207.69,4276.92,4597.44,4362.56,1
4293.85,4011.79,4267.18,4123.08,4340.51,4615.9,4076.41,4619.49,4195.38,4220.51,4208.72,4281.03,4599.49,4366.15,1
4295.38,4007.69,4269.74,4122.56,4339.49,4615.38,4076.92,4615.9,4198.46,4218.46,4205.13,4286.67,4602.56,4371.79,1
4295.38,4007.18,4275.9,4121.03,4344.1,4617.95,4082.56,4618.97,4207.69,4226.67,4208.72,4290.26,4607.69,4377.95,1
4301.03,4016.92,4278.97,4129.23,4346.67,4616.41,4083.59,4621.03,4213.33,4245.64,4222.56,4291.28,4615.38,4386.67,1
4306.15,4023.08,4276.92,4138.46,4340.51,4608.72,4077.44,4620.51,4212.31,4246.15,4225.13,4291.28,4619.49,4387.18,1
4302.56,4016.41,4277.95,4131.28,4335.9,4606.67,4074.87,4616.92,4204.1,4231.28,4213.33,4289.74,4613.33,4377.95,1
4301.03,4009.23,4275.38,4121.54,4340.51,4611.79,4080,4614.36,4206.15,4232.82,4208.72,4287.69,4606.67,4374.36,1
4296.92,4009.74,4268.21,4123.08,4344.1,4616.41,4081.54,4617.95,4211.79,4238.97,4211.28,4281.54,4606.67,4373.85,1
4289.74,4010.77,4262.05,4123.59,4342.05,4616.92,4077.44,4614.87,4203.08,4227.18,4206.15,4273.85,4601.03,4367.18,1
4289.74,4010.77,4263.08,4123.59,4344.1,4619.49,4080,4609.74,4198.97,4221.54,4203.08,4274.36,4597.44,4367.69,1
4297.95,4015.9,4271.28,4133.33,4349.74,4625.64,4087.18,4612.82,4206.67,4232.31,4209.74,4278.46,4605.13,4376.92,1
4297.95,4022.05,4277.95,4139.49,4351.28,4627.69,4084.62,4617.44,4208.72,4236.41,4211.79,4281.54,4607.69,4378.46,1
4295.38,4023.59,4277.95,4137.44,4349.23,4627.18,4080.51,4624.1,4214.36,4234.36,4210.26,4282.56,4604.62,4372.31,1
4297.95,4019.49,4274.36,4135.9,4348.21,4626.15,4085.64,4632.82,4222.05,4237.44,4211.28,4283.59,4605.64,4371.79,1
4294.36,4012.82,4269.74,4135.9,4344.62,4622.05,4090.77,4631.79,4218.97,4238.46,4206.67,4282.56,4600,4371.79,1
4287.69,4009.74,4264.1,4135.9,4342.05,4618.46,4090.26,4625.13,4209.23,4229.74,4201.54,4277.95,4591.79,4369.74,1
4290.77,4013.85,4263.08,4133.33,4344.1,4617.44,4084.1,4618.46,4204.62,4226.15,4205.64,4275.38,4598.46,4372.82,1
4296.92,4012.82,4266.67,4127.18,4344.1,4614.36,4077.44,4610.77,4206.15,4231.79,4210.77,4279.49,4607.18,4373.85,1
4290.26,4003.08,4262.56,4120.51,4336.92,4613.85,4079.49,4611.79,4208.21,4231.28,4209.23,4279.49,4602.56,4367.18,1
4281.03,3998.46,4254.36,4120,4330.77,4616.41,4084.62,4614.87,4205.13,4223.08,4207.18,4273.85,4596.92,4365.13,1
4284.1,4003.08,4253.85,4123.08,4331.79,4612.31,4079.49,4611.28,4202.56,4225.64,4206.67,4274.36,4600.51,4368.72,1
4288.21,4002.56,4260,4121.54,4335.9,4608.21,4070.26,4608.72,4198.97,4229.74,4205.64,4275.9,4602.56,4368.72,1
4287.18,3997.95,4261.54,4116.41,4337.95,4612.82,4072.82,4609.23,4196.92,4226.67,4207.69,4276.41,4601.54,4369.23,1
4287.18,4001.54,4259.49,4116.92,4339.49,4617.95,4082.56,4613.33,4207.69,4232.82,4210.77,4277.95,4604.1,4373.85,1
4290.26,4009.74,4264.1,4121.54,4344.62,4618.46,4082.56,4616.92,4214.36,4241.03,4211.28,4276.92,4606.67,4372.82,1
4289.23,4009.74,4263.08,4121.54,4347.69,4617.44,4076.92,4620.51,4208.21,4234.87,4207.18,4273.33,4602.05,4367.69,1
4286.15,4002.56,4252.31,4115.38,4341.54,4616.92,4077.95,4626.15,4211.79,4230.26,4202.56,4270.77,4597.95,4361.54,1
4283.08,4003.08,4247.69,4110.26,4336.92,4616.92,4083.08,4626.15,4211.79,4229.23,4197.44,4266.67,4594.87,4355.9,1
4278.46,4001.54,4248.21,4107.18,4336.41,4614.87,4085.13,4613.85,4190.26,4215.38,4189.74,4260.51,4583.59,4353.33,1
4274.87,3993.33,4244.62,4104.62,4336.41,4614.87,4088.21,4605.64,4185.64,4209.23,4190.77,4262.05,4578.97,4356.92,1
4280.51,3997.95,4249.74,4109.74,4340,4615.9,4091.28,4614.87,4206.67,4230.26,4204.62,4271.28,4596.41,4368.72,1
4287.18,4014.36,4264.62,4118.46,4343.08,4613.85,4088.21,4623.59,4212.31,4245.64,4215.9,4281.03,4613.85,4374.87,1
4287.18,4014.36,4266.67,4118.46,4340,4615.38,4085.13,4622.05,4212.31,4245.64,4220,4284.1,4613.85,4372.31,1
4287.69,4004.62,4261.54,4114.36,4340.51,4620.51,4085.64,4615.38,4216.92,4247.69,4221.54,4279.49,4612.31,4374.36,1
4290.26,4009.23,4263.59,4118.97,4347.69,4621.54,4087.18,4614.36,4209.74,4244.62,4218.97,4274.87,4613.85,4377.95,1
4288.72,4014.36,4263.59,4123.59,4346.67,4620.51,4086.67,4623.08,4205.64,4240,4213.85,4275.9,4612.82,4370.77,1
4289.74,4009.23,4261.54,4121.03,4341.54,4621.03,4082.56,4628.72,4216.92,4243.08,4211.28,4279.49,4609.74,4368.21,1
4294.36,4011.79,4264.62,4120.51,4344.62,4616.92,4072.82,4620.51,4212.82,4240,4210.26,4276.92,4605.64,4374.87,1
4295.9,4022.56,4270.26,4128.21,4350.26,4615.38,4071.28,4610.26,4200,4231.79,4210.77,4271.79,4605.64,4377.44,1
4297.95,4023.08,4274.36,4132.82,4351.28,4617.44,4076.92,4612.31,4208.72,4236.92,4216.92,4275.38,4611.79,4378.97,1
4301.03,4020,4279.49,4127.18,4348.21,4617.44,4073.85,4614.36,4216.92,4247.69,4221.54,4287.69,4620,4387.18,1
4295.9,4016.92,4280.51,4121.03,4342.56,4614.87,4074.36,4614.36,4212.31,4247.18,4222.56,4293.33,4618.97,4384.1,1
4288.72,4010.26,4272.82,4122.05,4340.51,4613.85,4082.05,4618.46,4206.15,4240.51,4220.51,4286.67,4611.28,4370.77,1
4286.15,4007.69,4271.28,4121.54,4344.62,4618.97,4089.23,4622.05,4207.69,4237.95,4216.41,4283.59,4607.69,4372.31,1
4291.28,4008.72,4275.38,4120.51,4344.62,4623.59,4092.31,4624.62,4212.31,4240.51,4216.41,4288.72,4608.72,4378.97,1
4295.38,4007.18,4275.9,4122.05,4338.46,4619.49,4090.26,4627.18,4214.87,4241.03,4219.49,4292.31,4610.77,4377.44,1
4295.38,4009.74,4276.41,4122.05,4342.05,4615.38,4088.21,4627.69,4211.79,4237.95,4218.97,4291.79,4610.77,4379.49,1
4295.38,4015.9,4274.87,4124.62,4348.72,4616.41,4084.1,4623.59,4205.13,4238.97,4215.9,4287.18,4610.77,4379.49,1
4291.28,4009.74,4266.67,4124.1,4341.54,4614.87,4075.38,4616.92,4199.49,4238.97,4212.82,4280,4608.21,4365.13,1
4283.59,4001.03,4261.54,4119.49,4334.87,4610.26,4072.31,4616.41,4200,4231.79,4210.77,4279.49,4602.56,4363.08,1
4286.15,4007.69,4265.64,4122.05,4339.49,4610.77,4075.38,4622.05,4209.23,4234.36,4214.36,4285.64,4608.21,4377.95,1
4291.28,4010.26,4264.1,4121.03,4340.51,4613.85,4074.87,4621.03,4209.23,4239.49,4215.38,4281.54,4610.26,4370.26,1
4284.1,4002.56,4258.97,4112.82,4336.92,4615.38,4072.31,4612.82,4200,4229.74,4205.64,4269.74,4596.92,4353.33,1
4277.44,4003.59,4258.97,4114.36,4341.54,4614.36,4076.41,4611.28,4204.62,4221.03,4203.08,4268.21,4590.77,4360,1
4282.05,4012.31,4261.03,4123.08,4346.67,4614.36,4084.1,4615.9,4214.87,4230.26,4211.28,4277.95,4601.54,4371.79,1
4286.67,4010.77,4264.1,4123.08,4342.56,4617.44,4083.08,4611.79,4202.05,4237.44,4211.28,4282.56,4606.67,4369.74,1
4284.1,4003.08,4261.03,4113.85,4336.92,4615.38,4075.38,4598.46,4181.54,4226.67,4203.59,4274.36,4600,4363.59,1
4281.03,4000.51,4252.31,4106.67,4332.31,4606.15,4077.95,4595.9,4185.64,4225.13,4204.62,4269.74,4600.51,4364.1,1
4281.03,4000,4249.23,4106.67,4329.74,4604.62,4085.13,4608.21,4198.97,4236.41,4211.28,4273.33,4602.05,4365.64,1
4280,4000.51,4253.33,4110.26,4329.74,4610.77,4084.1,4613.33,4194.36,4233.33,4209.74,4273.85,4599.49,4366.67,1
4283.59,4003.59,4257.44,4110.77,4333.85,4611.79,4083.08,4610.26,4193.85,4224.62,4208.21,4274.87,4601.03,4370.26,1
4296.92,4007.18,4267.18,4114.87,4336.92,4610.77,4087.69,4616.92,4210.77,4232.31,4215.38,4286.15,4605.13,4380.51,1
4305.13,4010.77,4277.95,4124.62,4334.87,4614.87,4093.33,4625.64,4220.51,4244.62,4224.62,4296.92,4611.28,4387.69,1
4297.95,4004.1,4273.33,4119.49,4335.38,4620,4097.95,4626.67,4215.9,4240,4222.56,4295.38,4607.69,4375.9,1
4285.64,3987.18,4261.54,4104.1,4335.38,4623.08,4100.51,4626.67,4209.74,4228.72,4208.72,4289.23,4590.26,4361.54,1
4288.21,3989.23,4263.59,4103.59,4334.36,4623.59,4098.97,4623.59,4205.64,4225.64,4207.18,4291.79,4588.21,4377.44,1
4311.79,4014.87,4274.87,4121.03,4339.49,4620,4093.33,4614.87,4198.97,4230.77,4222.56,4301.03,4611.79,4405.64,1
4333.85,4032.31,4284.62,4134.87,4345.64,4618.46,4087.69,4609.23,4191.28,4228.72,4229.23,4306.15,4625.13,4415.38,1
4341.03,4036.92,4289.74,4138.46,4343.59,4618.97,4085.13,4605.64,4183.59,4220,4223.08,4301.54,4616.92,4416.92,1
4346.67,4047.69,4287.69,4139.49,4340.51,4615.9,4081.03,4601.54,4184.62,4218.97,4220,4291.28,4611.79,4416.92,1
4354.36,4057.95,4281.54,4138.46,4343.59,4612.82,4077.44,4604.62,4196.41,4224.1,4220,4283.59,4614.36,4415.38,1
4354.87,4058.46,4279.49,4140.51,4344.62,4615.38,4075.9,4605.64,4202.56,4226.15,4220.51,4286.15,4620,4422.56,1
4360.51,4061.54,4287.69,4149.74,4342.56,4616.41,4074.36,4601.54,4203.08,4231.28,4226.15,4295.38,4628.72,4433.85,1
4369.74,4062.05,4295.38,4151.79,4341.54,4616.92,4078.46,4606.67,4206.67,4236.41,4228.21,4298.46,4628.72,4431.79,1
4364.62,4053.85,4293.85,4142.05,4340,4618.97,4084.1,4614.87,4207.69,4233.85,4223.08,4295.9,4617.44,4424.62,1
4360.51,4055.38,4291.28,4140.51,4340.51,4621.54,4082.05,4615.9,4204.62,4231.79,4222.05,4295.38,4613.33,4429.23,1
4378.97,4076.92,4301.03,4155.38,4344.1,4615.38,4078.97,4612.82,4201.54,4232.82,4229.23,4302.56,4623.59,4448.72,1
4401.54,4097.44,4312.82,4168.21,4346.15,4603.59,4075.38,4606.15,4192.31,4234.36,4235.38,4315.9,4631.79,4465.64,1
4409.74,4106.67,4315.9,4170.77,4344.1,4597.95,4067.69,4596.92,4176.92,4222.56,4228.21,4321.54,4618.97,4464.62,1
4413.85,4113.33,4316.92,4170.26,4343.59,4599.49,4065.13,4592.82,4172.82,4203.08,4212.31,4315.38,4603.08,4455.9,1
4410.26,4115.9,4315.38,4170.77,4343.59,4601.03,4068.21,4592.31,4173.85,4195.9,4206.67,4307.69,4598.46,4449.74,1
4398.46,4114.87,4311.28,4171.79,4341.03,4605.64,4071.28,4587.69,4170.26,4196.92,4204.62,4301.54,4592.82,4439.49,1
4390.77,4114.36,4306.15,4169.23,4338.97,4612.82,4075.9,4592.31,4175.38,4192.82,4196.92,4297.44,4579.49,4430.26,1
4388.21,4112.31,4300.51,4169.23,4340,4614.87,4075.9,4601.54,4180.51,4187.18,4192.31,4296.92,4570.77,4429.23,1
4389.74,4109.23,4297.44,4171.79,4344.1,4609.74,4071.28,4599.49,4173.33,4191.79,4193.85,4295.9,4575.38,4428.72,1
4389.74,4108.72,4300.51,4174.36,4348.72,4605.64,4068.72,4594.36,4167.69,4199.49,4200,4295.9,4585.13,4428.72,1
4383.59,4107.18,4308.21,4172.82,4349.23,4606.67,4069.23,4595.9,4175.9,4206.67,4204.62,4297.44,4585.64,4429.74,1
4378.46,4102.05,4307.69,4170.77,4347.18,4606.15,4064.62,4598.97,4178.97,4208.21,4205.64,4297.95,4581.54,4425.13,1
4375.38,4097.95,4300,4172.82,4350.26,4606.15,4060,4596.41,4180,4207.69,4207.18,4298.97,4585.13,4418.97,1
4365.13,4089.23,4293.33,4170.77,4351.79,4615.38,4069.23,4598.46,4188.21,4210.26,4205.13,4297.95,4581.03,4407.69,1
4347.18,4070.77,4288.72,4153.85,4345.13,4627.18,4085.64,4604.62,4189.74,4202.56,4191.79,4288.72,4558.46,4385.64,1
4333.33,4054.87,4283.59,4140.51,4339.49,4628.21,4090.26,4605.13,4184.62,4192.31,4175.38,4279.49,4542.05,4370.26,1
4325.64,4051.28,4279.49,4145.64,4341.54,4623.59,4087.69,4606.67,4193.33,4196.41,4175.9,4279.49,4545.64,4371.28,1
4321.03,4055.38,4281.03,4152.31,4345.64,4623.08,4089.23,4613.33,4203.08,4206.15,4185.13,4283.08,4553.85,4371.79,1
4317.44,4054.36,4286.67,4149.23,4344.62,4620.51,4088.21,4611.28,4190.77,4206.67,4188.72,4286.67,4556.92,4371.79,1
4322.56,4053.85,4291.28,4150.26,4342.05,4615.9,4083.59,4600,4180.51,4203.08,4188.72,4287.69,4562.05,4380,1
4332.31,4056.41,4294.87,4154.87,4342.56,4612.82,4081.03,4597.95,4186.67,4205.64,4194.36,4288.21,4570.26,4385.13,1
4325.64,4052.82,4292.31,4152.82,4344.1,4613.33,4081.03,4603.59,4189.23,4207.69,4197.95,4289.74,4570.77,4377.44,1
4311.79,4047.18,4285.13,4149.74,4344.62,4617.44,4081.03,4603.59,4185.64,4204.62,4192.31,4288.72,4562.05,4369.23,1
4309.74,4047.18,4284.1,4152.31,4343.59,4621.54,4082.05,4603.59,4184.1,4206.15,4188.21,4289.74,4559.49,4368.21,1
4309.23,4042.56,4286.15,4152.31,4340,4623.59,4087.18,4609.23,4182.56,4207.69,4190.77,4290.77,4561.03,4363.59,1
4301.54,4036.92,4281.03,4145.64,4339.49,4624.62,4088.21,4612.82,4185.13,4204.1,4189.23,4286.15,4557.95,4354.36,1
4295.38,4035.38,4277.44,4139.49,4344.1,4628.72,4086.67,4614.87,4195.9,4203.59,4183.59,4278.46,4552.31,4342.56,1
4288.21,4028.72,4276.92,4138.46,4344.1,4632.31,4086.67,4616.41,4193.33,4202.05,4172.82,4271.28,4539.49,4333.85,1
4279.49,4023.08,4273.85,4139.49,4342.56,4630.77,4090.77,4611.28,4183.59,4191.79,4164.62,4268.72,4531.79,4340,1
4279.49,4026.67,4276.92,4138.97,4344.62,4630.77,4096.92,4609.74,4185.64,4189.74,4168.72,4273.33,4540.51,4348.21,1
4284.1,4025.13,4281.03,4136.92,4343.59,4634.36,4099.49,4618.97,4201.03,4200,4175.9,4279.49,4548.72,4344.62,1
4284.1,4020.51,4278.97,4137.44,4344.1,4634.87,4101.03,4630.26,4212.82,4207.69,4180,4284.1,4549.74,4346.15,1
4285.13,4025.64,4279.49,4140.51,4346.67,4634.36,4097.95,4631.79,4204.62,4211.79,4183.59,4286.67,4551.79,4346.15,1
4285.13,4025.13,4280,4141.54,4342.56,4633.85,4091.28,4624.62,4192.82,4206.67,4182.56,4281.54,4551.79,4331.79,1
4275.9,4016.92,4274.87,4137.44,4339.49,4631.79,4090.26,4619.49,4191.28,4195.38,4176.92,4274.36,4544.62,4329.23,1
4269.23,4018.97,4268.72,4135.9,4344.62,4629.74,4092.82,4617.44,4198.46,4198.46,4176.92,4273.33,4543.59,4341.54,1
4271.79,4023.08,4267.69,4136.41,4347.69,4628.21,4088.21,4612.31,4196.41,4206.15,4180.51,4272.82,4550.77,4338.97,1
4271.79,4017.44,4268.21,4132.31,4345.13,4629.23,4087.18,4607.18,4185.13,4199.49,4181.03,4269.74,4552.31,4330.77,1
4265.13,4007.18,4264.62,4125.64,4341.54,4631.28,4094.36,4606.67,4187.18,4193.85,4177.95,4273.85,4548.21,4331.28,1
4260,4000.51,4258.97,4121.03,4336.92,4631.28,4096.92,4609.74,4196.41,4202.05,4176.92,4276.41,4548.72,4334.36,1
4264.62,4003.59,4260,4121.54,4338.46,4632.82,4097.44,4615.38,4194.36,4208.72,4187.18,4272.31,4557.95,4338.97,1
4266.15,4005.13,4263.08,4122.05,4342.05,4631.28,4098.97,4616.92,4189.23,4204.1,4188.72,4271.28,4556.41,4337.44,1
4262.05,4002.05,4261.03,4121.54,4342.56,4624.1,4096.92,4613.33,4198.46,4207.18,4182.05,4272.82,4553.85,4332.31,1
4264.1,4003.59,4262.05,4123.08,4341.03,4624.1,4097.95,4619.49,4207.18,4217.95,4186.15,4269.74,4557.95,4336.41,1
4263.08,4004.1,4262.05,4121.54,4340.51,4632.82,4105.13,4629.74,4205.64,4216.41,4187.69,4265.64,4553.85,4340,1
4254.36,3994.36,4255.9,4115.38,4343.08,4635.38,4107.18,4630.77,4208.72,4214.36,4181.54,4267.18,4551.79,4331.79,1
4253.33,3993.85,4249.23,4115.38,4344.62,4631.79,4105.64,4625.13,4211.28,4221.03,4182.56,4266.67,4555.9,4327.69,1
4259.49,4000.51,4249.23,4118.46,4342.05,4631.28,4105.64,4620,4201.54,4217.95,4186.15,4264.62,4555.38,4333.33,1
4256.41,3996.92,4252.31,4117.44,4342.05,4632.31,4103.59,4615.9,4190.77,4204.1,4184.62,4265.64,4552.31,4334.87,1
4253.85,3992.31,4250.26,4114.36,4344.1,4628.72,4100.51,4613.85,4191.79,4201.03,4183.59,4268.21,4552.82,4330.77,1
4254.87,3990.77,4249.23,4110.77,4342.05,4624.62,4102.05,4612.82,4193.85,4202.05,4184.62,4269.23,4548.21,4328.72,1
4252.82,3990.77,4255.9,4113.33,4340.51,4625.64,4102.05,4611.79,4184.62,4194.87,4185.13,4272.31,4544.1,4330.77,1
4253.85,3997.95,4257.95,4120,4342.56,4629.74,4093.85,4609.23,4178.97,4192.82,4184.1,4270.26,4551.28,4329.23,1
4252.31,3998.46,4250.77,4117.44,4343.08,4631.28,4090.26,4608.21,4191.79,4200,4174.36,4262.05,4545.13,4321.54,1
4245.13,3990.26,4245.13,4116.41,4343.08,4633.33,4096.41,4614.36,4204.1,4206.67,4170.26,4260,4535.38,4321.03,1
4247.69,3989.74,4247.69,4120.51,4343.59,4633.33,4096.92,4622.05,4205.64,4215.9,4185.64,4267.18,4558.97,4337.44,1
4255.9,3988.72,4249.74,4113.85,4342.05,4626.15,4091.28,4618.97,4208.21,4229.74,4203.08,4272.31,4592.31,4347.18,1
4250.77,3972.31,4250.26,4104.1,4336.41,4624.62,4094.36,4613.33,4210.77,4233.85,4204.1,4271.28,4594.36,4337.95,0
4240.51,3961.03,4244.1,4101.03,4332.82,4630.26,4100.51,4615.38,4207.18,4225.13,4194.36,4266.15,4580.51,4328.72,0
4239.49,3965.64,4234.87,4098.46,4332.82,4629.74,4097.95,4617.95,4202.56,4215.9,4190.77,4259.49,4576.41,4325.64,0
4242.56,3966.15,4235.9,4095.38,4332.31,4626.67,4094.87,4612.82,4200,4213.33,4193.33,4260,4574.87,4328.72,0
4243.59,3963.08,4242.56,4095.9,4332.82,4630.26,4097.95,4609.23,4197.44,4215.9,4195.38,4265.13,4577.95,4335.38,0
4243.59,3965.64,4244.1,4098.97,4334.87,4633.33,4102.05,4613.85,4197.95,4213.33,4195.38,4266.15,4579.49,4333.85,0
4246.67,3968.72,4245.13,4100,4333.85,4631.79,4100.51,4615.9,4201.03,4212.82,4196.41,4267.69,4576.92,4326.15,0
4248.72,3969.74,4247.69,4097.95,4332.31,4630.77,4097.95,4612.31,4204.1,4221.03,4197.95,4270.26,4580,4330.77,0
4246.15,3968.21,4246.67,4094.87,4334.87,4631.28,4100.51,4616.92,4212.31,4226.15,4197.95,4274.87,4583.08,4342.56,0
4248.72,3966.67,4246.15,4096.41,4336.92,4633.85,4100.51,4627.18,4218.46,4228.21,4203.59,4280.51,4586.15,4346.15,0
4251.79,3969.23,4247.18,4102.05,4335.38,4638.46,4099.49,4631.28,4214.36,4233.85,4207.18,4278.97,4590.77,4341.03,0
4244.1,3971.79,4242.05,4104.1,4335.38,4637.44,4102.05,4631.28,4213.33,4234.36,4198.97,4270.26,4588.72,4335.9,0
4240.51,3970.26,4235.38,4099.49,4336.41,4633.33,4103.08,4634.36,4221.54,4225.64,4193.33,4264.62,4582.05,4335.9,0
4243.59,3966.15,4233.33,4092.82,4333.85,4631.79,4101.03,4640.51,4224.62,4228.21,4195.38,4265.13,4581.54,4332.31,0
4242.05,3964.62,4232.82,4095.9,4335.9,4634.87,4097.95,4643.08,4218.97,4235.9,4195.9,4266.15,4584.1,4329.23,0
4240.51,3967.18,4232.31,4102.56,4337.95,4635.38,4094.87,4639.49,4221.54,4232.82,4197.95,4267.69,4585.13,4332.82,0
4239.49,3968.72,4233.85,4098.46,4334.36,4632.82,4096.41,4633.33,4223.08,4227.69,4198.46,4270.77,4584.1,4334.36,0
4239.49,3968.72,4232.82,4092.82,4333.85,4632.82,4095.9,4629.23,4212.82,4224.1,4193.33,4269.74,4581.54,4333.33,0
4241.54,3968.21,4234.87,4097.95,4336.41,4633.33,4090.77,4627.18,4210.77,4219.49,4191.79,4264.62,4581.54,4331.28,0
4240,3966.67,4242.05,4101.54,4334.36,4633.33,4090.26,4623.08,4210.77,4217.44,4190.26,4261.54,4576.41,4324.62,0
4239.49,3964.62,4244.62,4096.41,4331.28,4632.31,4093.33,4619.49,4196.92,4216.41,4187.69,4263.59,4572.82,4322.05,0
4244.1,3969.74,4243.59,4100,4330.26,4631.28,4093.85,4622.05,4194.87,4214.87,4190.26,4265.64,4580.51,4332.31,0
4246.67,3973.33,4244.1,4108.21,4330.26,4635.38,4096.92,4626.67,4211.79,4220.51,4195.9,4266.67,4585.13,4337.95,0
4246.15,3970.77,4245.64,4104.62,4333.33,4640,4102.05,4629.74,4214.87,4228.21,4196.41,4270.26,4578.97,4334.87,0
4250.26,3972.82,4247.69,4100,4333.85,4637.44,4097.44,4626.15,4203.08,4224.62,4191.79,4272.31,4578.97,4336.92,0
4256.92,3972.82,4251.79,4103.08,4331.28,4631.28,4090.26,4624.62,4204.62,4223.08,4191.28,4273.33,4587.18,4341.03,0
4259.49,3971.28,4251.28,4106.67,4332.31,4630.26,4091.28,4631.79,4217.44,4229.23,4195.38,4274.36,4586.67,4340,0
4255.38,3974.87,4248.21,4105.13,4334.87,4635.9,4097.44,4638.97,4220.51,4230.77,4195.38,4275.38,4580.51,4340.51,0
4252.31,3974.36,4252.82,4102.56,4336.92,4641.03,4101.54,4640,4215.9,4228.21,4192.31,4277.44,4584.1,4342.05,0
4256.92,3970.77,4261.54,4105.13,4338.46,4637.95,4102.05,4637.44,4217.95,4231.79,4196.41,4282.05,4591.79,4343.08,0
4262.05,3977.95,4262.56,4109.74,4342.05,4639.49,4104.1,4635.9,4225.13,4241.03,4201.03,4286.15,4595.38,4344.62,0
4260,3984.62,4254.36,4109.74,4345.64,4646.15,4105.64,4637.44,4220.51,4240,4197.95,4282.05,4595.9,4340.51,0
4254.36,3977.44,4246.67,4103.59,4342.05,4643.59,4100.51,4635.9,4210.77,4232.82,4193.85,4272.82,4592.82,4332.31,0
4254.87,3977.95,4246.15,4101.03,4335.9,4637.95,4097.95,4630.77,4212.82,4233.85,4194.36,4270.77,4591.79,4336.41,0
4261.03,3987.69,4248.72,4106.15,4334.87,4635.9,4098.97,4630.26,4221.03,4240,4202.56,4274.87,4595.9,4347.18,0
4261.54,3986.15,4248.72,4107.18,4333.33,4634.36,4095.9,4632.82,4222.05,4242.05,4203.08,4275.38,4596.92,4344.1,0
4257.95,3982.05,4245.64,4103.59,4333.33,4633.85,4094.36,4631.79,4215.9,4241.03,4196.92,4274.87,4593.33,4335.38,0
4263.59,3988.21,4249.23,4109.23,4342.05,4634.87,4099.49,4632.82,4219.49,4241.54,4200,4273.85,4596.92,4341.54,0
4270.26,3992.31,4256.41,4117.44,4348.21,4636.92,4102.05,4636.92,4230.77,4241.54,4204.1,4271.79,4598.97,4347.69,0
4269.23,3989.23,4254.87,4114.87,4341.03,4635.38,4096.41,4631.79,4221.54,4238.97,4198.97,4270.26,4592.31,4342.56,0
4267.18,3987.18,4254.87,4111.28,4337.95,4634.87,4095.38,4625.13,4210.77,4232.82,4193.85,4272.82,4590.77,4342.56,0
4264.62,3987.69,4257.95,4111.79,4341.03,4640.51,4103.59,4632.82,4219.49,4228.72,4196.92,4275.38,4592.82,4349.74,0
4266.67,3987.69,4255.38,4113.85,4337.44,4643.08,4105.13,4635.38,4216.92,4230.77,4200.51,4273.33,4593.33,4351.28,0
4272.31,3990.77,4255.38,4116.92,4334.36,4634.36,4094.87,4624.62,4205.13,4237.44,4205.64,4273.85,4598.97,4349.74,0
4277.44,3994.87,4264.62,4120,4341.54,4629.23,4091.28,4629.23,4216.41,4242.56,4208.72,4282.05,4606.67,4352.82,0
4280,3995.38,4268.21,4122.05,4345.13,4635.38,4096.92,4639.49,4226.67,4241.54,4207.18,4286.67,4604.1,4352.82,0
4278.97,3992.82,4264.1,4120,4340.51,4636.92,4100.51,4632.82,4218.97,4236.92,4203.08,4280,4595.9,4348.21,0
4275.9,3992.82,4264.62,4115.9,4337.95,4634.36,4100.51,4629.23,4220.51,4236.92,4205.13,4281.54,4597.95,4351.28,0
4275.38,3994.36,4265.13,4117.95,4342.05,4636.92,4098.97,4635.38,4225.64,4239.49,4208.21,4288.21,4601.54,4353.85,0
4275.9,3992.82,4265.13,4122.56,4340.51,4637.95,4096.41,4631.28,4220,4237.44,4202.05,4282.56,4595.9,4349.23,0
4272.31,3990.26,4263.59,4116.92,4336.41,4634.36,4095.38,4625.13,4217.44,4234.36,4197.95,4276.92,4590.77,4347.69,0
4266.15,3987.18,4255.38,4109.23,4334.87,4634.36,4098.97,4631.79,4216.92,4235.9,4198.97,4277.44,4594.36,4345.13,0
4258.97,3979.49,4245.13,4106.67,4333.33,4634.87,4093.85,4630.77,4210.26,4231.79,4193.33,4273.33,4589.23,4334.36,0
4253.33,3976.41,4240.51,4105.13,4329.74,4631.79,4085.13,4615.9,4195.38,4218.46,4181.03,4261.54,4574.36,4323.59,0
4256.92,3981.03,4244.1,4105.64,4328.72,4629.23,4083.08,4609.74,4194.36,4210.77,4178.46,4258.46,4575.38,4324.62,0
4265.64,3988.21,4247.69,4108.72,4331.28,4628.72,4081.03,4616.41,4210.77,4223.08,4185.64,4266.67,4585.13,4334.36,0
4266.15,3988.21,4249.74,4107.18,4330.26,4625.13,4078.97,4624.62,4217.44,4231.28,4189.23,4272.31,4584.1,4339.49,0
4265.13,3982.05,4256.41,4108.21,4329.23,4623.59,4082.56,4624.1,4209.74,4226.15,4190.26,4277.44,4584.62,4336.92,0
4272.82,3982.05,4266.15,4110.26,4327.69,4620,4080,4613.85,4203.08,4224.62,4190.26,4281.03,4590.77,4335.9,0
4271.28,3983.08,4264.1,4108.72,4324.1,4613.85,4071.79,4603.08,4195.9,4223.08,4184.1,4277.44,4583.08,4335.38,0
4262.56,3979.49,4251.79,4107.69,4323.59,4616.92,4077.95,4605.13,4193.85,4217.95,4178.97,4269.74,4573.85,4333.33,0
4266.67,3976.92,4251.79,4109.74,4324.1,4622.56,4085.13,4610.26,4203.08,4221.03,4189.23,4271.28,4582.56,4334.87,0
4272.82,3978.46,4257.44,4110.77,4321.54,4620,4078.97,4610.26,4204.1,4225.64,4192.31,4275.38,4588.72,4337.95,0
4262.56,3973.85,4252.82,4107.18,4319.49,4616.41,4077.95,4613.33,4194.36,4216.92,4180,4271.79,4580,4335.38,0
4260,3973.33,4252.31,4102.56,4324.1,4617.44,4087.18,4615.38,4196.92,4212.82,4181.54,4269.23,4578.97,4337.44,0
4276.92,3986.67,4262.56,4110.26,4331.79,4618.46,4091.28,4613.33,4206.15,4222.56,4195.38,4278.97,4590.26,4346.15,0
4283.59,3992.31,4265.13,4120.51,4330.26,4618.46,4087.69,4611.79,4201.03,4225.13,4195.9,4282.05,4592.82,4345.64,0
4273.33,3987.69,4260,4113.85,4326.67,4617.44,4082.56,4609.74,4192.31,4218.97,4186.15,4270.26,4588.21,4334.36,0
4268.21,3990.26,4256.41,4109.23,4330.77,4616.92,4080.51,4610.77,4204.1,4222.05,4189.23,4269.23,4589.74,4330.26,0
4272.31,3995.38,4250.77,4118.46,4334.36,4620,4084.1,4615.9,4213.85,4229.23,4195.9,4276.92,4590.26,4335.38,0
4274.36,3997.95,4249.74,4120.51,4331.79,4621.03,4083.08,4611.28,4197.95,4225.13,4190.77,4273.85,4587.69,4343.08,0
4274.36,4002.56,4255.9,4115.9,4330.77,4616.92,4075.38,4601.03,4185.13,4217.95,4188.21,4268.72,4590.77,4341.54,0
4275.38,4001.03,4261.54,4120.51,4332.82,4615.9,4077.44,4607.69,4195.38,4218.97,4190.77,4271.79,4590.77,4335.38,0
4277.95,3994.87,4263.59,4122.05,4330.77,4618.97,4084.1,4618.97,4207.69,4226.67,4195.38,4276.92,4590.77,4341.54,0
4279.49,3995.9,4263.08,4118.46,4326.15,4615.9,4083.08,4617.95,4207.18,4231.28,4197.95,4277.95,4596.41,4346.15,0
4275.9,3994.87,4261.54,4118.97,4325.13,4610.26,4079.49,4608.72,4193.85,4223.59,4193.85,4273.33,4594.87,4338.97,0
4272.31,3983.59,4261.54,4118.97,4326.15,4611.28,4080,4602.05,4185.13,4216.92,4188.72,4271.79,4588.72,4339.49,0
4278.97,3983.59,4266.67,4116.92,4329.74,4615.38,4082.05,4600,4191.28,4223.08,4193.85,4282.05,4592.82,4353.33,0
4294.36,4004.62,4276.41,4126.15,4334.87,4613.85,4080.51,4600,4194.87,4224.62,4202.05,4289.23,4597.95,4359.49,0
4303.59,4021.03,4278.46,4137.44,4335.38,4610.77,4079.49,4604.1,4189.23,4214.87,4198.46,4284.1,4592.31,4355.9,0
4301.03,4021.03,4268.72,4131.79,4330.77,4611.28,4082.56,4609.23,4189.23,4208.72,4187.18,4277.95,4582.05,4352.31,0
4298.46,4020,4261.03,4126.67,4331.79,4612.31,4084.1,4607.69,4193.85,4207.18,4177.44,4274.87,4570.26,4348.21,0
4303.59,4026.67,4264.1,4135.9,4334.36,4615.38,4085.13,4608.21,4192.82,4208.72,4176.41,4273.85,4562.56,4347.69,0
4306.67,4031.79,4268.72,4140,4334.36,4617.44,4086.67,4611.28,4191.79,4214.87,4183.08,4277.95,4570.77,4356.41,0
4306.67,4032.31,4267.69,4136.92,4338.46,4617.95,4091.28,4608.21,4193.33,4221.03,4195.38,4287.69,4586.67,4364.1,0
4306.15,4029.23,4265.64,4136.92,4336.92,4619.49,4094.87,4606.67,4199.49,4224.62,4202.56,4291.28,4592.31,4357.95,0
4301.54,4024.62,4264.62,4136.41,4330.26,4619.49,4093.85,4610.77,4209.23,4229.74,4196.41,4285.13,4587.69,4348.21,0
4294.87,4022.05,4262.05,4130.26,4334.87,4621.54,4095.9,4611.79,4210.26,4227.69,4187.69,4274.87,4580,4344.1,0
4292.31,4016.92,4260,4124.62,4345.64,4628.21,4100.51,4618.97,4208.21,4220.51,4187.18,4270.77,4575.9,4343.08,0
4291.79,4015.38,4260.51,4122.56,4343.08,4627.69,4099.49,4626.67,4207.18,4222.56,4192.31,4274.36,4581.03,4346.67,0
4291.28,4018.46,4257.95,4121.54,4334.36,4620,4091.28,4618.97,4202.05,4226.67,4195.38,4275.38,4583.59,4348.21,0
4295.38,4018.97,4255.9,4117.95,4329.74,4614.87,4087.69,4610.26,4189.74,4220,4190.26,4274.36,4577.95,4346.67,0
4302.05,4015.38,4262.05,4116.92,4326.15,4614.36,4086.67,4611.79,4182.05,4211.28,4182.56,4274.36,4575.38,4346.67,0
4302.56,4013.85,4265.13,4121.03,4327.18,4614.36,4086.15,4610.26,4184.1,4214.36,4186.15,4274.36,4576.92,4346.15,0
4297.95,4019.49,4262.56,4122.56,4329.74,4615.9,4089.74,4605.64,4187.18,4215.9,4190.26,4271.28,4575.38,4341.54,0
4291.79,4018.97,4258.97,4115.38,4329.23,4615.9,4090.77,4607.18,4195.38,4214.36,4181.54,4266.67,4573.33,4336.92,0
4286.67,4011.79,4252.82,4107.69,4327.18,4615.9,4088.72,4612.31,4205.13,4215.9,4176.92,4265.13,4568.72,4336.41,0
4284.62,4007.18,4248.72,4111.28,4324.1,4617.44,4090.26,4612.82,4205.13,4215.9,4180,4264.62,4566.67,4336.41,0
4282.56,4007.69,4248.21,4117.44,4328.21,4623.08,4089.74,4612.82,4200,4215.9,4177.44,4259.49,4568.21,4330.26,0
4277.44,4010.26,4247.18,4116.92,4334.87,4627.69,4086.15,4611.79,4194.87,4214.87,4172.31,4254.36,4566.15,4322.05,0
4277.44,4014.87,4251.79,4117.44,4333.85,4621.03,4087.18,4605.13,4192.31,4213.85,4178.97,4259.49,4567.69,4334.36,0
4284.1,4016.92,4261.03,4121.54,4329.23,4613.85,4090.26,4604.1,4196.92,4214.87,4188.21,4269.23,4575.38,4354.36,0
4287.69,4016.92,4263.08,4123.08,4330.77,4620.51,4089.23,4610.77,4197.95,4217.44,4185.64,4272.82,4576.41,4350.77,0
4291.79,4015.38,4260.51,4116.92,4331.28,4625.64,4087.69,4612.31,4192.82,4217.44,4181.54,4272.82,4572.31,4343.59,0
4295.9,4013.33,4260.51,4113.33,4330.26,4622.56,4089.23,4607.69,4194.87,4216.92,4184.62,4272.82,4575.38,4351.28,0
4294.36,4015.9,4262.56,4116.92,4328.72,4620.51,4089.74,4605.13,4200,4221.03,4189.74,4275.38,4580,4356.41,0
4294.36,4017.95,4263.59,4118.46,4326.15,4618.97,4086.15,4606.15,4195.38,4222.56,4190.26,4280.51,4580.51,4352.31,0
4298.46,4016.41,4265.13,4118.46,4330.26,4616.41,4086.15,4605.64,4187.18,4220,4186.15,4281.03,4582.05,4354.36,0
4296.41,4016.92,4263.08,4117.95,4333.33,4616.92,4089.74,4605.13,4188.21,4214.87,4181.54,4273.85,4578.46,4352.82,0
4286.67,4012.31,4254.87,4109.23,4327.18,4616.41,4088.72,4604.1,4186.67,4207.69,4173.85,4265.13,4563.59,4335.9,0
4276.41,4004.62,4246.67,4095.38,4318.97,4614.87,4086.15,4602.05,4181.54,4200,4163.59,4257.44,4551.28,4323.59,0
4270.77,4001.03,4241.03,4092.82,4318.97,4616.41,4086.67,4596.92,4184.1,4197.95,4158.46,4250.77,4550.26,4323.59,0
4269.74,4003.08,4240,4101.03,4325.13,4615.38,4084.62,4593.85,4184.62,4205.13,4166.67,4250.77,4554.87,4328.21,0
4274.36,4011.79,4245.13,4107.69,4331.79,4618.46,4082.56,4597.44,4181.03,4210.26,4176.41,4257.95,4560,4337.44,0
4280,4020.51,4251.79,4111.28,4332.31,4627.18,4088.72,4602.56,4189.23,4211.28,4179.49,4265.13,4566.67,4348.72,0
4279.49,4014.36,4250.26,4107.18,4324.62,4623.59,4093.85,4608.72,4200,4214.36,4179.49,4268.21,4565.64,4342.05,0
4272.31,4006.15,4247.69,4101.03,4321.54,4615.9,4090.77,4611.79,4193.33,4214.36,4177.44,4268.21,4560,4328.21,0
4271.28,4007.18,4248.72,4100.51,4322.05,4617.44,4088.21,4609.23,4188.72,4216.41,4178.46,4266.15,4563.59,4333.33,0
4274.36,4005.64,4246.15,4103.59,4322.56,4618.46,4089.23,4608.21,4195.38,4224.1,4181.54,4263.59,4571.28,4343.59,0
4277.44,4005.13,4245.13,4105.64,4325.64,4614.36,4085.13,4608.21,4196.92,4224.62,4185.64,4263.08,4573.85,4346.15,0
4280,4008.72,4249.74,4105.64,4325.13,4616.92,4085.13,4609.74,4204.1,4222.56,4189.74,4268.21,4572.82,4347.18,0
4278.97,4006.15,4249.74,4105.13,4324.62,4620.51,4091.79,4611.28,4205.13,4223.08,4186.15,4269.74,4573.33,4346.15,0
4278.97,4004.1,4247.69,4103.08,4326.15,4617.95,4086.67,4602.56,4186.67,4215.9,4181.54,4267.18,4572.82,4343.08,0
4286.67,4013.85,4254.87,4108.72,4327.69,4614.36,4075.38,4594.87,4182.56,4208.72,4187.18,4270.26,4576.41,4348.72,0
4295.38,4025.64,4266.67,4120.51,4328.72,4613.85,4075.9,4603.59,4201.54,4218.46,4197.44,4274.87,4587.69,4362.05,0
4294.36,4022.05,4267.18,4120,4328.21,4616.41,4084.62,4612.31,4198.97,4221.03,4196.92,4274.87,4587.69,4360.51,0
4292.31,4014.36,4263.08,4108.21,4326.67,4617.95,4086.67,4610.26,4186.67,4210.77,4188.72,4273.85,4578.97,4354.36,0
4295.9,4016.92,4268.21,4105.64,4325.13,4615.9,4083.59,4609.23,4192.31,4213.85,4190.77,4278.97,4579.49,4360.51,0
4299.49,4017.95,4272.82,4112.82,4324.62,4612.82,4084.1,4606.67,4189.23,4212.31,4193.85,4280.51,4580.51,4363.59,0
4296.92,4012.82,4268.72,4112.31,4324.1,4614.36,4085.13,4602.05,4183.08,4205.13,4188.72,4274.87,4572.31,4355.38,0
4291.79,4013.85,4263.59,4106.15,4327.18,4617.95,4084.1,4604.62,4196.41,4213.85,4187.18,4271.28,4572.82,4356.41,0
4291.28,4018.97,4263.08,4106.15,4329.74,4616.41,4081.54,4608.72,4202.56,4226.15,4194.36,4275.38,4582.56,4364.1,0
4292.82,4017.95,4264.1,4108.21,4328.72,4614.36,4077.95,4605.13,4191.28,4220.51,4194.87,4279.49,4581.03,4358.46,0
4288.21,4011.79,4263.59,4105.64,4326.15,4616.92,4078.97,4602.05,4188.21,4213.33,4186.15,4273.85,4573.85,4349.74,0
4281.03,4006.15,4261.03,4105.13,4323.59,4618.97,4084.62,4604.1,4192.31,4215.38,4184.1,4267.69,4570.77,4352.31,0
4284.62,4009.23,4260,4106.67,4325.13,4618.46,4088.21,4605.13,4191.79,4214.36,4183.59,4267.69,4574.87,4353.85,0
4290.26,4016.92,4260,4106.67,4328.21,4618.46,4085.13,4606.67,4193.85,4213.33,4182.56,4269.23,4580.51,4352.31,0
4287.18,4016.92,4259.49,4106.15,4329.74,4620,4083.59,4612.31,4201.03,4218.46,4186.67,4273.33,4581.03,4352.82,0
4281.03,4011.79,4261.03,4106.67,4328.21,4620.51,4087.69,4612.31,4197.44,4219.49,4188.72,4276.41,4576.41,4352.31,0
4278.97,4013.85,4262.56,4107.18,4320.51,4617.95,4085.13,4600,4185.13,4213.33,4180,4271.79,4570.26,4347.69,0
4281.03,4017.44,4261.54,4108.21,4318.97,4616.41,4081.03,4594.36,4188.72,4208.72,4175.38,4266.15,4568.72,4349.23,0
4288.21,4017.44,4264.1,4107.69,4329.23,4621.03,4087.18,4606.67,4198.97,4214.36,4186.15,4271.28,4574.36,4356.41,0
4294.36,4014.87,4265.64,4108.72,4332.82,4623.08,4090.26,4608.72,4189.74,4219.49,4191.79,4276.92,4582.56,4354.87,0
4292.31,4015.38,4264.62,4115.9,4326.15,4617.44,4083.08,4595.9,4181.03,4215.38,4188.21,4275.38,4583.59,4356.41,0
4293.33,4018.97,4269.74,4121.03,4329.74,4615.9,4081.54,4595.9,4189.74,4213.33,4191.79,4275.38,4584.1,4368.72,0
4296.92,4018.46,4272.31,4118.97,4334.87,4625.13,4090.26,4609.74,4197.95,4225.13,4198.97,4277.95,4591.28,4372.82,0
4293.33,4017.44,4264.1,4115.38,4327.18,4629.23,4095.38,4617.44,4200.51,4229.23,4199.49,4278.46,4592.31,4363.59,0
4291.79,4022.56,4263.08,4117.44,4325.64,4623.59,4090.26,4611.28,4204.1,4222.05,4200,4280.51,4589.74,4364.1,0
4299.49,4029.74,4273.33,4121.54,4333.85,4620.51,4087.18,4606.15,4207.69,4232.31,4204.62,4285.13,4597.95,4370.26,0
4302.56,4027.69,4272.31,4120.51,4331.79,4620,4093.85,4610.26,4209.23,4246.67,4207.18,4284.1,4605.13,4370.77,0
4297.44,4024.62,4269.74,4120.51,4326.67,4624.62,4100,4613.33,4205.13,4240,4206.15,4286.67,4602.05,4372.82,0
4295.9,4026.15,4274.87,4121.54,4327.18,4629.23,4097.44,4609.23,4200.51,4227.69,4200.51,4291.28,4594.87,4367.69,0
4293.33,4019.49,4271.28,4116.41,4326.67,4625.13,4090.26,4606.67,4204.62,4223.08,4191.28,4281.54,4585.64,4358.46,0
4287.69,4012.82,4262.05,4111.79,4327.69,4618.97,4084.62,4605.64,4202.56,4223.59,4187.18,4269.74,4581.54,4358.46,0
4286.67,4015.38,4262.56,4111.79,4329.74,4617.44,4083.59,4601.54,4188.72,4220.51,4189.23,4274.36,4580.51,4362.05,0
4293.33,4019.49,4272.31,4113.85,4328.72,4620.51,4086.67,4602.56,4190.26,4220,4192.82,4281.54,4581.03,4361.54,0
4300,4019.49,4277.44,4118.46,4329.23,4621.03,4088.21,4607.18,4199.49,4223.59,4194.87,4283.08,4584.1,4363.59,0
4301.54,4022.05,4280.51,4123.08,4331.28,4618.46,4085.13,4606.67,4193.85,4223.59,4194.36,4286.67,4590.77,4370.77,0
4300,4024.62,4276.92,4122.05,4329.23,4618.46,4082.56,4608.21,4194.36,4225.13,4193.85,4288.72,4593.33,4369.23,0
4296.41,4020.51,4266.67,4116.41,4326.15,4624.62,4083.08,4614.36,4206.67,4232.82,4197.44,4283.59,4593.33,4364.1,0
4296.92,4018.46,4263.08,4113.85,4327.18,4625.64,4084.1,4615.9,4208.21,4237.44,4203.08,4282.05,4597.44,4369.23,0
4297.95,4021.03,4273.85,4117.95,4330.77,4624.1,4086.67,4614.36,4207.69,4238.97,4206.15,4289.74,4603.08,4377.44,0
4295.9,4023.08,4281.03,4120,4331.79,4626.15,4092.31,4617.95,4214.36,4243.08,4207.18,4295.38,4606.67,4376.92,0
4298.97,4022.05,4271.28,4120,4329.74,4626.67,4094.36,4620,4207.18,4237.95,4207.18,4292.31,4601.54,4370.26,0
4299.49,4021.54,4264.1,4119.49,4331.28,4626.67,4089.74,4613.85,4192.31,4225.64,4197.95,4283.08,4592.31,4360.51,0
4287.69,4022.56,4264.62,4114.36,4332.31,4626.67,4083.59,4611.79,4200,4222.05,4185.64,4271.79,4587.69,4352.31,0
4285.64,4020,4266.15,4110.77,4329.74,4623.59,4085.13,4612.82,4207.18,4225.64,4184.1,4268.72,4587.18,4359.49,0
4300,4017.44,4267.69,4118.97,4327.18,4620.51,4086.15,4606.67,4192.82,4223.08,4190.77,4278.46,4590.77,4376.41,0
4303.08,4022.05,4267.69,4124.62,4328.21,4616.41,4078.46,4596.41,4185.13,4222.05,4191.28,4285.64,4596.41,4377.44,0
4296.92,4027.69,4264.62,4122.56,4332.82,4613.85,4076.92,4596.41,4192.82,4224.62,4183.08,4280,4597.44,4365.13,0
4298.46,4026.15,4262.05,4124.62,4335.38,4614.87,4085.64,4604.1,4198.46,4225.13,4177.95,4274.36,4591.28,4361.03,0
4300,4022.56,4266.15,4125.13,4330.26,4618.97,4088.72,4613.33,4204.1,4229.74,4185.13,4276.41,4591.28,4362.05,0
4298.97,4026.15,4273.85,4123.59,4333.85,4623.59,4085.13,4618.97,4214.36,4243.59,4193.85,4283.59,4602.56,4368.72,0
4298.97,4027.18,4272.82,4124.1,4337.95,4625.64,4082.56,4614.36,4213.33,4248.21,4190.26,4286.67,4602.56,4371.28,0
4292.82,4018.97,4265.64,4123.08,4327.69,4624.62,4082.56,4607.18,4196.92,4230.77,4175.9,4278.97,4584.1,4359.49,0
4284.1,4008.72,4262.56,4114.36,4322.05,4621.54,4083.08,4607.18,4192.82,4218.46,4162.56,4272.82,4571.79,4346.67,0
4277.95,4005.13,4260.51,4106.67,4326.67,4619.49,4086.15,4609.23,4202.05,4222.56,4159.49,4270.77,4574.36,4347.18,0
4278.97,4010.26,4259.49,4113.33,4330.26,4622.05,4086.67,4607.69,4203.59,4228.21,4165.64,4269.23,4581.03,4356.41,0
4291.79,4018.97,4266.15,4123.08,4331.79,4621.03,4081.03,4605.64,4198.46,4229.23,4173.33,4274.36,4589.23,4362.05,0
4300,4020,4270.26,4122.56,4330.26,4614.36,4077.95,4604.1,4199.49,4228.72,4175.38,4280.51,4593.33,4360.51,0
4298.46,4017.44,4267.18,4120.51,4329.23,4613.85,4081.54,4598.97,4194.87,4227.69,4176.41,4278.97,4592.31,4357.95,0
4296.92,4018.97,4267.18,4122.05,4330.26,4618.46,4081.54,4591.28,4179.49,4220,4173.33,4276.41,4591.28,4360.51,0
4292.31,4014.87,4266.15,4118.97,4326.15,4616.92,4077.44,4593.85,4182.05,4215.9,4167.69,4276.41,4588.72,4360,0
4287.69,4010.26,4265.13,4119.49,4324.62,4615.9,4079.49,4603.59,4195.9,4221.03,4167.69,4277.44,4586.15,4355.9,0
4294.36,4019.49,4273.33,4124.1,4332.31,4620,4084.62,4603.59,4196.41,4227.18,4172.31,4284.62,4593.33,4362.56,0
4301.03,4025.64,4278.97,4124.1,4334.87,4622.05,4082.56,4603.59,4200.51,4231.79,4176.41,4291.79,4601.03,4369.23,0
4298.46,4022.05,4274.87,4129.74,4332.31,4617.95,4073.85,4610.77,4209.74,4233.85,4177.44,4284.62,4598.46,4366.15,0
4297.44,4024.1,4276.92,4135.9,4333.85,4615.38,4066.15,4606.67,4201.03,4231.28,4176.41,4277.44,4596.41,4360,0
4299.49,4026.15,4280.51,4129.23,4335.9,4620.51,4068.72,4596.92,4187.18,4229.74,4173.33,4283.08,4595.38,4360,0
4296.41,4018.97,4269.23,4122.56,4332.31,4624.1,4074.87,4596.92,4185.13,4225.13,4166.67,4280.51,4586.15,4357.44,0
4285.13,4012.31,4257.95,4125.64,4328.72,4620.51,4073.33,4597.95,4184.1,4217.95,4157.95,4265.64,4581.03,4351.79,0
4281.03,4010.26,4262.05,4123.08,4325.64,4616.92,4068.21,4598.97,4190.26,4220,4156.92,4264.62,4585.64,4353.33,0
4285.64,4004.62,4264.1,4115.38,4320,4615.9,4071.79,4608.72,4201.03,4224.62,4162.56,4271.79,4584.1,4352.31,0
4287.69,4006.15,4260.51,4116.92,4322.56,4615.9,4075.38,4610.77,4198.97,4222.05,4165.13,4273.33,4581.54,4351.28,0
4290.77,4018.97,4268.21,4127.18,4335.38,4617.95,4073.85,4607.18,4197.44,4226.67,4172.31,4278.97,4593.33,4359.49,0
4301.54,4030.26,4281.54,4138.97,4344.62,4617.95,4071.28,4607.69,4200,4238.46,4182.56,4288.21,4607.18,4367.18,0
4308.21,4028.72,4287.18,4145.13,4344.1,4617.95,4073.85,4606.67,4195.9,4237.44,4181.54,4289.23,4605.64,4370.26,0
4303.08,4020.51,4284.62,4136.41,4339.49,4627.18,4081.54,4608.72,4194.36,4229.23,4175.38,4289.23,4597.44,4367.18,0
4292.31,4010.77,4274.36,4125.13,4332.82,4634.36,4084.1,4606.67,4187.18,4224.1,4176.92,4288.72,4591.79,4359.49,0
4282.05,4004.1,4264.1,4121.54,4328.21,4627.69,4075.9,4594.36,4173.85,4220,4172.31,4280,4586.15,4354.87,0
4282.05,4008.21,4261.54,4124.62,4335.38,4621.54,4073.33,4588.21,4175.9,4219.49,4161.54,4269.74,4580.51,4355.9,0
4291.28,4017.44,4263.59,4127.69,4341.54,4626.67,4080.51,4596.92,4193.33,4224.1,4165.13,4271.79,4586.67,4357.95,0
4299.49,4020,4265.64,4126.15,4340,4630.77,4087.18,4608.21,4210.26,4233.85,4178.97,4281.54,4601.03,4367.69,0
4304.1,4022.56,4270.26,4124.62,4340.51,4628.72,4088.21,4615.38,4218.46,4249.23,4190.26,4290.26,4610.26,4377.44,0
4302.56,4024.62,4268.21,4125.64,4341.03,4625.64,4083.59,4616.41,4216.41,4251.79,4190.26,4289.23,4608.21,4371.28,0
4298.97,4018.97,4262.05,4124.1,4337.95,4625.64,4077.44,4610.77,4211.79,4240,4183.59,4282.56,4601.54,4364.1,0
4296.92,4015.38,4261.54,4122.56,4338.97,4627.18,4074.36,4605.64,4207.69,4234.87,4180,4278.97,4600.51,4368.72,0
4300,4021.54,4264.1,4125.64,4344.62,4626.15,4071.79,4596.92,4195.9,4233.85,4183.59,4277.95,4604.1,4369.74,0
4301.54,4023.59,4260,4127.18,4344.1,4625.64,4070.26,4587.18,4190.26,4228.21,4183.08,4274.87,4602.56,4362.05,0
4294.87,4017.44,4252.31,4123.08,4340,4629.23,4072.82,4592.82,4202.56,4226.15,4178.46,4271.79,4596.41,4357.44,0
4288.21,4014.87,4249.74,4121.03,4339.49,4627.18,4077.44,4608.21,4211.28,4230.26,4176.92,4271.28,4593.33,4355.38,0
4291.28,4016.92,4253.33,4120,4342.05,4622.05,4078.46,4614.36,4206.15,4231.28,4176.92,4274.87,4594.36,4357.44,0
4301.54,4023.59,4265.13,4124.1,4345.64,4623.59,4076.41,4614.87,4207.69,4236.92,4186.67,4284.1,4603.59,4371.79,0
4310.77,4035.9,4279.49,4133.33,4345.13,4622.05,4074.87,4618.97,4216.92,4247.69,4200,4293.85,4615.9,4386.15,0
4312.82,4033.85,4275.9,4132.31,4341.54,4617.95,4074.36,4613.85,4209.23,4242.56,4198.97,4291.79,4617.44,4380.51,0
4305.64,4020,4262.56,4123.08,4338.46,4623.59,4073.85,4600,4189.74,4226.67,4184.1,4279.49,4607.69,4364.1,0
4297.95,4019.49,4261.03,4120.51,4340,4632.31,4077.95,4595.38,4189.23,4221.03,4173.85,4271.79,4595.9,4356.92,0
4293.33,4022.05,4264.1,4121.03,4338.46,4632.82,4085.64,4601.54,4203.59,4225.13,4173.85,4271.28,4590.26,4357.44,0
4289.74,4015.38,4260,4120.51,4332.31,4628.72,4083.59,4607.69,4209.74,4228.72,4174.36,4269.74,4591.28,4356.92,0
4294.87,4021.03,4262.05,4123.08,4336.92,4628.72,4075.38,4609.23,4208.72,4235.38,4178.97,4270.26,4598.46,4361.03,0
4303.59,4033.33,4265.64,4124.62,4344.62,4629.74,4072.82,4609.74,4211.28,4242.56,4186.15,4278.46,4604.62,4370.77,0
4303.08,4029.23,4262.05,4123.08,4340,4624.1,4071.79,4615.38,4218.46,4242.56,4190.26,4284.62,4605.64,4374.36,0
4305.64,4027.69,4268.72,4131.28,4335.9,4617.44,4069.23,4619.49,4222.56,4243.08,4193.33,4287.69,4611.79,4373.33,0
4317.44,4035.38,4280,4138.46,4341.54,4618.97,4067.69,4613.85,4211.28,4246.15,4200.51,4296.92,4622.05,4380,0
4315.9,4031.79,4275.9,4132.31,4340.51,4624.1,4067.69,4601.03,4191.28,4242.56,4198.46,4295.38,4616.41,4381.03,0
4297.44,4016.92,4261.54,4120,4329.74,4625.13,4070.26,4595.38,4188.72,4226.15,4180.51,4277.44,4595.9,4364.62,0
4285.13,4006.15,4252.31,4112.82,4326.67,4626.15,4072.82,4599.49,4196.41,4215.9,4167.18,4267.18,4586.15,4351.79,0
4284.1,4007.69,4253.85,4115.38,4331.28,4627.18,4071.28,4597.44,4186.15,4215.38,4163.59,4265.13,4585.64,4349.74,0
4281.03,4010.77,4255.9,4116.92,4331.79,4625.64,4069.74,4593.85,4182.05,4212.82,4162.56,4261.54,4581.03,4349.74,0
4277.95,4008.21,4257.95,4112.82,4329.23,4622.05,4072.82,4607.18,4208.21,4218.46,4171.28,4270.26,4585.64,4352.82,0
4288.72,4011.28,4262.05,4112.82,4332.82,4616.41,4075.38,4616.92,4221.54,4236.92,4187.18,4284.62,4600.51,4360,0
4300.51,4021.54,4266.67,4124.1,4335.9,4613.33,4073.33,4604.62,4206.15,4247.18,4190.26,4278.97,4607.69,4366.67,0
4301.03,4024.1,4269.23,4129.74,4335.38,4615.38,4072.31,4598.97,4201.03,4242.56,4188.72,4271.28,4608.72,4372.82,0
4297.44,4018.97,4266.67,4124.62,4338.46,4622.05,4077.95,4612.31,4215.38,4242.56,4194.36,4277.95,4613.85,4372.82,0
4291.79,4016.92,4257.44,4121.54,4340,4627.69,4078.97,4615.38,4224.62,4249.74,4193.85,4276.41,4612.82,4360,0
4285.64,4013.85,4247.18,4119.49,4333.85,4626.15,4074.36,4608.21,4218.97,4251.28,4186.15,4266.15,4605.13,4351.28,0
4284.1,4011.79,4249.23,4119.49,4334.36,4625.64,4077.44,4607.18,4205.13,4238.97,4179.49,4264.62,4601.03,4353.85,0
4285.13,4016.92,4251.28,4122.56,4340.51,4630.77,4082.05,4606.67,4196.92,4224.62,4176.41,4265.64,4598.46,4351.28,0
4284.62,4017.95,4249.23,4118.97,4336.41,4628.21,4081.03,4600,4193.85,4224.1,4175.9,4265.64,4593.85,4344.1,0
4287.18,4010.26,4256.41,4114.87,4328.72,4617.44,4076.92,4597.44,4188.72,4227.18,4177.44,4271.79,4591.28,4347.18,0
4289.23,4007.18,4264.1,4117.44,4329.23,4614.36,4074.87,4600.51,4190.77,4224.1,4175.38,4275.38,4589.74,4353.33,0
4291.79,4011.79,4264.1,4122.56,4334.36,4617.44,4074.87,4602.56,4197.95,4225.13,4173.85,4271.79,4588.21,4354.36,0
4294.36,4015.38,4261.54,4123.59,4336.92,4616.41,4074.87,4602.05,4198.97,4229.74,4175.9,4272.31,4594.36,4357.95,0
4291.28,4014.36,4261.03,4123.08,4337.44,4613.85,4075.9,4606.15,4204.1,4231.28,4180,4277.44,4601.54,4358.97,0
4292.82,4011.79,4263.59,4123.59,4336.92,4615.38,4074.36,4612.31,4212.31,4234.87,4186.15,4281.54,4603.59,4355.9,0
4295.9,4012.82,4265.13,4124.1,4335.9,4617.44,4070.77,4613.85,4207.69,4236.41,4191.28,4283.59,4606.15,4358.46,0
4293.85,4014.87,4262.05,4123.59,4335.9,4617.95,4072.82,4609.23,4194.87,4231.28,4188.21,4283.08,4606.67,4363.59,0
4295.9,4012.31,4261.54,4122.56,4336.41,4622.05,4078.97,4604.62,4196.41,4230.77,4184.1,4280.51,4604.1,4362.05,0
4298.97,4011.79,4265.13,4122.05,4337.44,4627.69,4080,4605.13,4207.69,4236.92,4188.21,4277.44,4603.59,4357.95,0
4296.41,4015.38,4260,4123.08,4337.95,4625.64,4076.41,4605.64,4207.69,4237.95,4194.36,4274.36,4606.15,4358.97,0
4293.85,4018.97,4255.38,4123.59,4338.97,4620,4071.79,4601.54,4204.1,4238.46,4194.87,4272.82,4610.26,4362.05,0
4297.44,4021.54,4261.03,4124.1,4338.97,4622.56,4072.82,4607.69,4214.87,4245.13,4194.87,4273.33,4612.82,4361.54,0
4297.95,4015.9,4258.97,4124.62,4333.33,4625.64,4080.51,4621.03,4217.44,4241.54,4191.28,4270.26,4603.59,4356.92,0
4292.31,4005.64,4246.67,4120,4328.21,4620,4079.49,4618.46,4199.49,4227.18,4185.13,4266.67,4592.31,4351.79,0
4289.74,4006.15,4245.13,4112.82,4331.28,4615.38,4070.77,4606.15,4195.38,4227.69,4187.18,4268.72,4598.97,4357.44,0
4294.36,4009.74,4252.82,4115.38,4332.31,4618.97,4071.28,4606.15,4209.23,4239.49,4190.77,4274.36,4607.69,4363.08,0
4289.23,4003.59,4248.72,4118.46,4326.67,4622.05,4075.9,4607.18,4205.13,4234.36,4185.13,4273.33,4598.97,4355.38,0
4281.54,4001.03,4247.69,4113.85,4326.67,4616.92,4070.77,4597.95,4190.26,4225.64,4181.54,4268.21,4591.79,4352.82,0
4290.77,4008.21,4259.49,4115.9,4332.31,4612.82,4067.18,4595.9,4192.82,4229.74,4187.69,4271.28,4601.03,4366.67,0
4303.59,4013.33,4267.18,4125.13,4332.31,4615.38,4070.26,4609.74,4214.36,4237.95,4200.51,4284.1,4614.87,4382.56,0
4306.67,4013.33,4269.23,4126.67,4334.87,4617.44,4073.33,4622.56,4224.1,4243.59,4206.15,4294.36,4618.97,4382.56,0
4303.08,4014.36,4270.77,4121.54,4335.9,4615.38,4075.38,4620,4209.74,4238.97,4197.44,4290.26,4611.28,4368.72,0
4297.95,4013.33,4270.26,4120,4333.33,4616.92,4075.38,4608.21,4195.9,4226.15,4189.74,4283.08,4604.62,4360.51,0
4295.9,4009.23,4264.62,4121.03,4331.79,4616.92,4071.28,4592.82,4188.21,4216.41,4186.67,4278.97,4604.62,4361.03,0
4288.72,4000.51,4255.9,4114.87,4327.18,4613.85,4069.74,4586.67,4185.13,4214.36,4180,4270.77,4596.92,4356.41,0
4278.46,3994.36,4252.82,4106.67,4320.51,4618.46,4072.31,4597.44,4191.28,4221.03,4178.97,4269.23,4589.23,4355.38,0
4284.1,4000.51,4258.97,4114.36,4327.18,4625.64,4071.79,4608.21,4202.05,4235.38,4192.82,4283.59,4604.1,4372.31,0
4303.08,4011.79,4269.23,4126.67,4336.92,4622.56,4068.21,4612.31,4211.28,4250.77,4206.15,4294.36,4623.08,4384.1,0
4303.59,4012.82,4274.87,4125.64,4334.87,4617.95,4070.26,4616.41,4212.31,4251.28,4205.13,4291.79,4618.97,4373.85,0
4295.38,4008.21,4273.85,4122.56,4333.85,4618.46,4072.82,4617.44,4204.62,4238.97,4199.49,4291.79,4609.23,4364.62,0
4296.92,4007.18,4267.18,4122.05,4332.31,4612.82,4068.72,4609.23,4198.46,4230.26,4195.38,4288.72,4607.69,4367.69,0
4295.9,4004.62,4263.08,4120,4324.62,4606.15,4069.23,4601.03,4194.87,4228.72,4191.28,4280,4602.05,4371.79,0
4292.82,4003.59,4263.08,4121.54,4325.13,4611.79,4077.44,4596.41,4184.1,4221.54,4186.67,4275.38,4592.31,4366.15,0
4295.9,4007.18,4261.03,4123.59,4330.26,4618.46,4078.97,4595.38,4183.08,4213.33,4187.69,4274.87,4592.31,4364.1,0
4300,4013.33,4261.54,4124.1,4329.74,4613.85,4072.31,4595.9,4197.44,4225.13,4193.33,4276.92,4605.64,4372.31,0
4297.44,4012.82,4257.44,4124.1,4328.21,4609.74,4068.72,4594.87,4198.46,4237.95,4192.31,4275.38,4611.79,4370.26,0
4291.79,4002.56,4251.28,4123.08,4329.23,4614.87,4071.79,4603.59,4195.9,4229.23,4188.21,4270.26,4599.49,4358.46,0
4293.33,4001.03,4258.46,4123.59,4331.28,4617.95,4071.28,4613.85,4204.62,4224.62,4190.26,4276.41,4597.44,4364.1,0
4298.46,4008.21,4266.67,4125.64,4332.82,4615.9,4065.13,4607.69,4196.41,4233.85,4191.79,4286.15,4608.21,4372.82,0
4296.92,4002.56,4263.59,4120,4327.69,4614.36,4064.62,4598.46,4178.46,4226.67,4184.1,4280.51,4601.54,4363.08,0
4294.36,3994.36,4266.67,4120.51,4325.64,4612.82,4065.64,4593.85,4182.05,4213.33,4182.05,4277.95,4592.82,4362.05,0
4307.18,4005.13,4281.03,4136.92,4330.77,4609.74,4059.49,4587.69,4187.18,4220.51,4192.82,4287.69,4605.13,4374.36,0
4315.38,4014.87,4281.54,4141.54,4331.28,4609.74,4060,4586.15,4178.97,4225.64,4198.46,4290.26,4610.26,4373.33,0
4304.1,4008.72,4268.72,4127.69,4326.67,4614.87,4071.79,4594.87,4190.77,4221.03,4195.9,4287.18,4603.59,4368.72,0
4294.36,3996.92,4262.05,4118.97,4325.64,4616.92,4079.49,4606.67,4210.77,4226.15,4195.9,4286.15,4605.13,4368.72,0
4291.28,3990.26,4263.08,4119.49,4327.18,4616.41,4075.9,4613.85,4212.31,4234.87,4194.87,4281.54,4604.1,4358.97,0
4289.74,3989.23,4262.56,4119.49,4326.15,4616.92,4072.31,4611.28,4208.72,4231.79,4186.15,4276.92,4593.33,4348.72,0
4288.21,3987.69,4255.9,4120.51,4325.13,4617.44,4070.77,4604.1,4202.05,4221.54,4178.46,4272.31,4587.18,4351.28,0
4283.59,3982.05,4247.69,4121.03,4326.15,4615.38,4071.79,4602.05,4194.36,4217.44,4180,4269.74,4588.72,4351.79,0
4284.62,3983.08,4250.26,4120,4331.79,4615.38,4076.41,4600,4193.33,4224.62,4188.72,4274.36,4595.9,4352.31,0
4302.05,3992.82,4262.05,4127.69,4334.87,4615.38,4075.38,4594.87,4191.28,4233.33,4200,4284.1,4607.18,4366.15,0
4312.31,3993.33,4266.67,4137.95,4334.36,4612.31,4069.74,4594.36,4190.77,4231.79,4207.18,4287.18,4616.92,4376.92,0
4301.54,3989.23,4265.13,4133.33,4335.9,4612.31,4069.23,4598.97,4199.49,4230.26,4202.56,4283.08,4615.38,4370.77,0
4296.41,3989.23,4266.15,4129.23,4335.9,4617.95,4072.31,4601.54,4206.15,4234.36,4196.41,4281.03,4609.23,4363.08,0
4302.56,3989.74,4266.15,4131.79,4330.26,4624.1,4074.36,4599.49,4199.49,4236.41,4197.95,4282.56,4608.72,4366.67,0
4302.56,3986.67,4264.1,4126.67,4328.21,4623.59,4073.85,4593.33,4188.21,4230.26,4198.97,4284.1,4609.74,4370.77,0
4297.44,3986.15,4264.1,4124.62,4332.82,4620.51,4070.77,4588.21,4188.21,4218.46,4196.41,4285.64,4606.15,4367.18,0
4297.95,3984.62,4265.13,4132.82,4333.33,4623.59,4073.85,4597.44,4200.51,4218.97,4197.44,4287.18,4601.54,4365.64,0
4299.49,3980,4264.1,4128.21,4327.69,4623.59,4080,4607.18,4201.03,4230.77,4200,4285.64,4602.05,4368.21,0
4297.95,3982.05,4262.05,4119.49,4329.23,4615.9,4077.44,4601.54,4194.36,4233.33,4198.97,4281.03,4607.69,4365.64,0
4300,3989.23,4261.03,4130.26,4334.87,4611.28,4070.77,4593.85,4201.03,4231.28,4200.51,4282.05,4611.28,4362.05,0
4305.64,3991.28,4266.15,4139.49,4336.41,4615.38,4069.74,4596.41,4206.15,4234.36,4200,4281.54,4608.72,4363.59,0
4307.69,3991.79,4271.79,4136.41,4337.44,4621.03,4071.79,4597.95,4201.54,4235.38,4196.41,4282.56,4609.23,4366.15,0
4303.59,3991.28,4268.72,4136.41,4336.41,4623.59,4073.33,4592.31,4197.44,4233.33,4200,4285.13,4610.26,4367.69,0
4297.44,3985.64,4264.1,4136.41,4330.77,4624.1,4073.85,4585.64,4192.82,4228.21,4202.05,4282.05,4605.13,4364.1,0
4295.38,3982.56,4262.56,4134.36,4331.79,4622.56,4073.33,4584.1,4187.18,4216.92,4193.33,4278.46,4601.03,4353.85,0
4295.9,3986.15,4264.62,4136.41,4335.38,4621.03,4075.38,4589.23,4192.31,4217.44,4189.74,4277.95,4603.08,4350.77,0
4295.38,3984.62,4268.72,4134.87,4333.33,4620,4080.51,4594.87,4196.41,4226.67,4195.9,4277.95,4602.56,4353.85,0
4294.87,3982.56,4266.15,4131.79,4331.79,4620.51,4084.1,4594.87,4195.38,4223.59,4195.9,4280,4603.08,4355.38,0
4302.05,3986.15,4268.72,4135.9,4335.9,4617.95,4084.1,4600.51,4203.08,4224.1,4196.92,4286.15,4609.23,4362.56,0
4308.72,3990.77,4277.95,4138.46,4337.44,4613.33,4080,4605.13,4208.21,4236.92,4207.18,4289.23,4617.44,4371.28,0
4306.67,3989.74,4274.87,4137.95,4336.92,4614.36,4073.33,4599.49,4203.08,4240,4210.26,4289.23,4622.56,4368.21,0
4303.59,3987.69,4263.59,4136.92,4334.36,4615.9,4072.31,4593.33,4196.92,4232.31,4201.54,4289.23,4615.9,4360.51,0
4302.05,3985.64,4261.03,4129.74,4334.36,4615.38,4072.31,4585.64,4192.31,4225.13,4195.9,4283.08,4607.18,4358.46,0
4300,3978.46,4256.41,4122.05,4334.36,4616.41,4072.31,4576.92,4192.82,4224.1,4196.41,4275.9,4606.15,4357.44,0
4299.49,3971.28,4248.21,4121.03,4329.74,4618.46,4077.95,4581.03,4199.49,4230.26,4198.46,4278.46,4606.15,4358.46,0
4296.92,3968.21,4247.69,4120.51,4326.15,4620,4083.08,4592.31,4196.41,4229.23,4197.44,4281.54,4602.56,4354.36,0
4291.28,3969.74,4250.26,4117.44,4329.23,4617.95,4081.03,4591.28,4180.51,4213.33,4193.85,4275.9,4599.49,4344.62,0
4292.31,3972.31,4253.33,4120,4333.33,4615.9,4079.49,4590.77,4182.05,4213.85,4195.38,4275.38,4601.54,4348.21,0
4297.95,3975.38,4259.49,4122.56,4333.85,4616.41,4083.59,4604.1,4203.08,4229.74,4203.08,4283.08,4605.13,4354.87,0
4300.51,3981.03,4260.51,4121.03,4332.82,4615.9,4088.21,4610.77,4211.28,4231.79,4207.18,4282.56,4607.69,4352.82,0
4308.72,3991.28,4261.54,4128.21,4336.41,4614.36,4086.67,4604.62,4203.08,4230.77,4208.72,4284.1,4613.33,4365.13,0
4322.05,3998.97,4271.28,4138.97,4342.05,4614.36,4079.49,4601.54,4200,4241.54,4217.44,4296.41,4621.54,4381.54,0
4322.05,3995.9,4276.41,4133.33,4341.54,4613.85,4073.85,4600.51,4204.1,4242.05,4221.54,4301.54,4621.03,4375.9,0
4314.36,3989.23,4275.38,4128.21,4338.97,4612.82,4074.36,4596.41,4207.69,4235.38,4217.95,4297.44,4613.33,4367.18,0
4316.92,3989.23,4274.36,4134.36,4341.03,4614.87,4076.92,4593.33,4203.08,4240,4216.92,4295.38,4614.36,4373.85,0
4319.49,3991.28,4269.23,4131.28,4342.56,4621.54,4082.56,4599.49,4204.1,4243.59,4220,4292.31,4620.51,4372.82,0
4313.33,3987.69,4266.67,4122.05,4338.97,4627.69,4091.79,4614.87,4216.92,4240,4220.51,4291.28,4619.49,4364.1,0
4311.28,3986.67,4273.85,4125.64,4338.97,4626.67,4093.33,4623.59,4217.44,4241.54,4220,4295.38,4617.95,4370.26,0
4316.41,3993.33,4278.97,4132.31,4344.62,4625.13,4087.69,4615.38,4198.46,4238.97,4217.44,4297.95,4621.54,4378.46,0
4317.95,3996.41,4270.26,4134.36,4342.56,4626.67,4088.21,4609.23,4192.31,4228.21,4212.31,4294.36,4618.97,4373.33,0
4320,3996.92,4265.13,4136.92,4338.97,4618.97,4082.56,4607.69,4202.05,4229.23,4215.38,4291.28,4617.95,4371.79,0
4326.15,4002.05,4273.85,4138.97,4342.56,4604.1,4068.72,4593.85,4193.33,4235.38,4222.05,4293.33,4624.62,4376.92,0
4323.08,4003.08,4275.9,4136.92,4343.08,4599.49,4068.72,4583.59,4179.49,4226.67,4215.38,4289.74,4620,4368.72,0
4312.31,3993.85,4268.21,4133.33,4333.33,4605.64,4078.46,4593.33,4192.82,4223.59,4206.67,4284.1,4610.77,4363.08,0
4309.23,3987.18,4265.64,4127.69,4331.28,4612.31,4082.56,4606.15,4211.79,4233.85,4209.74,4286.67,4611.28,4366.15,0
4312.82,3989.23,4268.72,4126.67,4339.49,4614.36,4083.59,4606.67,4213.85,4238.97,4212.31,4290.77,4609.23,4362.05,0
4313.33,3997.44,4264.1,4128.72,4340.51,4616.92,4083.59,4600,4210.77,4237.95,4207.18,4288.72,4603.59,4352.82,0
4309.74,3998.46,4258.97,4126.15,4336.41,4622.56,4082.05,4606.67,4214.36,4236.92,4203.59,4283.08,4605.64,4352.82,0
4312.31,3997.44,4262.05,4126.15,4339.49,4620,4077.44,4610.26,4208.72,4237.44,4208.72,4284.1,4615.9,4367.69,0
4323.08,4003.08,4266.15,4133.85,4344.62,4609.74,4068.21,4594.87,4196.92,4240,4220,4292.82,4623.59,4378.97,0
4332.31,4008.72,4271.79,4140,4345.13,4603.08,4065.13,4589.23,4194.36,4239.49,4225.13,4300,4625.13,4375.9,0
4330.77,4008.21,4273.33,4138.97,4342.05,4606.15,4071.28,4598.97,4198.46,4239.49,4222.05,4301.03,4628.21,4376.92,0
4323.59,4001.54,4267.18,4132.82,4336.41,4610.26,4075.38,4601.03,4199.49,4240.51,4215.9,4298.46,4625.64,4376.92,0
4317.44,3993.85,4265.13,4125.64,4333.33,4609.23,4073.33,4597.95,4202.05,4235.9,4211.28,4291.79,4614.87,4366.15,0
4310.77,3987.69,4266.15,4121.54,4330.26,4608.72,4075.9,4604.1,4211.28,4235.38,4207.69,4286.15,4611.28,4357.95,0
4305.13,3986.67,4262.56,4120.51,4328.21,4614.87,4084.1,4608.21,4211.79,4240.51,4205.64,4284.62,4612.82,4357.95,0
4307.69,3989.74,4261.03,4121.03,4334.36,4619.49,4091.28,4605.64,4204.1,4235.9,4208.72,4287.18,4610.77,4358.46,0
4313.85,3996.92,4264.62,4126.15,4338.97,4617.44,4090.26,4605.64,4206.15,4234.87,4213.85,4293.33,4615.38,4361.54,0
4313.33,3996.41,4265.13,4128.21,4335.38,4617.44,4081.54,4605.64,4204.1,4241.54,4210.77,4290.77,4619.49,4363.08,0
4308.72,3990.26,4260.51,4123.59,4332.31,4614.87,4072.82,4601.03,4192.31,4233.85,4205.13,4282.05,4613.33,4357.44,0
4310.26,3993.33,4262.56,4122.56,4335.9,4609.23,4067.18,4595.9,4196.92,4228.21,4207.69,4282.56,4611.28,4356.41,0
4309.74,3998.97,4261.54,4123.59,4338.46,4611.28,4064.1,4592.31,4207.69,4236.41,4208.21,4286.15,4611.28,4357.44,0
4302.56,3998.46,4251.28,4122.05,4335.9,4615.38,4067.18,4587.18,4196.92,4232.31,4197.95,4275.9,4605.13,4353.33,0
4298.46,3992.82,4244.62,4121.03,4332.31,4616.92,4069.74,4584.1,4187.69,4219.49,4192.82,4265.13,4602.56,4352.31,0
4303.08,3990.77,4249.23,4120,4331.79,4616.41,4068.21,4585.64,4195.38,4218.46,4197.95,4269.23,4605.64,4353.33,0
4306.15,3992.31,4257.44,4118.46,4332.82,4615.9,4072.31,4588.72,4193.85,4227.69,4201.54,4278.97,4609.74,4355.38,0
4303.59,3993.33,4262.56,4120.51,4333.85,4620,4082.05,4597.44,4191.79,4232.31,4203.59,4282.56,4613.85,4357.95,0
4302.05,3991.79,4264.1,4124.1,4334.87,4626.15,4083.59,4610.26,4203.59,4229.74,4206.15,4278.97,4612.82,4354.36,0
4304.1,3995.38,4261.54,4123.59,4335.9,4625.64,4078.97,4614.36,4210.26,4230.77,4209.23,4279.49,4613.33,4353.85,0
4309.74,4003.59,4263.08,4124.62,4340,4617.95,4075.38,4606.15,4202.05,4238.97,4213.33,4287.18,4620,4364.62,0
4311.79,4005.64,4271.79,4126.15,4344.1,4613.33,4072.82,4597.44,4199.49,4242.56,4215.9,4291.28,4622.05,4368.21,0
4307.69,4000,4273.85,4124.62,4344.62,4617.95,4072.31,4599.49,4205.64,4235.9,4214.36,4288.21,4616.92,4361.03,0
4305.64,4000,4266.67,4125.64,4347.18,4623.08,4074.36,4608.21,4212.82,4234.36,4211.79,4289.74,4615.38,4363.08,0
4309.74,4005.13,4263.59,4127.69,4348.21,4621.54,4077.95,4610.26,4215.9,4242.56,4215.38,4292.82,4620.51,4367.69,0
4302.05,3997.44,4264.62,4123.08,4341.54,4621.54,4081.54,4606.67,4206.67,4239.49,4209.23,4285.13,4613.33,4356.41,0
4289.74,3985.13,4257.95,4118.97,4336.41,4624.62,4084.62,4607.69,4194.87,4226.67,4195.9,4276.92,4596.92,4342.05,0
4293.33,3987.18,4251.28,4120,4336.92,4621.03,4080,4605.64,4195.9,4227.69,4196.92,4279.49,4597.95,4341.54,0
4299.49,3993.85,4255.38,4121.54,4336.41,4615.9,4073.33,4599.49,4197.95,4235.9,4204.1,4280.51,4605.64,4350.77,0
4294.87,3991.28,4261.54,4122.05,4333.85,4613.85,4073.85,4597.44,4188.21,4223.08,4203.08,4279.49,4603.08,4356.41,0
4297.95,3992.82,4264.1,4124.1,4335.9,4612.82,4072.82,4597.44,4189.74,4216.41,4203.08,4282.56,4605.13,4357.44,0
4307.69,4003.08,4263.08,4127.18,4340.51,4611.28,4070.26,4601.54,4203.59,4235.38,4212.31,4287.18,4612.82,4361.54,0
4307.69,4004.1,4265.13,4127.69,4339.49,4608.72,4071.28,4607.69,4209.23,4247.69,4216.41,4291.79,4615.9,4364.1,0
4303.59,3996.92,4269.74,4124.62,4334.36,4610.26,4071.28,4606.15,4206.67,4241.54,4211.28,4294.36,4614.87,4360.51,0
4301.54,3993.85,4269.74,4122.05,4332.31,4616.41,4074.36,4603.08,4207.18,4234.36,4204.1,4289.23,4611.28,4355.38,0
4298.97,3994.87,4263.08,4121.03,4333.33,4620,4081.03,4605.13,4206.67,4230.77,4196.92,4276.92,4603.59,4351.28,0
4294.36,3997.44,4259.49,4122.56,4333.85,4617.44,4080.51,4601.03,4196.41,4227.69,4194.87,4271.79,4597.44,4348.72,0
4298.46,4002.05,4262.05,4124.62,4334.36,4615.9,4073.85,4595.38,4187.69,4226.67,4199.49,4278.97,4598.46,4351.79,0
4303.08,4005.13,4263.59,4124.1,4331.79,4613.85,4073.33,4600.51,4191.28,4222.05,4203.08,4285.64,4603.08,4356.41,0
4299.49,4000.51,4259.49,4121.03,4326.67,4606.67,4074.87,4608.21,4194.87,4218.97,4198.97,4278.97,4601.03,4352.31,0
4297.95,3996.41,4253.33,4120.51,4326.67,4603.59,4071.28,4606.15,4189.23,4221.03,4192.31,4269.23,4592.82,4343.59,0
4293.85,3993.85,4248.21,4119.49,4327.18,4605.64,4069.23,4602.05,4191.79,4214.87,4189.74,4265.13,4588.72,4335.38,0
4285.64,3989.74,4246.15,4118.46,4326.67,4609.74,4073.33,4605.64,4202.56,4213.85,4194.36,4267.18,4588.21,4340.51,0
4288.72,3993.33,4253.33,4120,4328.21,4612.31,4070.77,4604.62,4205.13,4230.26,4205.64,4275.38,4596.92,4355.9,0
4300.51,3998.97,4261.54,4121.03,4331.28,4610.26,4063.08,4599.49,4206.15,4241.54,4211.79,4282.05,4609.23,4362.05,0
4302.56,3998.46,4256.92,4120.51,4331.79,4606.15,4061.03,4601.54,4210.77,4236.41,4207.18,4280.51,4610.26,4356.92,0
4298.46,3996.41,4248.72,4120.51,4329.23,4604.62,4062.56,4603.59,4202.56,4230.26,4204.62,4276.92,4606.67,4352.31,0
4292.31,3994.87,4247.18,4120,4327.69,4601.03,4063.59,4596.41,4188.72,4229.23,4205.13,4272.31,4606.15,4350.77,0
4289.74,3992.31,4254.36,4122.05,4325.64,4598.46,4068.72,4594.87,4188.72,4222.56,4204.62,4275.38,4604.1,4350.26,0
4292.31,3985.64,4262.05,4118.97,4322.05,4604.62,4075.9,4603.08,4192.31,4215.9,4198.97,4283.59,4599.49,4350.26,0
4292.31,3982.05,4258.97,4109.23,4321.54,4612.31,4075.9,4602.05,4189.23,4213.85,4192.82,4277.44,4596.92,4349.74,0
4287.18,3984.1,4248.21,4108.21,4321.54,4612.31,4071.79,4594.87,4180.51,4208.72,4188.72,4266.15,4593.33,4343.08,0
4284.1,3985.64,4245.64,4114.36,4318.97,4608.72,4071.28,4591.28,4177.95,4200.51,4185.13,4266.15,4587.18,4336.41,0
4287.18,3987.69,4250.26,4116.92,4317.95,4603.59,4066.67,4589.74,4185.64,4206.15,4191.79,4274.87,4590.26,4343.59,0
4295.9,3990.77,4249.23,4117.95,4322.05,4600,4058.97,4593.85,4192.31,4223.59,4205.64,4280.51,4600,4354.87,0
4296.92,3993.33,4248.72,4122.56,4327.18,4601.03,4057.95,4600.51,4196.41,4228.21,4208.21,4276.92,4605.13,4352.82,0
4291.28,3992.82,4253.85,4123.59,4328.21,4602.56,4065.13,4605.64,4201.03,4223.59,4203.59,4273.33,4603.59,4346.15,0
4292.82,3992.82,4260.51,4122.05,4323.59,4600.51,4068.72,4610.77,4203.08,4226.15,4204.62,4279.49,4606.15,4352.31,0
4301.03,3997.44,4265.64,4129.23,4324.1,4601.54,4068.72,4616.92,4207.69,4237.44,4212.82,4292.82,4614.87,4366.67,0
4302.56,4003.08,4266.67,4133.85,4330.77,4610.26,4075.38,4619.49,4218.46,4241.54,4215.38,4292.31,4617.95,4361.54,0
4294.87,3999.49,4257.95,4124.1,4332.31,4617.44,4078.46,4613.85,4209.74,4229.74,4202.56,4274.87,4605.64,4342.56,0
4289.23,3994.87,4248.21,4118.46,4329.74,4616.92,4073.33,4601.03,4180.51,4217.44,4187.69,4261.03,4593.85,4342.05,0
4296.92,3998.97,4248.21,4125.13,4330.26,4616.41,4071.28,4596.41,4177.44,4221.03,4191.79,4269.23,4600,4354.87,0
4301.54,3999.49,4254.87,4125.64,4329.74,4617.95,4070.26,4605.64,4200,4231.28,4205.13,4285.13,4610.77,4355.38,0
4294.36,3997.44,4261.54,4121.54,4329.74,4614.36,4066.67,4610.77,4209.74,4229.74,4207.69,4285.64,4608.21,4351.79,0
4291.79,4000,4262.05,4124.1,4332.82,4608.21,4069.23,4612.82,4207.69,4231.79,4206.15,4279.49,4604.1,4355.38,0
4295.9,3998.46,4254.36,4125.13,4330.26,4606.67,4071.79,4612.82,4209.23,4239.49,4207.18,4277.95,4608.21,4356.92,0
4294.36,3994.87,4247.69,4122.05,4324.62,4608.21,4067.18,4605.64,4207.69,4238.46,4208.21,4275.9,4613.33,4351.79,0
4289.74,3995.38,4248.21,4120,4329.74,4612.31,4065.64,4598.46,4198.97,4232.31,4206.67,4270.77,4608.72,4347.18,0
4288.21,3995.38,4247.69,4119.49,4335.9,4616.41,4070.26,4598.46,4196.41,4230.77,4200,4267.18,4603.08,4348.21,0
4286.15,3990.77,4238.97,4115.9,4328.21,4615.38,4070.26,4600.51,4198.97,4227.18,4195.38,4267.69,4602.56,4346.67,0
4277.95,3981.54,4230.26,4109.74,4317.44,4614.36,4069.74,4605.64,4199.49,4221.54,4192.31,4263.59,4593.85,4333.85,0
4272.82,3981.54,4235.9,4112.31,4320.51,4614.36,4072.31,4611.28,4195.38,4222.56,4190.77,4258.97,4581.54,4329.23,0
4280.51,3996.92,4247.69,4121.03,4329.74,4608.21,4071.28,4607.18,4194.87,4224.1,4195.9,4265.13,4587.69,4343.59,0
4290.26,4005.13,4255.38,4127.69,4333.33,4603.08,4068.21,4603.08,4200,4224.62,4199.49,4274.36,4602.56,4355.38,0
4293.33,4002.05,4257.95,4132.82,4331.79,4606.67,4070.77,4602.05,4198.97,4230.77,4200.51,4276.41,4605.64,4353.33,0
4296.41,4004.62,4261.03,4138.46,4331.28,4609.74,4072.82,4596.41,4193.33,4231.28,4201.54,4277.95,4604.62,4349.74,0
4299.49,4009.74,4262.05,4135.9,4334.87,4608.72,4069.74,4594.87,4198.97,4229.23,4203.59,4277.95,4609.23,4353.33,0
4298.46,4005.13,4254.36,4127.18,4336.41,4613.85,4069.23,4602.56,4203.59,4232.82,4201.03,4272.31,4608.72,4353.33,0
4296.92,4000,4251.79,4125.13,4333.33,4618.46,4073.85,4606.67,4204.1,4233.33,4200.51,4270.26,4602.05,4348.72,0
4298.46,4006.67,4260,4126.67,4332.31,4616.41,4076.92,4606.15,4205.13,4231.28,4207.18,4276.41,4606.67,4355.9,0
4296.92,4008.21,4256.92,4128.72,4331.28,4616.41,4075.38,4604.1,4197.44,4226.67,4206.15,4273.33,4611.79,4361.54,0
4296.41,4000,4244.62,4132.82,4326.15,4616.92,4074.36,4598.46,4184.1,4213.33,4193.33,4264.1,4598.46,4357.44,0
4309.23,4006.15,4252.82,4136.92,4326.67,4609.23,4073.85,4596.41,4188.72,4209.23,4194.87,4271.79,4596.41,4369.23,0
4329.23,4027.69,4267.69,4142.05,4333.33,4604.1,4069.74,4601.03,4201.03,4223.59,4211.79,4287.69,4616.41,4391.28,0
4338.46,4036.92,4264.62,4146.67,4333.85,4608.72,4064.1,4598.46,4195.38,4228.72,4213.85,4287.18,4623.59,4391.79,0
4343.08,4034.87,4264.1,4147.18,4332.31,4608.21,4057.95,4587.69,4185.13,4220,4208.21,4281.54,4617.95,4387.18,0
4354.87,4043.08,4274.87,4149.23,4334.36,4605.13,4056.41,4586.67,4186.67,4217.44,4212.82,4282.05,4621.54,4398.97,0
4366.67,4058.46,4280.51,4156.41,4334.87,4609.23,4062.56,4597.44,4191.79,4217.44,4214.36,4283.59,4624.1,4408.72,0
4373.33,4066.67,4278.97,4157.95,4335.38,4614.36,4067.18,4605.13,4195.9,4223.08,4215.9,4291.28,4622.05,4410.26,0
4374.87,4063.59,4281.03,4154.36,4335.38,4614.87,4066.67,4607.18,4197.95,4231.28,4220.51,4297.95,4624.1,4409.23,0
4370.77,4058.46,4279.49,4153.33,4334.87,4614.87,4067.18,4607.69,4201.54,4226.67,4220,4291.28,4623.59,4404.62,0
4366.15,4057.44,4273.85,4153.33,4335.9,4613.85,4073.33,4613.85,4208.72,4224.1,4220.51,4286.67,4624.62,4401.54,0
4362.56,4052.82,4272.82,4148.72,4337.44,4616.92,4079.49,4614.87,4203.59,4229.23,4220.51,4289.74,4626.67,4399.49,0
4361.03,4046.67,4273.85,4141.54,4338.46,4618.97,4078.97,4600,4181.54,4221.03,4216.92,4291.28,4623.08,4398.46,0
4359.49,4047.18,4274.87,4141.03,4340,4610.77,4074.87,4591.28,4174.87,4211.28,4218.97,4294.36,4621.03,4397.44,0
4357.44,4045.13,4272.82,4141.54,4340,4606.15,4074.36,4600.51,4190.26,4220,4220,4294.87,4623.59,4394.36,0
4352.82,4037.44,4266.15,4137.44,4336.41,4611.79,4079.49,4605.64,4197.44,4228.72,4208.21,4287.18,4618.97,4388.72,0
4346.15,4033.85,4261.54,4137.44,4334.36,4616.92,4084.62,4605.13,4197.44,4224.62,4198.46,4281.03,4613.33,4386.67,0
4346.67,4033.85,4269.23,4140.51,4333.85,4617.44,4087.69,4612.82,4205.13,4226.67,4197.95,4288.21,4615.9,4388.21,0
4346.15,4029.23,4274.87,4137.44,4328.72,4616.41,4089.74,4615.9,4202.05,4229.74,4195.38,4296.41,4614.36,4386.15,0
4339.49,4026.67,4271.28,4134.87,4325.64,4611.79,4084.1,4607.69,4193.33,4227.18,4192.31,4295.9,4613.85,4385.64,0
4336.92,4030.77,4266.67,4134.87,4330.26,4609.74,4078.46,4608.21,4199.49,4226.67,4188.21,4287.69,4623.08,4385.13,0
4336.92,4032.82,4264.1,4135.38,4339.49,4615.38,4083.08,4616.41,4209.23,4230.26,4181.54,4280,4625.13,4381.03,0
4331.79,4029.23,4264.62,4136.41,4344.1,4620,4085.13,4611.79,4206.15,4234.87,4178.46,4277.44,4619.49,4373.85,0
4324.62,4024.1,4261.03,4131.79,4339.49,4617.95,4076.92,4600,4193.33,4232.31,4173.85,4275.9,4614.36,4366.67,0
4315.9,4015.9,4253.33,4121.03,4330.77,4614.87,4070.26,4595.38,4185.64,4224.62,4162.56,4272.82,4606.15,4359.49,0
4307.18,4009.74,4246.67,4116.41,4331.28,4616.41,4074.36,4595.38,4188.72,4222.05,4154.87,4264.1,4600.51,4351.28,0
4309.23,4013.33,4246.67,4122.56,4337.95,4617.44,4084.1,4600,4198.46,4228.72,4163.08,4258.97,4609.23,4353.85,0
4316.41,4020,4251.79,4127.18,4335.38,4616.92,4088.21,4610.26,4206.15,4235.38,4173.33,4266.67,4617.95,4367.18,0
4317.44,4021.54,4261.03,4125.13,4331.79,4617.44,4087.18,4615.38,4206.67,4238.97,4172.31,4282.05,4618.97,4374.87,0
4324.1,4022.56,4269.74,4125.13,4332.31,4615.9,4089.23,4612.31,4201.54,4238.46,4170.26,4293.33,4618.97,4373.33,0
4331.79,4022.05,4272.82,4125.13,4328.72,4613.33,4090.26,4603.59,4193.85,4231.28,4170.26,4294.87,4616.41,4376.41,0
4329.74,4018.97,4272.31,4123.59,4326.15,4612.82,4086.67,4599.49,4192.82,4226.15,4162.56,4288.72,4609.23,4381.03,0
4328.21,4021.03,4268.72,4124.1,4331.79,4613.33,4081.54,4604.62,4199.49,4226.15,4158.97,4284.1,4610.26,4382.05,0
4328.21,4022.05,4265.13,4125.64,4332.31,4612.82,4075.9,4604.1,4196.92,4222.56,4164.1,4288.72,4615.38,4381.03,0
4322.56,4016.92,4265.13,4123.08,4327.18,4610.26,4071.28,4600,4188.21,4217.95,4160,4291.79,4609.74,4374.87,0
4321.03,4015.9,4265.13,4122.56,4333.33,4613.33,4072.82,4602.05,4192.31,4223.08,4155.38,4286.15,4608.21,4371.79,0
4323.59,4017.95,4261.54,4124.1,4338.97,4614.87,4079.49,4605.64,4195.9,4228.72,4161.54,4280.51,4612.31,4368.72,0
4316.92,4015.9,4260.51,4121.54,4332.31,4611.79,4081.03,4605.64,4188.21,4221.54,4160.51,4277.44,4607.69,4361.54,0
4315.9,4019.49,4262.56,4121.03,4328.72,4611.79,4076.41,4603.59,4191.79,4223.08,4157.95,4276.41,4608.72,4366.67,0
4322.05,4025.64,4264.1,4124.62,4333.33,4611.28,4072.31,4600.51,4200.51,4234.87,4165.64,4281.54,4617.44,4378.46,0
4317.95,4018.97,4265.64,4125.64,4331.28,4606.67,4071.79,4596.92,4195.38,4232.31,4164.1,4285.13,4612.82,4373.33,0
4307.69,4007.69,4262.05,4119.49,4324.62,4607.18,4072.31,4598.46,4190.77,4223.59,4150.77,4277.44,4599.49,4356.92,0
4300,4004.1,4250.77,4108.72,4323.59,4609.74,4068.21,4595.38,4185.64,4220,4143.59,4267.18,4593.33,4349.23,0
4294.87,4005.13,4245.13,4106.67,4327.18,4610.77,4066.67,4593.33,4180,4211.28,4143.59,4265.64,4594.36,4347.69,0
4295.38,4004.1,4250.26,4115.9,4329.23,4610.77,4068.21,4597.95,4182.05,4207.69,4144.62,4269.23,4597.95,4350.26,0
4300.51,4004.62,4259.49,4121.54,4327.18,4605.64,4066.67,4592.82,4178.46,4213.33,4144.1,4271.79,4599.49,4354.87,0
4300.51,4005.64,4264.1,4120.51,4326.67,4604.62,4070.26,4587.69,4174.87,4213.85,4144.1,4274.87,4596.41,4355.38,0
4297.95,4005.64,4256.92,4121.03,4331.79,4610.77,4077.44,4592.31,4180,4209.74,4144.62,4275.38,4598.97,4354.36,0
4298.46,4009.23,4253.85,4123.59,4332.82,4606.67,4072.31,4587.18,4175.9,4210.26,4145.13,4271.79,4602.05,4358.46,0
4306.67,4016.41,4264.1,4126.15,4329.74,4599.49,4061.54,4574.87,4165.64,4211.28,4146.67,4273.33,4603.59,4367.18,0
4317.44,4017.44,4272.82,4128.21,4331.28,4603.08,4063.08,4578.46,4173.85,4212.31,4148.72,4282.05,4607.69,4366.67,0
4316.41,4011.28,4273.85,4125.64,4332.31,4605.13,4068.21,4588.21,4180,4213.85,4147.18,4286.67,4603.59,4356.92,0
4308.72,4009.23,4271.28,4123.59,4330.26,4600.51,4067.69,4589.74,4175.9,4211.28,4140,4278.97,4593.85,4354.87,0
4307.69,4010.26,4266.67,4125.13,4329.74,4603.08,4067.69,4591.28,4176.41,4209.23,4138.97,4270.26,4591.79,4357.44,0
4305.13,4008.72,4265.64,4123.59,4330.26,4608.21,4067.69,4588.72,4173.85,4210.77,4142.56,4271.79,4594.87,4353.85,0
4298.97,4004.62,4263.59,4122.05,4328.72,4609.23,4068.21,4580.51,4165.64,4208.21,4138.97,4272.31,4592.82,4346.67,0
4293.85,3996.92,4252.82,4120.51,4327.69,4609.74,4069.23,4576.92,4161.54,4198.97,4130.77,4262.05,4586.15,4338.46,0
4288.21,3990.77,4247.18,4112.31,4325.13,4607.69,4071.28,4580,4169.74,4196.41,4131.28,4261.03,4580,4335.9,0
4286.67,3993.33,4249.23,4110.77,4322.05,4606.67,4073.33,4589.74,4181.54,4201.03,4132.31,4269.23,4577.44,4340.51,0
4290.26,4000,4248.72,4116.41,4327.18,4608.72,4070.77,4595.38,4186.67,4207.18,4131.79,4266.15,4583.08,4341.03,0
4291.79,4002.05,4249.74,4118.97,4333.33,4609.23,4065.64,4592.82,4187.18,4215.9,4138.46,4263.59,4590.77,4339.49,0
4289.23,4001.03,4250.26,4117.44,4329.74,4609.23,4067.18,4593.85,4188.72,4216.92,4138.46,4269.74,4591.79,4344.62,0
4289.23,4000.51,4249.74,4116.92,4323.59,4610.26,4069.74,4600.51,4193.85,4213.33,4134.87,4271.79,4592.31,4348.21,0
4290.77,3999.49,4249.74,4117.95,4325.13,4605.13,4064.1,4596.41,4191.28,4216.92,4138.97,4265.64,4597.95,4345.64,0
4294.36,4002.56,4250.26,4118.46,4326.67,4598.46,4060,4586.15,4178.97,4214.36,4142.05,4260.51,4596.41,4344.1,0
4297.95,4007.18,4248.72,4121.03,4325.13,4601.03,4065.13,4584.1,4170.77,4205.13,4140.51,4262.56,4591.79,4349.23,0
4296.92,4007.18,4249.74,4121.03,4325.64,4601.03,4069.74,4585.64,4177.95,4208.21,4143.08,4270.26,4598.46,4353.85,0
4296.41,4006.15,4256.41,4120.51,4329.74,4599.49,4070.26,4586.67,4181.03,4214.87,4145.13,4275.9,4605.64,4355.9,0
4296.92,4005.64,4262.05,4122.56,4328.21,4603.59,4072.82,4587.18,4174.87,4213.33,4145.13,4279.49,4605.13,4355.9,0
4298.46,4003.59,4260,4121.03,4321.03,4602.56,4071.79,4591.28,4180,4212.82,4148.72,4281.54,4605.64,4355.9,0
4305.64,4009.23,4260,4120.51,4321.03,4599.49,4063.59,4594.36,4181.54,4216.41,4148.72,4276.41,4609.23,4361.54,0
4311.79,4017.95,4265.13,4127.69,4327.18,4601.03,4058.97,4591.79,4175.9,4210.26,4142.05,4269.74,4603.08,4363.08,0
4315.9,4016.92,4265.13,4135.9,4326.67,4600,4065.64,4589.74,4175.38,4200.51,4137.44,4272.82,4592.82,4365.13,0
4326.15,4022.05,4264.62,4137.44,4325.13,4598.97,4065.64,4584.62,4165.13,4202.05,4141.54,4281.54,4595.9,4379.49,0
4340,4041.03,4270.26,4140,4329.23,4602.56,4060,4578.46,4155.38,4206.67,4145.64,4284.62,4604.62,4392.31,0
4347.69,4051.28,4275.38,4141.54,4327.69,4602.05,4060.51,4583.08,4170.26,4203.59,4145.13,4282.05,4610.26,4394.87,0
4355.9,4048.72,4275.38,4144.1,4322.05,4598.46,4058.46,4592.31,4184.62,4205.64,4148.72,4282.05,4617.95,4401.03,0
4362.56,4053.33,4269.23,4148.72,4321.03,4597.44,4054.87,4587.69,4178.97,4213.33,4151.79,4280.51,4624.1,4407.18,0
4362.05,4061.54,4262.56,4148.72,4321.03,4592.82,4054.87,4576.41,4172.82,4211.28,4148.21,4277.95,4620.51,4407.69,0
4366.67,4064.1,4268.21,4148.21,4324.62,4590.77,4054.87,4575.9,4167.18,4202.56,4151.28,4283.59,4622.05,4418.97,0
4380,4073.85,4281.54,4156.92,4331.28,4593.33,4056.41,4579.49,4165.13,4201.54,4161.03,4296.92,4629.74,4432.82,0
4389.23,4082.05,4284.62,4159.49,4330.26,4590.26,4058.97,4582.05,4171.28,4204.1,4163.08,4304.62,4627.18,4434.36,0
4390.77,4073.85,4279.49,4151.79,4320.51,4584.1,4057.44,4582.05,4165.13,4200,4158.97,4303.59,4625.64,4438.46,0
4398.46,4072.82,4281.03,4152.31,4316.92,4584.62,4054.36,4581.54,4152.31,4197.95,4158.46,4301.03,4633.85,4449.74,0
4411.28,4088.72,4285.64,4157.95,4322.05,4588.72,4054.87,4579.49,4156.41,4205.13,4162.56,4296.41,4642.56,4452.31,0
4407.18,4087.69,4279.49,4154.36,4321.54,4594.87,4058.97,4584.1,4173.33,4209.74,4162.56,4288.72,4642.05,4443.59,0
4396.41,4078.46,4272.31,4148.21,4318.97,4594.87,4059.49,4588.72,4177.44,4201.54,4158.97,4286.15,4637.95,4443.08,0
4409.23,4087.69,4281.03,4155.9,4320,4584.1,4051.28,4578.46,4167.69,4200.51,4164.62,4298.46,4642.05,4456.41,0
4429.74,4098.46,4296.92,4169.74,4320.51,4582.05,4045.64,4567.18,4164.62,4215.38,4174.87,4313.33,4651.79,4470.77,0
4435.9,4095.9,4300.51,4172.31,4320,4587.69,4051.28,4572.31,4175.9,4220,4180,4317.44,4663.08,4478.46,0
4435.38,4087.18,4296.41,4166.67,4319.49,4585.64,4057.95,4580.51,4178.97,4213.85,4182.05,4317.44,4669.23,4478.46,0
4435.38,4084.62,4297.95,4167.18,4318.46,4586.15,4056.92,4582.05,4172.31,4214.87,4178.97,4315.38,4662.05,4474.87,0
4435.38,4088.21,4298.97,4169.74,4317.95,4592.31,4058.97,4589.23,4173.85,4219.49,4174.36,4312.31,4655.9,4473.85,0
4428.72,4084.62,4292.31,4163.08,4319.49,4592.31,4066.15,4594.87,4172.31,4215.9,4174.87,4307.69,4661.54,4468.72,0
4413.85,4072.82,4279.49,4153.85,4324.1,4592.31,4067.18,4587.18,4170.26,4209.23,4172.82,4296.92,4661.03,4455.38,0
4406.15,4069.74,4265.13,4151.28,4326.15,4598.97,4065.64,4590.26,4185.13,4211.28,4168.72,4286.67,4656.41,4452.31,0
4411.79,4072.31,4266.15,4153.85,4326.67,4604.62,4068.72,4602.56,4198.97,4226.15,4181.03,4293.33,4673.33,4471.28,0
4424.1,4067.69,4281.03,4153.85,4329.74,4606.67,4071.28,4601.54,4198.46,4243.59,4201.03,4314.87,4700.51,4492.82,0
4438.46,4070.26,4292.31,4153.85,4328.21,4600,4063.59,4595.38,4199.49,4248.72,4210.26,4328.21,4713.85,4505.64,0
4449.74,4078.97,4301.54,4162.56,4320,4590.77,4055.38,4600.51,4203.59,4251.79,4215.9,4335.38,4721.54,4517.95,0
4451.79,4074.87,4310.77,4167.18,4316.92,4589.74,4060,4610.77,4202.56,4257.95,4218.97,4341.54,4722.56,4516.92,0
4447.18,4062.56,4308.21,4160.51,4315.38,4592.82,4069.74,4614.87,4201.54,4253.85,4212.82,4334.36,4713.33,4505.13,0
4438.46,4051.79,4297.44,4150.77,4306.67,4591.28,4074.36,4608.72,4195.9,4245.13,4206.67,4323.08,4707.69,4500,0
4427.69,4041.03,4286.67,4141.03,4304.62,4588.72,4075.38,4602.56,4185.13,4240,4205.13,4318.97,4707.69,4498.46,0
4422.05,4037.44,4280,4140,4310.77,4587.69,4075.9,4606.15,4189.23,4240.51,4205.13,4316.92,4708.21,4495.38,0
4420.51,4042.05,4279.49,4147.18,4313.85,4587.69,4072.82,4603.59,4199.49,4243.59,4202.05,4310.26,4707.18,4492.82,0
4412.82,4042.05,4275.9,4147.18,4317.95,4593.33,4066.15,4589.74,4187.69,4237.44,4196.41,4304.1,4697.95,4482.05,0
4400.51,4035.9,4264.62,4137.44,4322.56,4598.97,4062.05,4585.64,4169.74,4223.59,4189.23,4301.03,4687.69,4467.69,0
4392.31,4027.18,4260,4134.87,4321.03,4591.28,4056.41,4592.31,4177.95,4221.54,4188.21,4302.05,4690.77,4467.18,0
4387.18,4019.49,4266.67,4135.9,4317.95,4587.18,4051.28,4598.46,4193.85,4232.82,4193.33,4307.18,4697.95,4470.77,0
4389.23,4018.97,4274.36,4136.41,4319.49,4593.33,4053.85,4607.69,4196.92,4239.49,4200,4310.77,4701.54,4470.77,0
4406.15,4023.08,4283.08,4142.56,4320,4593.85,4056.92,4613.33,4203.08,4245.64,4209.23,4315.9,4711.79,4484.1,0
4415.9,4023.08,4290.26,4143.08,4316.41,4587.69,4056.92,4609.74,4205.13,4254.87,4213.85,4322.56,4719.49,4498.46,0
4408.72,4023.59,4289.23,4138.97,4314.87,4587.69,4060,4608.72,4195.9,4256.41,4214.36,4323.59,4720.51,4493.85,0
4399.49,4022.56,4283.59,4138.97,4315.38,4594.36,4064.1,4613.85,4200,4258.97,4218.97,4319.49,4722.05,4483.08,0
4396.41,4021.54,4278.97,4139.49,4316.92,4597.95,4068.72,4618.46,4213.33,4265.13,4220.51,4314.87,4720.51,4484.1,0
4394.36,4020.51,4272.31,4133.85,4316.92,4601.03,4072.31,4614.36,4211.28,4260,4215.9,4312.31,4717.95,4486.67,1
4382.05,4011.79,4260,4124.62,4313.85,4603.59,4070.26,4600.51,4196.92,4246.15,4207.69,4304.62,4714.87,4472.31,1
4362.05,4003.59,4254.87,4124.1,4315.38,4603.59,4068.72,4596.41,4197.44,4243.08,4202.56,4294.36,4708.21,4453.85,1
4357.44,3998.97,4260,4127.18,4315.38,4601.03,4071.79,4611.79,4210.77,4253.85,4203.59,4296.41,4706.15,4452.31,1
4360.51,3991.28,4265.13,4126.15,4312.31,4597.44,4074.36,4626.15,4215.9,4263.08,4208.72,4304.62,4709.23,4454.36,1
4351.79,3986.67,4264.62,4123.59,4315.9,4597.95,4074.36,4626.15,4207.18,4260,4210.26,4304.1,4710.26,4445.64,1
4342.05,3982.05,4261.54,4122.56,4322.05,4598.46,4075.9,4621.03,4202.56,4254.87,4206.67,4301.54,4706.15,4436.41,1
4343.59,3971.79,4263.59,4118.46,4320,4604.62,4080,4621.03,4206.67,4257.44,4205.64,4303.59,4700.51,4436.92,1
4344.1,3966.67,4262.56,4113.85,4321.03,4615.9,4084.1,4624.1,4211.79,4258.46,4206.67,4304.62,4701.54,4438.97,1
4333.85,3965.64,4251.28,4108.72,4323.59,4618.97,4086.15,4626.67,4220,4257.44,4203.08,4300,4703.59,4430.77,1
4323.08,3956.92,4244.1,4104.62,4318.46,4617.95,4085.64,4627.18,4220,4256.41,4195.9,4297.95,4695.9,4422.56,1
4323.59,3955.9,4245.13,4104.1,4317.44,4615.38,4078.46,4623.08,4207.69,4254.36,4198.46,4297.95,4691.79,4424.62,1
4326.15,3968.21,4245.64,4106.15,4318.97,4603.59,4065.64,4613.33,4198.97,4255.9,4206.67,4297.44,4700,4429.74,1
4323.08,3973.85,4247.18,4111.28,4317.95,4594.87,4061.03,4609.74,4204.1,4260,4208.72,4298.46,4708.21,4427.18,1
4321.03,3971.28,4251.79,4115.38,4323.59,4600,4066.67,4614.87,4211.28,4262.56,4209.23,4297.44,4706.67,4422.05,1
4321.03,3968.72,4252.31,4114.36,4327.18,4602.56,4069.23,4616.92,4209.23,4262.05,4212.82,4297.95,4702.05,4417.44,1
4317.44,3963.59,4250.77,4111.28,4319.49,4597.95,4067.69,4618.97,4212.31,4261.03,4209.23,4299.49,4696.41,4414.36,1
4315.38,3957.95,4251.28,4109.74,4315.38,4601.03,4073.33,4623.08,4214.36,4257.44,4199.49,4296.92,4689.74,4410.77,1
4313.33,3954.36,4249.74,4107.69,4319.49,4603.59,4075.9,4614.36,4199.49,4249.23,4193.33,4291.79,4683.08,4405.64,1
4302.56,3946.67,4247.18,4101.54,4319.49,4601.03,4073.33,4605.13,4189.74,4243.08,4191.79,4288.21,4679.49,4400,1
4295.38,3938.97,4242.56,4094.87,4317.95,4601.03,4073.33,4612.82,4195.9,4243.08,4190.77,4286.67,4676.92,4396.41,1
4296.92,3941.54,4236.41,4097.44,4316.92,4602.56,4071.79,4614.87,4192.82,4241.54,4188.21,4285.13,4671.79,4392.82,1
4293.85,3945.13,4233.85,4103.08,4314.36,4600.51,4068.21,4607.18,4190.77,4236.92,4185.13,4281.54,4667.18,4390.77,1
4290.77,3946.67,4235.38,4102.05,4313.85,4597.95,4068.21,4614.36,4203.08,4245.13,4189.23,4280,4672.31,4395.38,1
4293.33,3947.69,4235.38,4102.56,4314.87,4602.56,4071.79,4624.1,4204.1,4254.87,4197.95,4285.64,4680,4397.44,1
4290.77,3942.56,4237.44,4102.05,4315.9,4608.21,4073.85,4619.49,4201.54,4251.28,4195.38,4285.13,4676.92,4389.74,1
4287.18,3938.97,4244.1,4096.92,4316.92,4604.1,4070.26,4616.92,4212.31,4251.28,4191.79,4281.03,4671.28,4388.72,1
4293.33,3948.21,4248.72,4100.51,4320.51,4598.97,4066.67,4617.44,4208.21,4252.82,4194.36,4285.13,4672.31,4396.41,1
4297.44,3955.9,4248.21,4106.15,4324.62,4603.08,4070.26,4610.77,4190.77,4245.13,4190.26,4286.67,4669.74,4391.28,1
4292.82,3946.15,4245.64,4101.54,4320,4606.67,4077.44,4609.23,4190.26,4233.85,4180,4277.44,4662.56,4384.62,1
4291.28,3937.95,4245.13,4097.44,4312.31,4602.56,4080,4611.79,4196.41,4230.26,4177.44,4275.38,4657.95,4389.74,1
4295.9,3944.62,4247.69,4100,4312.82,4601.03,4081.03,4609.74,4190.26,4231.28,4182.56,4283.59,4659.49,4392.31,1
4296.92,3942.56,4249.74,4100,4312.82,4602.56,4083.08,4610.77,4188.21,4236.41,4187.18,4288.72,4664.62,4391.79,1
4296.41,3936.41,4252.82,4101.54,4311.28,4601.54,4082.05,4618.97,4202.05,4249.23,4193.85,4290.26,4669.23,4397.44,1
4307.18,3951.28,4262.05,4107.18,4315.38,4599.49,4076.92,4621.03,4207.69,4253.85,4194.87,4289.74,4668.21,4401.03,1
4313.33,3965.64,4262.56,4109.23,4317.95,4601.03,4072.31,4612.82,4191.28,4238.46,4184.1,4284.62,4655.38,4389.23,1
4301.03,3958.97,4251.28,4107.69,4313.33,4601.54,4070.26,4606.15,4181.03,4221.03,4172.82,4276.92,4638.97,4374.87,1
4295.38,3957.44,4247.18,4105.64,4313.85,4602.05,4073.33,4610.26,4191.79,4225.64,4171.28,4275.38,4635.9,4376.92,1
4305.64,3967.69,4252.82,4111.28,4318.97,4603.59,4080.51,4615.9,4200.51,4241.54,4180.51,4282.05,4646.67,4391.28,1
4310.77,3977.44,4253.33,4122.05,4320,4605.13,4083.08,4611.79,4197.95,4245.64,4190.26,4285.13,4654.87,4391.79,1
4305.64,3981.03,4246.67,4124.1,4318.46,4603.59,4080,4608.21,4195.38,4240,4182.05,4276.92,4645.13,4376.41,1
4303.59,3978.46,4247.69,4120.51,4318.97,4605.64,4081.54,4610.77,4193.85,4232.82,4169.23,4269.23,4632.31,4374.87,1
4315.38,3979.49,4257.95,4122.05,4321.54,4613.85,4083.08,4614.36,4194.87,4227.18,4172.31,4275.38,4633.85,4388.21,1
4328.72,3989.23,4265.64,4124.62,4322.05,4612.31,4082.05,4614.87,4195.38,4227.18,4180,4284.62,4643.59,4402.05,1
4333.33,3995.9,4264.62,4125.64,4322.05,4605.13,4083.08,4609.23,4186.67,4232.31,4181.03,4286.67,4651.79,4410.26,1
4335.9,3995.38,4264.1,4128.21,4322.56,4606.67,4080,4601.03,4179.49,4232.31,4183.59,4287.18,4653.33,4413.33,1
4346.15,3992.31,4271.28,4127.69,4322.05,4607.18,4070.77,4594.87,4181.54,4228.21,4188.21,4293.85,4654.87,4423.59,1
4357.44,3993.33,4277.95,4128.21,4322.56,4602.05,4067.69,4594.87,4186.15,4234.36,4191.28,4298.97,4664.1,4434.87,1
4359.49,3998.97,4277.44,4129.74,4322.56,4602.56,4073.33,4602.56,4193.85,4239.49,4191.28,4296.41,4667.69,4432.82,1
4357.95,4001.03,4276.41,4128.21,4318.97,4604.1,4071.79,4610.26,4203.59,4237.95,4190.77,4295.9,4661.54,4431.28,1
4369.23,4001.54,4280,4132.31,4318.46,4598.46,4065.13,4608.21,4203.08,4240,4199.49,4306.15,4668.21,4446.67,1
4376.41,4005.64,4283.08,4141.54,4322.05,4598.46,4064.62,4606.15,4193.33,4246.67,4208.72,4310.77,4683.59,4453.85,1
4366.15,4005.64,4281.03,4142.05,4322.56,4603.08,4069.74,4610.26,4188.72,4242.56,4203.08,4306.15,4677.95,4442.05,1
4359.49,4002.05,4278.97,4136.92,4320,4602.05,4071.79,4607.69,4190.77,4232.31,4193.85,4302.05,4666.15,4437.44,1
4361.54,3996.92,4274.87,4137.44,4316.92,4600,4063.59,4598.46,4188.72,4226.67,4191.79,4296.41,4663.08,4436.41,1
4356.41,3992.31,4269.23,4135.9,4315.9,4600.51,4061.03,4594.87,4183.59,4225.64,4186.15,4287.69,4653.85,4426.15,1
4350.26,3992.31,4270.77,4133.85,4317.44,4603.08,4072.31,4600,4183.08,4224.1,4178.46,4285.64,4646.15,4421.03,1
4355.9,3997.95,4276.41,4137.44,4324.1,4602.05,4077.95,4601.54,4185.64,4226.15,4177.95,4290.77,4648.72,4426.67,1
4362.56,4001.54,4278.97,4140,4328.72,4600.51,4069.74,4596.41,4182.56,4229.23,4179.49,4294.36,4648.21,4428.21,1
4362.56,4000,4278.97,4137.95,4325.64,4601.03,4066.67,4595.38,4176.41,4227.69,4182.56,4297.95,4644.62,4429.23,1
4363.08,3996.92,4281.54,4135.9,4317.95,4601.54,4070.26,4597.95,4176.92,4226.15,4190.26,4300,4653.85,4434.87,1
4362.56,3990.77,4280,4135.38,4314.87,4599.49,4066.15,4595.38,4178.97,4222.56,4191.79,4298.46,4661.54,4431.79,1
4358.97,3992.82,4273.33,4136.41,4320,4597.44,4060.51,4586.67,4173.85,4218.46,4187.18,4296.41,4654.36,4428.21,1
4357.44,4001.03,4272.82,4138.46,4323.08,4601.03,4061.03,4586.67,4177.95,4225.13,4188.72,4295.38,4649.23,4428.21,1
4357.95,3999.49,4276.92,4136.92,4322.56,4609.74,4067.18,4600.51,4195.9,4236.41,4192.31,4294.87,4653.33,4425.64,1
4359.49,3998.46,4276.92,4137.95,4327.18,4617.95,4075.9,4614.87,4208.72,4243.08,4194.87,4300.51,4659.49,4429.74,1
4363.59,4007.69,4278.46,4144.62,4331.28,4615.9,4079.49,4616.41,4204.62,4246.67,4200.51,4308.72,4664.62,4436.92,1
4365.64,4009.23,4281.54,4145.64,4324.1,4606.15,4071.79,4602.05,4186.67,4239.49,4198.97,4306.15,4662.05,4430.77,1
4357.44,3997.44,4276.92,4138.97,4316.92,4603.59,4067.69,4587.18,4169.74,4220,4182.56,4294.87,4646.15,4416.92,1
4347.18,3991.28,4266.15,4135.9,4317.95,4605.13,4073.85,4585.64,4171.79,4215.38,4170.77,4289.23,4628.72,4409.74,1
4344.62,3991.79,4263.59,4137.44,4316.92,4601.54,4073.85,4589.74,4181.03,4218.46,4171.79,4290.77,4623.08,4410.26,1
4348.72,3989.74,4267.69,4136.41,4312.31,4596.41,4069.23,4590.77,4180,4210.77,4176.41,4291.79,4626.15,4413.85,1
4356.41,3988.21,4273.85,4137.44,4312.82,4598.97,4070.77,4596.41,4184.1,4215.38,4183.08,4296.41,4635.9,4423.59,1
4362.56,3991.79,4282.56,4142.05,4320,4600.51,4072.31,4603.59,4196.41,4236.92,4193.33,4305.64,4644.62,4431.28,1
4363.59,3996.41,4287.18,4142.05,4325.13,4600,4071.28,4604.1,4199.49,4246.15,4197.44,4311.79,4648.72,4429.23,1
4359.49,3992.31,4283.08,4138.46,4321.54,4604.1,4071.28,4600.51,4190.26,4236.41,4196.41,4310.77,4650.26,4428.21,1
4354.36,3984.62,4278.46,4136.92,4317.95,4609.74,4073.33,4602.05,4186.67,4227.69,4195.9,4306.67,4648.21,4428.21,1
4352.31,3987.69,4280,4137.44,4327.69,4612.31,4073.33,4605.13,4196.92,4233.85,4192.82,4305.64,4647.69,4425.64,1
4353.85,3995.38,4282.05,4138.97,4337.44,4613.33,4072.82,4603.59,4206.15,4244.62,4193.85,4309.23,4655.9,4428.72,1
4354.36,3994.87,4279.49,4141.03,4332.31,4615.9,4076.41,4605.13,4202.05,4247.18,4199.49,4309.74,4660,4431.79,1
4348.21,3985.13,4270.26,4138.46,4325.13,4617.95,4083.59,4609.23,4196.41,4241.54,4193.85,4302.05,4646.67,4421.03,1
4340,3977.44,4262.05,4132.31,4326.15,4617.95,4084.1,4609.74,4194.36,4232.82,4181.03,4296.41,4636.41,4409.23,1
4336.92,3978.46,4263.59,4135.9,4323.08,4614.87,4077.44,4602.56,4184.1,4222.56,4175.38,4298.46,4636.41,4408.72,1
4338.46,3980.51,4268.21,4141.54,4316.92,4611.79,4074.36,4600,4182.05,4219.49,4174.36,4294.36,4629.23,4405.13,1
4340,3976.41,4270.77,4131.79,4318.97,4614.87,4080,4607.69,4191.79,4224.62,4172.31,4289.74,4620,4402.56,1
4344.62,3976.41,4276.41,4125.13,4325.64,4617.44,4082.56,4612.31,4197.44,4229.74,4177.95,4298.97,4627.69,4413.33,1
4348.72,3984.62,4280.51,4136.41,4330.26,4615.38,4075.38,4610.77,4196.41,4237.44,4188.72,4305.64,4641.54,4420,1
4347.18,3988.72,4275.9,4143.08,4331.79,4616.41,4072.82,4609.74,4197.95,4241.03,4193.33,4299.49,4641.03,4414.87,1
4345.64,3987.18,4275.38,4138.46,4329.23,4619.49,4074.36,4610.26,4201.03,4240.51,4187.69,4297.44,4638.46,4411.28,1
4344.62,3984.62,4275.9,4137.44,4325.64,4614.87,4067.18,4603.59,4195.38,4243.59,4183.08,4298.46,4641.54,4410.26,1
4339.49,3981.54,4268.72,4137.95,4326.15,4609.74,4063.08,4598.46,4189.23,4244.1,4185.64,4293.33,4643.08,4408.21,1
4335.9,3982.56,4267.18,4135.9,4326.15,4610.77,4070.26,4604.62,4189.74,4234.36,4186.67,4289.74,4640,4409.23,1
4334.36,3982.05,4269.74,4135.38,4325.64,4609.74,4073.85,4607.69,4190.77,4227.69,4183.08,4290.77,4637.95,4408.72,1
4334.87,3977.44,4267.69,4134.87,4324.62,4609.74,4071.79,4604.62,4191.79,4231.28,4181.03,4291.79,4636.41,4405.13,1
4336.92,3979.49,4270.77,4136.41,4325.64,4613.85,4071.79,4606.67,4193.33,4230.77,4182.56,4294.36,4633.33,4406.67,1
4335.9,3983.08,4272.31,4139.49,4330.26,4614.87,4072.31,4610.26,4195.38,4226.15,4181.03,4293.33,4629.74,4405.64,1
4326.15,3974.87,4261.54,4136.92,4328.72,4617.44,4072.31,4608.21,4192.31,4224.1,4173.33,4281.54,4620,4392.31,1
4316.92,3968.21,4253.33,4132.82,4324.1,4615.38,4069.74,4604.62,4192.82,4225.64,4165.64,4272.31,4613.33,4382.56,1
4320.51,3973.85,4259.49,4135.38,4326.15,4606.67,4066.67,4604.62,4193.33,4228.21,4171.28,4278.46,4622.05,4391.79,1
4331.28,3984.1,4268.72,4141.54,4331.79,4606.15,4068.72,4607.69,4194.36,4232.31,4186.15,4290.77,4633.85,4407.69,1
4335.9,3991.28,4277.44,4142.05,4331.79,4610.26,4070.26,4609.74,4202.05,4238.46,4192.31,4296.92,4638.46,4414.36,1
4335.38,3990.26,4278.97,4143.59,4331.28,4605.64,4069.74,4607.18,4203.59,4240.51,4192.82,4296.41,4640.51,4413.33,1
4336.92,3987.18,4277.44,4146.67,4331.79,4603.08,4070.26,4607.69,4198.46,4237.44,4191.28,4299.49,4641.03,4410.77,1
4335.38,3987.69,4278.46,4145.13,4329.23,4607.18,4069.74,4615.38,4196.41,4234.36,4186.67,4300,4636.41,4408.21,1
4335.9,3990.26,4278.97,4147.69,4329.74,4610.26,4068.72,4616.92,4202.56,4232.31,4187.18,4294.87,4634.87,4412.31,1
4346.15,3991.28,4282.05,4151.28,4334.87,4615.9,4071.79,4616.41,4203.08,4232.31,4188.21,4296.41,4634.87,4413.33,1
4343.08,3988.72,4280,4144.1,4331.79,4620,4076.92,4614.36,4194.87,4230.77,4181.03,4297.44,4626.67,4403.08,1
4326.67,3982.56,4266.67,4134.36,4323.08,4613.85,4076.92,4605.13,4189.74,4225.13,4174.87,4287.18,4618.46,4395.38,1
4319.49,3977.95,4258.97,4137.44,4325.13,4610.77,4071.28,4599.49,4189.74,4218.97,4174.36,4281.03,4619.49,4395.9,1
4320.51,3976.92,4263.08,4139.49,4331.28,4616.92,4069.74,4604.62,4193.85,4218.46,4173.85,4284.62,4620.51,4390.26,1
4316.92,3973.33,4257.95,4129.23,4329.23,4614.36,4071.79,4609.23,4192.82,4223.08,4169.74,4281.03,4614.87,4382.56,1
4311.79,3969.74,4252.31,4127.69,4326.15,4607.18,4068.21,4605.64,4190.26,4218.97,4166.67,4274.36,4611.28,4384.62,1
4310.77,3971.28,4257.44,4135.9,4326.67,4611.79,4066.67,4602.56,4192.31,4212.31,4168.21,4278.97,4613.33,4386.15,1
4309.74,3972.31,4256.92,4135.38,4327.18,4614.36,4066.67,4604.1,4188.21,4213.85,4172.31,4283.08,4610.26,4381.54,1
4308.72,3973.85,4252.31,4131.79,4326.67,4607.69,4061.03,4603.08,4180,4216.41,4170.77,4281.03,4607.69,4380.51,1
4308.21,3978.46,4252.82,4137.95,4327.69,4607.18,4056.41,4599.49,4180.51,4214.36,4169.23,4278.46,4610.77,4383.59,1
4310.26,3978.97,4253.85,4141.03,4332.31,4615.38,4059.49,4598.97,4191.28,4217.44,4175.38,4280.51,4614.36,4384.62,1
4312.31,3976.41,4253.85,4136.41,4334.36,4615.9,4066.15,4601.54,4194.36,4222.56,4177.44,4279.49,4612.82,4383.08,1
4306.67,3976.41,4251.28,4134.87,4331.79,4607.69,4067.18,4603.59,4189.74,4220.51,4172.31,4274.36,4610.77,4382.05,1
4304.1,3974.36,4250.77,4137.44,4332.31,4604.62,4065.64,4606.15,4191.28,4221.54,4173.33,4272.82,4613.85,4382.05,1
4308.21,3973.85,4248.72,4135.38,4333.85,4610.77,4067.69,4609.74,4197.44,4227.18,4176.92,4274.87,4615.9,4378.97,1
4304.62,3975.9,4239.49,4127.18,4330.77,4615.38,4072.31,4611.28,4198.97,4227.69,4175.38,4273.33,4614.36,4375.38,1
4299.49,3975.38,4232.82,4121.03,4327.18,4614.36,4073.85,4610.77,4204.62,4234.36,4179.49,4273.85,4618.46,4378.97,1
4303.08,3969.23,4240.51,4119.49,4328.21,4616.92,4074.87,4611.28,4210.77,4245.13,4190.77,4281.03,4627.18,4383.59,1
4307.18,3965.64,4247.18,4118.97,4329.23,4619.49,4080.51,4611.79,4201.54,4244.62,4193.33,4284.1,4628.72,4383.08,1
4307.69,3966.15,4243.08,4117.95,4328.72,4617.44,4083.59,4611.79,4196.41,4241.03,4189.23,4280.51,4623.59,4383.08,1
4307.18,3966.67,4237.44,4113.33,4329.23,4614.87,4080.51,4611.28,4203.08,4241.54,4189.74,4279.49,4624.62,4381.03,1
4299.49,3967.69,4231.79,4107.18,4330.26,4615.38,4078.97,4611.79,4200.51,4234.36,4184.62,4274.36,4620,4372.82,1
4294.36,3965.13,4229.74,4107.18,4331.28,4616.92,4077.44,4613.33,4197.44,4229.74,4175.38,4266.15,4609.23,4369.74,1
4295.38,3963.59,4231.28,4109.23,4332.31,4616.92,4074.87,4613.85,4202.05,4234.87,4176.41,4267.18,4608.72,4371.28,1
4296.41,3964.62,4230.26,4106.15,4328.72,4616.92,4077.95,4614.87,4201.03,4233.33,4182.05,4275.9,4611.79,4370.77,1
4296.92,3962.56,4231.28,4106.67,4324.62,4616.92,4082.56,4616.92,4202.05,4231.28,4182.56,4279.49,4608.21,4371.79,1
4295.38,3965.64,4233.33,4110.77,4330.26,4616.92,4084.62,4617.44,4208.21,4238.46,4185.13,4278.97,4610.77,4375.38,1
4293.33,3970.77,4233.85,4111.28,4335.9,4617.95,4084.62,4614.87,4209.23,4243.59,4189.74,4277.95,4618.46,4374.36,1
4296.41,3967.18,4237.95,4108.21,4331.79,4617.44,4082.56,4611.79,4200.51,4238.46,4188.21,4277.95,4613.85,4372.82,1
4292.82,3957.44,4242.05,4106.67,4325.64,4615.38,4081.54,4612.82,4195.38,4229.74,4185.64,4278.97,4609.23,4372.82,1
4287.18,3961.03,4238.97,4106.67,4327.69,4612.82,4079.49,4611.79,4200,4234.36,4191.28,4282.05,4618.97,4374.36,1
4291.79,3969.74,4232.31,4106.67,4330.26,4612.31,4075.9,4609.74,4208.21,4247.18,4195.9,4282.56,4625.64,4377.44,1
4292.31,3967.18,4228.21,4105.64,4327.69,4615.38,4075.38,4614.36,4206.15,4246.15,4191.28,4274.36,4620.51,4374.36,1
4282.56,3961.54,4229.23,4105.13,4324.62,4617.44,4075.9,4614.87,4200.51,4235.38,4185.13,4267.69,4615.9,4365.64,1
4280,3958.97,4230.26,4104.1,4323.08,4614.36,4071.79,4604.62,4194.87,4228.72,4179.49,4268.72,4612.82,4362.05,1
4285.64,3961.54,4228.72,4104.1,4325.64,4609.23,4067.18,4598.46,4190.26,4226.15,4176.41,4270.26,4608.21,4366.67,1
4289.74,3968.21,4236.92,4108.21,4327.18,4608.21,4067.69,4604.62,4193.85,4229.23,4180,4271.79,4606.67,4368.21,1
4292.31,3966.67,4247.18,4110.26,4325.13,4608.72,4075.9,4609.74,4195.38,4230.26,4181.03,4276.92,4607.69,4366.15,1
4295.38,3962.05,4241.54,4107.18,4324.62,4611.28,4082.05,4607.69,4192.82,4227.18,4178.46,4280.51,4607.69,4368.21,1
4293.33,3964.62,4233.85,4106.67,4328.72,4614.87,4083.59,4607.69,4192.31,4224.62,4176.41,4276.92,4605.64,4367.69,1
4284.62,3968.72,4236.41,4108.72,4329.74,4616.41,4087.18,4612.82,4191.79,4222.05,4174.36,4270.77,4604.1,4363.59,1
4284.62,3968.21,4235.9,4108.72,4325.13,4614.87,4085.64,4612.31,4190.77,4222.05,4176.92,4273.85,4606.15,4365.64,1
4289.74,3968.72,4232.31,4107.69,4325.64,4610.77,4075.9,4602.56,4189.23,4229.23,4183.08,4281.54,4612.82,4370.77,1
4287.69,3971.28,4234.36,4108.21,4329.74,4610.26,4070.26,4600.51,4190.26,4232.31,4183.08,4280.51,4615.38,4368.72,1
4287.18,3974.87,4234.36,4110.77,4328.72,4611.28,4072.31,4608.21,4194.87,4228.72,4183.08,4272.82,4613.85,4363.59,1
4293.85,3978.46,4233.85,4111.79,4326.15,4608.72,4070.26,4610.26,4201.54,4232.31,4188.21,4273.33,4616.92,4370.26,1
4295.38,3975.9,4234.87,4108.72,4328.21,4607.18,4070.77,4609.74,4203.08,4237.95,4192.31,4277.95,4623.08,4375.9,1
4289.74,3972.31,4233.33,4107.18,4329.23,4608.72,4074.87,4610.26,4198.97,4234.36,4191.28,4276.92,4621.54,4368.72,1
4284.1,3968.21,4232.31,4107.18,4325.64,4605.64,4073.33,4605.13,4192.82,4225.13,4184.62,4274.36,4611.79,4359.49,1
4282.05,3960,4232.31,4104.62,4318.97,4600,4068.72,4597.44,4187.18,4220,4176.41,4273.33,4601.54,4360,1
4282.05,3958.46,4233.85,4099.49,4315.38,4598.97,4069.23,4595.38,4186.67,4221.03,4178.46,4277.95,4599.49,4366.15,1
4282.56,3962.56,4236.41,4098.97,4318.97,4597.95,4068.21,4597.95,4192.31,4223.08,4187.18,4283.08,4607.18,4367.69,1
4281.54,3964.62,4230.77,4101.54,4320.51,4594.87,4063.08,4598.46,4193.85,4227.18,4190.26,4281.54,4617.44,4364.1,1
4287.18,3969.23,4229.23,4105.64,4317.95,4594.36,4063.08,4596.92,4189.23,4233.33,4192.31,4281.03,4623.08,4367.69,1
4292.31,3974.87,4241.03,4109.23,4318.97,4595.9,4069.74,4600.51,4190.77,4234.87,4194.36,4286.67,4622.56,4371.28,1
4288.21,3970.77,4244.62,4108.21,4318.46,4597.95,4073.85,4602.05,4194.36,4229.74,4190.77,4285.13,4616.92,4363.59,1
4279.49,3962.56,4233.85,4103.59,4315.38,4598.97,4070.77,4595.38,4189.74,4227.18,4184.1,4278.97,4608.72,4355.38,1
4276.92,3959.49,4229.23,4101.03,4315.9,4597.44,4066.67,4591.28,4183.08,4225.13,4180,4271.28,4602.56,4351.28,1
4277.44,3963.08,4233.33,4105.13,4319.49,4595.9,4063.59,4591.79,4184.1,4221.03,4176.92,4260,4603.08,4347.69,1
4274.87,3969.23,4232.31,4107.69,4321.03,4595.9,4066.15,4593.33,4189.23,4221.54,4174.36,4258.97,4605.64,4348.72,1
4275.9,3969.74,4228.21,4106.67,4324.62,4600,4073.33,4601.03,4192.82,4224.62,4180.51,4270.77,4605.13,4357.44,1
4281.54,3969.74,4235.9,4107.69,4328.72,4603.08,4072.31,4607.69,4195.9,4229.23,4188.72,4280,4607.69,4364.1,1
4282.05,3971.79,4245.13,4110.26,4323.59,4596.92,4066.15,4600,4194.87,4230.26,4184.1,4277.95,4609.74,4357.95,1
4282.05,3966.67,4240,4106.67,4313.33,4590.77,4067.69,4594.87,4192.31,4225.64,4178.97,4271.28,4604.62,4353.33,1
4284.1,3963.59,4232.31,4102.05,4315.9,4593.33,4071.79,4600,4186.15,4223.59,4182.05,4272.31,4604.1,4359.49,1
4285.13,3966.15,4233.85,4104.1,4322.05,4593.33,4069.74,4597.44,4178.97,4223.08,4182.05,4274.87,4604.1,4358.46,1
4280,3963.08,4232.82,4105.13,4318.97,4587.69,4068.72,4593.85,4182.56,4218.46,4176.41,4269.23,4597.95,4346.15,1
4276.92,3963.08,4231.28,4105.13,4320.51,4591.28,4073.33,4598.46,4192.82,4219.49,4178.46,4266.67,4596.92,4348.72,1
4275.9,3968.72,4234.87,4107.69,4326.15,4600,4077.95,4603.08,4193.33,4229.23,4187.18,4273.85,4605.64,4358.97,1
4272.82,3965.13,4233.33,4106.67,4323.08,4601.03,4080.51,4606.67,4190.26,4230.26,4186.15,4274.87,4608.21,4352.31,1
4271.79,3963.08,4229.74,4105.13,4323.08,4599.49,4079.49,4609.74,4195.38,4227.69,4181.03,4267.69,4605.13,4344.62,1
4280.51,3973.85,4236.41,4110.26,4330.77,4604.1,4077.95,4608.21,4203.08,4233.85,4186.67,4269.23,4610.77,4354.36,1
4286.67,3974.87,4244.1,4111.79,4328.21,4611.28,4082.56,4610.26,4207.69,4235.38,4191.28,4275.9,4613.33,4359.49,1
4281.03,3966.67,4239.49,4105.64,4326.15,4610.77,4086.15,4615.38,4205.64,4231.28,4186.67,4273.85,4606.15,4354.36,1
4280.51,3972.31,4237.44,4111.28,4331.79,4606.15,4082.56,4609.74,4201.03,4232.31,4186.15,4271.28,4606.15,4356.41,1
4286.67,3983.08,4245.13,4122.56,4332.31,4605.13,4079.49,4608.21,4205.13,4237.95,4189.23,4273.85,4611.79,4358.97,1
4281.03,3980,4241.03,4114.36,4327.69,4605.64,4077.44,4613.33,4202.05,4230.77,4181.54,4271.28,4607.18,4352.31,1
4271.79,3970.26,4229.74,4103.08,4326.67,4602.05,4074.36,4605.13,4183.08,4220,4175.9,4265.13,4600.51,4347.69,1
4276.41,3971.79,4232.82,4108.72,4329.23,4600,4071.28,4592.82,4178.97,4225.13,4179.49,4267.18,4603.59,4351.79,1
4280,3975.9,4237.44,4114.36,4327.18,4600.51,4071.79,4592.31,4193.33,4232.82,4180,4269.23,4606.15,4352.31,1
4273.85,3970.77,4230.77,4107.69,4322.56,4600.51,4079.49,4602.56,4200,4235.9,4182.56,4266.67,4605.64,4349.23,1
4276.41,3972.31,4236.92,4107.69,4323.59,4603.59,4086.67,4615.38,4207.18,4240.51,4190.77,4270.77,4610.26,4354.36,1
4283.08,3978.46,4245.13,4114.36,4325.13,4610.77,4084.62,4618.97,4211.79,4241.54,4190.77,4274.87,4610.26,4356.92,1
4274.87,3971.28,4236.92,4110.77,4321.54,4615.9,4082.56,4611.79,4200,4228.72,4178.97,4269.23,4598.46,4345.13,1
4267.69,3963.08,4228.72,4102.56,4318.46,4616.92,4083.59,4610.26,4195.38,4223.59,4175.9,4262.56,4595.38,4342.56,1
4275.9,3969.23,4232.82,4106.67,4323.59,4614.36,4080,4615.9,4206.67,4234.87,4188.72,4268.21,4606.67,4354.87,1
4275.38,3973.85,4234.87,4112.31,4327.69,4610.26,4074.36,4611.28,4206.67,4241.03,4194.36,4274.87,4610.77,4354.87,1
4268.72,3971.79,4232.31,4109.23,4327.69,4607.69,4073.33,4603.59,4193.85,4232.82,4191.79,4274.87,4608.72,4351.28,1
4272.82,3978.46,4235.9,4114.87,4330.77,4607.18,4073.85,4607.18,4195.38,4228.72,4192.31,4275.38,4612.31,4354.36,1
4272.82,3982.05,4235.9,4123.59,4334.36,4606.67,4073.85,4611.28,4201.54,4235.38,4188.72,4271.28,4610.77,4348.72,1
4269.23,3980.51,4233.85,4120,4335.38,4609.74,4073.85,4609.23,4198.46,4235.9,4184.1,4264.62,4605.64,4343.08,1
4279.49,3984.62,4242.05,4117.44,4336.92,4614.87,4073.85,4609.74,4199.49,4234.36,4190.26,4272.31,4612.82,4356.41,1
4289.23,3989.23,4253.33,4122.05,4336.41,4614.36,4074.36,4608.72,4203.59,4240.51,4197.44,4282.56,4619.49,4366.15,1
4280.51,3983.08,4248.21,4117.95,4328.21,4607.69,4071.79,4601.54,4200.51,4242.05,4194.36,4278.97,4612.82,4356.41,1
4270.77,3977.44,4233.33,4108.72,4324.62,4607.18,4068.72,4596.41,4190.26,4235.9,4188.21,4269.74,4607.18,4349.23,1
4269.74,3978.97,4230.26,4108.72,4330.26,4612.31,4070.77,4600.51,4188.21,4230.77,4183.59,4262.05,4606.67,4350.77,1
4268.72,3976.41,4232.31,4110.26,4330.26,4611.28,4073.85,4607.69,4194.87,4226.15,4181.03,4260,4606.15,4348.72,1
4265.64,3973.85,4229.74,4110.77,4327.69,4607.69,4073.85,4610.26,4198.46,4225.13,4183.08,4262.56,4603.59,4347.69,1
4262.05,3974.87,4230.77,4112.31,4326.67,4605.64,4073.85,4611.28,4198.97,4229.23,4180.51,4260.51,4596.92,4343.08,1
4255.9,3971.79,4233.33,4109.74,4325.64,4606.67,4073.33,4610.26,4202.56,4226.67,4174.36,4254.87,4591.28,4332.82,1
4253.85,3968.21,4230.77,4105.13,4326.67,4610.26,4073.33,4605.13,4202.56,4221.54,4170.77,4253.85,4586.67,4329.74,1
4256.92,3968.21,4222.56,4106.15,4325.64,4609.23,4072.31,4601.03,4190.26,4220.51,4170.77,4253.33,4583.59,4333.33,1
4256.92,3967.69,4218.46,4106.67,4317.44,4600.51,4062.05,4591.79,4177.95,4217.95,4173.33,4253.85,4589.23,4332.82,1
4257.44,3966.15,4223.59,4102.56,4314.36,4593.85,4053.33,4581.54,4176.41,4216.41,4175.9,4256.92,4595.38,4334.36,1
4262.56,3968.21,4224.62,4102.56,4318.97,4590.77,4056.41,4586.15,4185.13,4219.49,4177.95,4256.41,4595.38,4340.51,1
4255.38,3961.03,4219.49,4098.46,4317.95,4591.28,4060,4593.33,4186.15,4217.44,4172.31,4252.31,4589.23,4334.36,1
4243.08,3948.21,4224.1,4092.82,4313.33,4598.97,4063.59,4590.77,4176.41,4211.28,4162.56,4250.26,4579.49,4323.59,1
4248.72,3952.31,4230.77,4096.92,4317.95,4603.59,4066.67,4592.82,4181.03,4214.87,4164.62,4254.36,4577.95,4333.33,1
4268.21,3974.87,4233.33,4106.67,4323.08,4601.54,4064.62,4599.49,4192.31,4222.05,4175.9,4262.56,4590.26,4355.38,1
4288.21,3994.87,4243.08,4114.87,4322.05,4602.05,4061.03,4594.87,4190.77,4225.64,4186.67,4271.28,4604.62,4373.85,1
4304.1,3998.46,4250.77,4121.54,4320.51,4600,4058.97,4587.69,4186.67,4226.67,4189.23,4274.87,4608.21,4377.44,1
4306.67,3999.49,4247.69,4123.59,4317.44,4597.44,4060.51,4592.31,4190.77,4225.64,4182.05,4271.79,4602.56,4370.26,1
4305.64,4003.59,4247.18,4121.03,4315.9,4601.03,4067.18,4601.54,4189.74,4221.03,4178.97,4267.69,4596.41,4372.31,1
4310.26,4003.59,4248.21,4119.49,4319.49,4602.05,4069.74,4600.51,4182.05,4214.87,4184.62,4269.74,4597.95,4380.51,1
4318.46,4011.28,4253.85,4124.1,4327.69,4598.97,4064.1,4590.26,4181.03,4214.87,4188.72,4277.95,4606.15,4388.21,1
4329.23,4024.62,4265.64,4135.38,4331.79,4598.97,4062.05,4588.21,4188.21,4223.59,4192.82,4285.64,4613.85,4400.51,1
4332.31,4021.03,4268.72,4138.97,4328.21,4601.54,4068.72,4597.44,4192.31,4230.26,4199.49,4287.18,4614.36,4404.1,1
4322.05,4012.82,4263.08,4132.82,4322.05,4600.51,4068.72,4600,4190.77,4225.64,4195.9,4285.13,4608.21,4390.77,1
4320.51,4018.97,4262.56,4133.33,4318.97,4600.51,4066.67,4594.87,4189.23,4223.08,4189.74,4281.54,4604.1,4385.13,1
4331.28,4022.05,4264.1,4135.9,4320.51,4600.51,4070.77,4593.33,4184.62,4221.03,4191.79,4282.56,4608.21,4395.38,1
4335.9,4016.41,4266.67,4132.31,4322.05,4597.44,4069.74,4595.38,4181.54,4213.85,4189.74,4283.08,4606.15,4400.51,1
4338.46,4019.49,4271.79,4132.31,4319.49,4593.85,4065.64,4595.38,4181.03,4209.74,4185.13,4282.05,4597.44,4397.44,1
4342.56,4023.08,4271.28,4137.95,4317.95,4592.31,4067.69,4590.77,4177.44,4207.69,4187.18,4282.05,4598.97,4394.87,1
4341.03,4018.97,4264.62,4137.44,4322.05,4594.36,4070.26,4586.15,4176.41,4205.13,4186.15,4281.54,4603.08,4393.33,1
4335.9,4017.95,4261.54,4134.36,4327.18,4598.97,4071.28,4585.64,4178.97,4208.72,4183.08,4280,4602.56,4393.33,1
4332.31,4022.56,4262.05,4135.9,4329.23,4600.51,4070.77,4584.62,4176.92,4213.85,4187.18,4278.97,4602.05,4394.36,1
4333.33,4023.59,4264.62,4137.95,4331.28,4599.49,4065.64,4578.97,4172.31,4211.28,4191.79,4276.92,4603.08,4393.85,1
4335.38,4023.08,4262.05,4134.87,4334.87,4598.97,4061.03,4578.97,4174.87,4213.33,4190.26,4275.38,4604.1,4391.28,1
4329.23,4022.56,4253.33,4128.72,4330.77,4598.46,4061.03,4587.69,4182.05,4219.49,4191.28,4276.41,4606.67,4386.15,1
4320.51,4017.44,4246.67,4120.51,4322.05,4600.51,4063.59,4594.87,4182.56,4214.36,4193.33,4273.33,4601.03,4382.56,1
4318.97,4007.18,4247.69,4114.87,4322.05,4603.08,4064.1,4591.79,4176.41,4208.21,4190.26,4269.74,4592.82,4384.1,1
4318.46,4002.56,4248.72,4113.33,4323.59,4600.51,4061.54,4582.56,4172.82,4208.21,4187.18,4271.79,4594.87,4382.05,1
4312.82,4004.1,4245.13,4108.72,4317.95,4596.41,4059.49,4581.54,4176.92,4205.64,4182.05,4268.72,4591.28,4372.82,1
4308.72,4005.13,4238.97,4106.67,4318.46,4597.44,4061.03,4589.74,4179.49,4206.67,4182.56,4264.1,4588.21,4370.26,1
4312.82,4009.23,4238.46,4114.87,4327.18,4597.44,4062.56,4592.31,4182.56,4221.54,4193.33,4267.69,4600,4380,1
4318.46,4012.31,4245.64,4119.49,4329.74,4595.38,4061.54,4590.26,4188.21,4228.72,4197.95,4271.79,4608.21,4384.1,1
4313.33,4007.18,4248.72,4110.77,4321.03,4596.41,4063.08,4593.85,4185.13,4216.92,4191.28,4268.21,4602.05,4374.87,1
4305.13,3998.97,4237.95,4103.08,4315.9,4600,4065.13,4595.38,4176.41,4212.82,4188.21,4266.15,4595.9,4368.72,1
4305.13,4000.51,4233.33,4110.26,4322.56,4600.51,4062.56,4589.23,4175.38,4221.54,4189.74,4266.67,4596.92,4369.74,1
4307.69,4008.21,4239.49,4115.38,4327.18,4598.46,4062.05,4586.15,4178.46,4217.95,4182.05,4263.08,4595.38,4369.23,1
4306.67,4008.72,4238.97,4110.26,4321.54,4598.46,4061.03,4588.72,4178.46,4204.62,4176.92,4264.1,4591.28,4368.72,1
4306.15,4004.62,4238.97,4107.69,4317.44,4597.44,4060,4586.67,4173.33,4204.62,4182.05,4269.23,4590.77,4368.21,1
4307.69,4001.54,4246.15,4109.23,4323.08,4595.38,4061.54,4584.1,4170.26,4208.72,4184.62,4268.21,4593.85,4368.72,1
4309.23,4003.59,4249.74,4111.28,4326.15,4596.92,4061.54,4584.1,4170.77,4206.67,4182.05,4268.21,4596.41,4375.38,1
4311.28,4010.77,4249.74,4117.44,4324.62,4596.92,4056.41,4583.59,4171.28,4205.13,4184.1,4274.87,4596.41,4381.03,1
4316.41,4014.36,4256.92,4124.1,4327.18,4596.41,4052.31,4582.05,4172.82,4206.67,4188.21,4275.38,4594.87,4378.97,1
4323.08,4016.41,4264.62,4125.13,4331.79,4598.97,4055.9,4582.56,4177.44,4209.74,4190.26,4274.36,4596.41,4381.03,1
4324.1,4018.46,4262.05,4122.05,4328.72,4603.08,4060,4587.69,4179.49,4214.87,4192.82,4280.51,4604.62,4385.13,1
4317.44,4014.87,4252.82,4118.46,4326.15,4602.56,4058.46,4594.36,4182.56,4221.54,4195.9,4283.59,4611.79,4386.15,1
4313.33,4007.18,4254.36,4115.38,4327.18,4600.51,4058.46,4602.56,4197.44,4228.21,4198.97,4283.59,4610.26,4385.13,1
4314.36,4007.18,4262.56,4116.92,4322.05,4601.54,4062.05,4606.67,4198.46,4229.23,4196.92,4280,4607.18,4379.49,1
4311.79,4010.77,4256.92,4120,4320,4602.05,4063.08,4600,4178.97,4219.49,4190.77,4273.85,4604.1,4373.33,1
4307.69,4008.21,4246.67,4116.41,4324.62,4598.46,4056.92,4590.26,4171.28,4213.33,4189.74,4270.77,4602.05,4373.85,1
4308.72,4005.13,4249.23,4108.21,4322.05,4595.9,4050.26,4588.72,4184.1,4217.95,4191.79,4269.74,4602.05,4373.33,1
4308.21,4004.62,4249.74,4107.69,4317.95,4598.46,4048.21,4593.33,4189.74,4219.49,4187.69,4267.69,4601.54,4367.69,1
4303.08,4005.64,4246.15,4113.85,4324.62,4594.36,4046.15,4586.15,4180.51,4217.44,4180.51,4266.15,4601.03,4365.64,1
4304.1,4008.21,4247.18,4118.97,4327.69,4589.23,4041.54,4575.38,4173.33,4213.85,4176.41,4264.1,4600,4366.15,1
4306.67,4009.23,4248.21,4119.49,4325.13,4593.85,4043.59,4583.08,4179.49,4212.82,4180.51,4264.62,4599.49,4367.69,1
4304.62,4008.72,4248.72,4117.95,4326.67,4597.44,4051.28,4595.9,4191.79,4216.92,4186.67,4270.26,4602.56,4368.72,1
4301.54,4006.67,4248.21,4115.38,4325.64,4596.41,4054.36,4593.33,4184.1,4216.41,4184.62,4266.67,4604.62,4365.64,1
4300.51,4006.67,4246.15,4115.9,4323.08,4598.97,4053.33,4586.67,4172.82,4211.28,4183.08,4256.92,4602.05,4363.08,1
4302.56,4006.15,4246.15,4115.38,4324.1,4600.51,4054.87,4592.82,4185.13,4215.38,4187.69,4258.46,4600.51,4366.15,1
4307.18,4006.15,4246.67,4112.31,4326.15,4597.95,4056.92,4597.44,4197.44,4227.18,4191.79,4270.26,4604.1,4372.31,1
4306.67,4007.18,4247.18,4112.31,4327.18,4600,4057.44,4593.33,4193.33,4228.21,4192.82,4275.9,4609.74,4377.44,1
4304.1,4007.18,4248.21,4111.79,4324.1,4600.51,4057.95,4590.77,4185.13,4221.03,4188.72,4271.28,4607.18,4372.82,1
4302.05,4000.51,4244.62,4108.72,4318.46,4594.87,4055.9,4595.38,4183.59,4212.82,4177.95,4263.59,4592.82,4358.97,1
4295.9,3991.28,4237.95,4106.67,4315.38,4594.87,4054.36,4601.03,4192.31,4209.74,4170.77,4256.92,4583.59,4351.28,1
4288.72,3988.21,4240.51,4106.15,4315.38,4595.9,4054.36,4600.51,4198.46,4213.33,4174.87,4258.46,4585.13,4353.33,1
4286.67,3986.67,4246.15,4102.56,4314.87,4588.21,4051.28,4593.33,4186.67,4211.28,4176.41,4266.15,4582.05,4354.87,1
4283.59,3981.03,4247.69,4094.87,4312.31,4587.69,4051.28,4587.18,4171.28,4201.54,4168.72,4264.62,4577.44,4350.26,1
4280,3976.92,4244.62,4095.38,4311.28,4594.36,4056.92,4586.67,4171.79,4195.9,4163.59,4253.85,4576.92,4346.15,1
4286.15,3982.56,4245.64,4104.1,4311.28,4589.23,4058.46,4589.74,4181.03,4202.56,4170.77,4253.85,4579.49,4353.85,1
4301.03,3988.21,4256.41,4107.18,4311.28,4586.67,4060.51,4597.44,4189.74,4213.33,4180.51,4267.18,4584.62,4367.18,1
4306.67,3983.08,4264.1,4104.62,4311.28,4594.36,4068.72,4607.69,4194.87,4220.51,4182.05,4276.41,4590.26,4374.36,1
4305.13,3986.67,4262.56,4109.74,4317.44,4591.79,4067.69,4608.21,4196.41,4224.1,4180.51,4275.9,4594.36,4375.9,1
4312.31,4007.18,4260,4120.51,4321.03,4586.67,4059.49,4602.05,4192.82,4224.1,4181.54,4272.82,4595.38,4373.33,1
4320.51,4026.15,4255.9,4123.08,4317.44,4590.77,4057.95,4597.44,4178.97,4213.85,4176.92,4268.21,4591.79,4367.69,1
4317.44,4030.26,4248.72,4123.59,4318.46,4590.77,4055.38,4595.38,4169.74,4201.03,4169.74,4261.03,4583.08,4365.64,1
4314.36,4028.72,4248.21,4126.15,4319.49,4587.69,4047.69,4590.77,4176.41,4196.92,4165.13,4256.41,4574.87,4363.08,1
4313.33,4030.26,4249.74,4124.62,4319.49,4588.72,4043.59,4585.13,4173.33,4200,4165.64,4257.44,4573.33,4358.97,1
4312.31,4033.85,4248.72,4127.69,4325.64,4587.18,4045.13,4581.03,4163.59,4202.56,4169.74,4259.49,4576.41,4362.05,1
4315.9,4038.97,4249.74,4136.41,4332.82,4586.67,4047.69,4583.08,4172.31,4207.69,4173.33,4256.41,4583.59,4367.18,1
4320.51,4041.54,4250.26,4137.95,4331.79,4593.33,4049.74,4593.33,4186.15,4213.85,4175.38,4254.36,4587.18,4366.67,1
4316.41,4037.44,4247.18,4134.87,4327.69,4592.82,4048.21,4598.46,4190.26,4216.92,4177.44,4257.95,4588.21,4365.64,1
4313.85,4029.74,4247.69,4134.87,4327.18,4588.72,4045.64,4595.9,4186.67,4216.41,4178.46,4260,4587.18,4365.64,1
4318.97,4030.77,4255.38,4135.9,4328.21,4589.23,4047.18,4594.87,4182.05,4212.82,4178.46,4262.05,4587.18,4367.69,1
4321.54,4033.33,4265.13,4137.95,4330.26,4589.74,4047.69,4589.74,4172.82,4208.21,4176.41,4267.18,4589.23,4371.28,1
4316.92,4025.13,4265.13,4137.44,4327.18,4589.23,4046.67,4579.49,4165.13,4202.56,4171.79,4266.15,4586.15,4365.64,1
4313.33,4018.46,4261.03,4134.36,4326.67,4590.77,4047.18,4580.51,4169.74,4199.49,4170.26,4259.49,4580.51,4361.03,1
4314.36,4022.56,4262.05,4133.33,4327.69,4590.26,4050.26,4586.67,4172.82,4202.56,4172.31,4258.97,4581.03,4366.15,1
4314.36,4025.13,4263.08,4134.87,4324.62,4587.18,4051.79,4581.54,4167.18,4202.05,4170.26,4261.03,4581.54,4365.64,1
4313.85,4022.56,4259.49,4137.44,4326.15,4585.13,4048.21,4577.95,4167.18,4194.87,4170.26,4261.03,4575.9,4358.46,1
4311.28,4020.51,4260.51,4135.38,4326.67,4581.03,4042.05,4581.03,4169.74,4193.33,4172.31,4261.54,4575.38,4355.38,1
4303.59,4016.92,4258.97,4126.15,4320.51,4582.05,4043.08,4581.03,4163.08,4195.38,4170.26,4264.62,4579.49,4356.41,1
4298.46,4012.82,4257.44,4123.59,4321.03,4587.69,4049.74,4582.05,4164.1,4194.36,4172.82,4265.64,4578.97,4358.97,1
4300,4010.26,4260,4128.72,4325.64,4587.69,4052.31,4582.56,4171.28,4195.9,4178.97,4265.13,4581.54,4360.51,1
4302.05,4012.31,4258.46,4126.67,4324.62,4584.1,4050.26,4580,4172.31,4203.08,4178.46,4266.15,4588.21,4359.49,1
4301.54,4018.46,4251.28,4125.13,4327.18,4584.62,4049.74,4583.08,4179.49,4206.67,4176.92,4267.18,4586.15,4357.95,1
4298.97,4018.97,4248.72,4131.79,4332.31,4589.23,4050.77,4586.67,4180.51,4200.51,4178.46,4261.03,4580,4355.9,1
4298.97,4013.33,4251.28,4131.28,4330.77,4591.79,4049.23,4581.54,4167.69,4193.85,4174.87,4254.87,4577.44,4353.33,1
4296.41,4008.72,4249.23,4122.56,4325.64,4590.77,4049.74,4580.51,4162.05,4194.87,4169.23,4255.9,4572.82,4350.77,1
4293.33,4008.21,4247.69,4120,4323.59,4587.69,4051.79,4582.56,4170.26,4193.85,4169.74,4257.44,4570.26,4350.77,1
4296.41,4009.74,4252.82,4123.59,4323.59,4586.15,4047.18,4579.49,4175.9,4195.38,4176.41,4258.46,4574.87,4354.36,1
4301.03,4008.21,4254.87,4123.59,4322.56,4586.15,4046.67,4579.49,4170.77,4197.95,4173.33,4257.95,4572.82,4352.31,1
4301.03,4003.08,4250.77,4119.49,4320,4587.18,4054.36,4583.08,4162.56,4190.77,4163.08,4254.36,4563.08,4346.67,1
4298.46,4001.03,4248.21,4117.95,4321.03,4590.77,4056.92,4578.97,4160.51,4187.69,4163.08,4253.33,4564.1,4346.67,1
4295.9,4002.56,4248.21,4118.97,4323.08,4591.79,4052.82,4575.9,4168.72,4194.36,4166.67,4255.9,4566.67,4346.15,1
4292.82,3998.46,4241.54,4114.87,4322.56,4589.74,4052.82,4584.1,4171.79,4195.38,4161.03,4251.28,4561.03,4337.95,1
4290.77,3995.38,4233.33,4107.69,4320,4588.21,4053.33,4589.74,4170.77,4192.31,4157.44,4242.05,4556.92,4332.82,1
4287.18,3998.97,4232.31,4107.18,4318.97,4590.77,4053.85,4590.26,4180.51,4199.49,4165.64,4245.64,4560.51,4336.41,1
4287.69,4002.05,4238.46,4107.18,4321.03,4595.9,4057.95,4597.95,4194.36,4207.69,4171.79,4254.36,4566.67,4342.05,1
4293.85,4002.05,4242.05,4107.69,4325.13,4599.49,4059.49,4600,4188.72,4206.67,4172.31,4255.9,4574.36,4342.05,1
4287.69,3998.46,4237.44,4107.18,4324.1,4600.51,4058.46,4595.38,4176.92,4203.08,4169.23,4249.74,4572.82,4334.87,1
4275.38,3996.41,4229.23,4104.62,4321.03,4600,4055.38,4594.36,4178.97,4203.59,4164.62,4242.56,4564.62,4330.26,1
4281.03,4003.08,4231.79,4110.77,4324.62,4600,4052.31,4595.38,4181.03,4206.15,4167.69,4246.67,4566.67,4336.41,1
4292.31,4007.69,4243.08,4120.51,4327.18,4601.54,4056.41,4593.33,4177.44,4207.18,4174.36,4254.87,4573.33,4340.51,1
4290.77,4008.21,4245.13,4121.54,4326.15,4599.49,4060,4592.82,4181.54,4209.74,4180,4252.82,4577.44,4342.05,1
4295.38,4017.44,4248.72,4124.1,4330.26,4598.97,4058.97,4596.92,4191.28,4220,4187.69,4255.38,4586.15,4353.85,1
4309.23,4022.05,4258.46,4128.21,4335.38,4604.1,4063.08,4605.64,4199.49,4229.74,4196.92,4266.67,4595.9,4362.05,1
4303.59,4010.77,4257.44,4124.62,4330.77,4606.15,4069.23,4615.9,4210.26,4228.72,4192.31,4265.64,4589.23,4349.74,1
4287.69,4003.08,4247.18,4118.97,4321.54,4602.56,4067.18,4613.85,4204.62,4218.97,4178.46,4254.87,4577.44,4335.9,1
4286.15,4000.51,4243.59,4118.97,4318.97,4598.97,4063.08,4602.56,4182.05,4208.72,4174.36,4250.77,4574.87,4337.95,1
4294.36,3998.97,4248.72,4120.51,4321.03,4598.46,4061.54,4592.31,4171.28,4203.08,4178.46,4255.9,4575.9,4347.18,1
4301.03,4005.13,4255.9,4123.08,4323.08,4601.54,4060.51,4590.77,4179.49,4201.54,4177.95,4263.59,4574.87,4350.77,1
4303.59,4011.28,4263.59,4126.15,4326.15,4603.59,4059.49,4598.97,4188.21,4206.15,4173.33,4268.21,4574.36,4348.72,1
4301.54,4007.18,4266.15,4126.67,4324.1,4599.49,4055.9,4599.49,4184.62,4206.15,4174.87,4265.13,4573.85,4346.15,1
4295.38,4000.51,4258.97,4122.05,4318.46,4596.41,4052.31,4591.79,4179.49,4197.95,4174.87,4260,4568.72,4346.15,1
4296.92,4003.08,4252.82,4120.51,4324.62,4601.03,4053.85,4592.31,4185.64,4198.46,4173.33,4263.59,4571.28,4349.74,1
4303.08,4013.85,4256.41,4132.82,4334.87,4603.59,4056.41,4597.95,4194.36,4211.79,4177.44,4270.26,4581.54,4354.36,1
4303.59,4017.95,4260,4138.46,4333.33,4602.05,4054.36,4593.33,4185.64,4216.41,4185.13,4265.13,4584.1,4352.31,1
4296.92,4009.74,4252.31,4126.67,4331.28,4603.08,4055.38,4587.69,4174.87,4208.21,4185.13,4256.92,4580,4344.62,1
4292.31,4005.64,4246.67,4122.56,4334.36,4603.59,4059.49,4593.85,4182.05,4204.62,4180,4256.41,4578.97,4345.13,1
4294.36,4009.74,4251.79,4127.18,4332.31,4602.05,4060,4601.54,4191.28,4209.74,4184.1,4257.44,4581.54,4352.82,1
4293.33,4008.72,4251.28,4126.67,4325.64,4599.49,4061.03,4604.62,4196.92,4215.9,4192.82,4260,4584.62,4350.77,1
4290.26,4001.54,4246.67,4121.54,4327.18,4601.03,4068.21,4608.21,4199.49,4213.33,4188.72,4262.56,4580.51,4342.56,1
4291.79,3999.49,4246.67,4117.44,4327.69,4604.62,4070.26,4609.23,4193.85,4207.18,4177.95,4260,4574.36,4344.62,1
4292.31,4000.51,4247.18,4116.41,4322.05,4603.08,4063.59,4604.62,4188.72,4207.69,4181.03,4257.44,4577.44,4348.21,1
4288.21,3999.49,4247.18,4119.49,4323.08,4600.51,4062.05,4597.95,4189.23,4207.69,4188.72,4261.03,4580,4345.64,1
4289.74,4000.51,4249.23,4121.03,4331.79,4602.05,4063.59,4594.36,4185.64,4206.67,4185.64,4265.13,4577.44,4348.21,1
4293.85,4001.03,4251.28,4120,4332.31,4603.59,4061.03,4594.87,4180,4206.67,4179.49,4262.56,4577.44,4350.26,1
4294.87,4001.54,4249.74,4122.05,4326.67,4603.59,4060,4595.9,4181.03,4204.1,4181.54,4259.49,4578.46,4346.67,1
4298.46,4005.13,4253.33,4121.03,4326.67,4602.05,4064.1,4596.41,4185.64,4202.56,4187.18,4264.62,4580.51,4351.28,1
4304.1,4008.72,4262.56,4125.64,4328.72,4600.51,4062.05,4597.44,4189.74,4212.82,4190.77,4275.9,4587.69,4363.59,1
4306.15,4013.33,4268.72,4136.41,4331.79,4601.54,4057.95,4598.46,4195.9,4222.05,4195.9,4281.03,4593.33,4368.72,1
4308.21,4017.44,4268.21,4138.46,4332.31,4602.05,4060,4603.08,4197.44,4222.56,4200,4281.03,4596.92,4367.18,1
4306.67,4013.85,4258.46,4130.77,4328.21,4601.54,4061.03,4604.1,4194.36,4222.56,4196.41,4274.36,4597.44,4363.08,1
4296.92,4007.69,4249.74,4126.15,4329.74,4603.59,4062.05,4599.49,4191.28,4218.97,4189.74,4262.56,4589.23,4351.79,1
4286.15,4005.13,4248.72,4125.13,4331.28,4604.1,4062.56,4595.38,4187.69,4210.77,4180.51,4256.41,4580,4338.46,1
4279.49,3996.41,4246.15,4120.51,4323.08,4602.56,4059.49,4592.31,4180,4201.54,4170.77,4249.74,4571.79,4330.26,1
4274.87,3985.64,4241.03,4116.92,4316.92,4598.97,4057.95,4587.69,4172.31,4195.38,4169.23,4242.05,4564.62,4333.85,1
4278.97,3991.79,4245.64,4118.46,4323.08,4598.46,4060,4589.23,4175.38,4196.92,4177.44,4249.23,4570.26,4347.69,1
4288.21,4005.13,4250.77,4125.13,4328.72,4604.62,4061.03,4592.82,4177.95,4198.46,4182.56,4261.54,4581.54,4355.38,1
4293.33,4005.13,4249.74,4129.74,4327.18,4606.67,4058.46,4588.72,4181.03,4197.95,4181.03,4260,4582.05,4350.26,1
4290.77,4001.54,4249.23,4128.72,4327.18,4601.03,4056.92,4587.69,4190.77,4204.62,4180,4252.82,4579.49,4347.69,1
4290.26,4005.13,4249.23,4125.64,4329.74,4601.03,4058.46,4597.95,4197.95,4213.85,4183.08,4255.9,4584.62,4353.85,1
4295.9,4012.31,4249.23,4125.64,4329.74,4602.56,4058.46,4603.08,4195.38,4216.92,4190.77,4265.13,4591.79,4361.54,1
4300.51,4011.79,4255.38,4127.69,4327.69,4595.9,4054.36,4595.9,4185.64,4215.38,4192.82,4270.26,4593.33,4364.62,1
4300,4007.69,4264.1,4127.18,4327.18,4594.87,4055.38,4591.28,4180.51,4216.92,4189.23,4270.26,4588.21,4361.54,1
4295.9,4005.13,4260.51,4124.1,4325.13,4601.54,4060,4595.38,4180,4211.79,4187.18,4266.15,4583.08,4353.85,1
4293.33,4002.05,4250.26,4121.54,4324.62,4600,4060,4595.38,4179.49,4197.95,4183.59,4262.05,4577.95,4350.77,1
4291.28,4000.51,4248.21,4121.03,4327.18,4596.92,4061.54,4594.36,4184.1,4194.87,4179.49,4263.08,4575.9,4354.36,1
4288.21,4002.56,4248.72,4121.54,4329.74,4601.03,4063.59,4597.44,4191.79,4203.59,4177.95,4263.59,4578.46,4356.41,1
4289.74,4007.69,4248.21,4122.05,4331.28,4603.08,4059.49,4598.97,4198.97,4211.79,4181.54,4264.1,4583.59,4356.92,1
4295.9,4011.28,4249.23,4126.67,4331.28,4603.08,4059.49,4597.44,4200.51,4218.97,4187.69,4266.67,4587.69,4357.44,1
4295.38,4008.21,4247.69,4126.67,4329.74,4606.67,4066.67,4597.95,4188.72,4214.87,4182.56,4262.05,4582.56,4351.28,1
4296.92,4009.23,4248.72,4126.15,4332.31,4610.26,4065.13,4596.41,4176.92,4201.54,4177.44,4260.51,4582.56,4358.46,1
4310.26,4020,4265.13,4136.41,4338.46,4608.21,4057.95,4592.82,4186.67,4207.18,4191.28,4273.33,4595.38,4375.38,1
4312.31,4022.05,4269.23,4142.05,4339.49,4604.62,4058.46,4594.87,4197.44,4223.59,4200.51,4277.95,4601.03,4371.28,1
4299.49,4010.26,4252.31,4134.87,4334.36,4603.59,4060,4600.51,4196.41,4222.56,4190.77,4264.62,4592.82,4358.46,1
4295.9,4006.15,4248.72,4131.79,4330.26,4602.56,4059.49,4605.13,4201.54,4215.38,4188.21,4264.1,4589.23,4361.03,1
4297.95,4009.74,4256.92,4131.79,4328.72,4600.51,4063.59,4605.13,4200.51,4213.33,4189.74,4272.82,4591.28,4361.03,1
4295.9,4005.13,4251.79,4126.15,4329.74,4603.59,4064.1,4595.9,4190.77,4209.23,4182.05,4268.72,4585.13,4354.36,1
4294.36,4002.05,4245.13,4123.08,4330.77,4607.69,4057.95,4591.79,4191.79,4210.77,4179.49,4262.56,4584.1,4357.95,1
4290.26,4003.59,4247.69,4123.59,4330.77,4605.64,4055.9,4596.41,4195.38,4219.49,4184.62,4265.13,4588.21,4356.92,1
4283.08,4001.54,4248.72,4122.05,4330.26,4608.21,4063.08,4602.05,4191.79,4218.46,4183.59,4268.21,4585.13,4349.74,1
4283.08,3997.95,4247.69,4122.56,4329.23,4615.38,4069.74,4603.08,4189.74,4211.79,4181.54,4267.69,4582.56,4352.31,1
4291.28,4003.08,4251.79,4124.1,4328.72,4608.72,4064.1,4597.44,4193.33,4210.77,4183.59,4268.72,4586.67,4360,1
4293.85,4009.23,4252.82,4126.67,4332.82,4597.95,4059.49,4594.87,4193.33,4213.33,4182.05,4268.21,4588.72,4355.9,1
4287.69,4011.28,4250.77,4130.26,4335.9,4602.05,4062.56,4597.44,4192.31,4215.38,4182.56,4265.64,4586.15,4350.26,1
4285.64,4010.26,4247.18,4129.74,4332.31,4608.72,4061.54,4596.92,4191.79,4216.41,4185.13,4264.62,4589.74,4352.82,1
4289.23,4009.74,4244.62,4124.62,4327.69,4603.59,4054.87,4591.28,4184.62,4215.38,4185.13,4266.67,4594.87,4356.41,1
4286.67,4009.23,4243.59,4123.08,4327.18,4600.51,4055.9,4588.72,4182.05,4209.23,4182.05,4266.67,4591.79,4352.31,1
4278.46,4001.54,4242.56,4120.51,4324.1,4607.18,4061.03,4594.36,4191.28,4207.69,4177.95,4257.95,4582.05,4343.08,1
4276.41,3987.69,4244.62,4112.82,4322.05,4607.69,4057.44,4601.03,4196.92,4216.92,4182.05,4251.79,4574.87,4343.08,1
4287.18,3992.82,4247.69,4117.44,4326.67,4600,4052.82,4600,4190.77,4218.97,4188.21,4262.56,4581.54,4356.92,1
4306.15,4018.97,4248.72,4132.82,4328.72,4597.44,4054.36,4594.36,4188.21,4212.82,4186.15,4272.82,4590.77,4372.31,1
4320.51,4033.33,4253.33,4137.44,4327.18,4602.56,4051.79,4593.85,4189.23,4213.33,4184.62,4271.28,4592.31,4381.54,1
4331.28,4035.38,4263.59,4140.51,4332.31,4607.18,4050.77,4595.38,4188.21,4219.49,4193.33,4273.33,4600,4389.74,1
4342.56,4045.13,4267.69,4151.79,4336.41,4609.74,4055.9,4591.28,4186.15,4215.38,4198.46,4282.56,4611.28,4394.87,1
4345.13,4052.82,4265.13,4155.38,4331.79,4608.72,4061.03,4587.18,4180,4209.23,4193.85,4283.59,4607.18,4395.9,1
4344.62,4053.85,4267.69,4150.77,4328.21,4605.64,4061.03,4593.85,4182.05,4206.67,4191.28,4277.95,4595.9,4395.9,1
4348.21,4056.41,4271.79,4152.31,4330.77,4604.62,4058.46,4603.08,4189.23,4204.62,4190.77,4278.97,4594.87,4397.44,1
4351.79,4060,4274.87,4155.9,4333.85,4602.56,4055.38,4594.87,4183.59,4205.64,4189.74,4285.13,4596.92,4397.95,1
4352.82,4063.08,4278.97,4156.41,4335.38,4601.54,4054.87,4585.13,4174.36,4204.62,4190.26,4288.21,4591.79,4397.95,1
4350.77,4061.54,4284.1,4158.97,4336.41,4604.1,4058.97,4592.82,4184.1,4207.18,4190.77,4287.18,4588.72,4393.85,1
4338.46,4049.74,4281.54,4156.41,4333.33,4607.18,4064.62,4600.51,4190.77,4210.77,4185.64,4281.54,4584.62,4378.97,1
4321.03,4036.41,4268.72,4143.08,4329.23,4610.26,4065.13,4592.82,4179.49,4199.49,4173.33,4268.21,4571.79,4358.97,1
4311.79,4036.41,4260,4136.41,4330.77,4610.77,4057.95,4584.62,4173.85,4185.64,4166.15,4259.49,4561.03,4352.31,1
4311.28,4037.44,4260,4141.54,4332.82,4609.23,4051.28,4583.59,4170.77,4185.64,4166.15,4264.62,4563.08,4357.44,1
4309.74,4029.74,4260,4141.54,4330.26,4605.13,4050.26,4582.05,4163.08,4186.67,4165.13,4266.15,4565.13,4354.36,1
4305.13,4025.64,4261.54,4137.44,4326.15,4600.51,4047.18,4578.46,4163.59,4183.59,4167.69,4258.46,4564.1,4350.26,1
4308.72,4032.82,4266.15,4146.15,4326.15,4597.44,4040.51,4573.85,4166.67,4188.72,4174.87,4261.03,4569.23,4356.92,1
4314.87,4036.41,4267.69,4154.87,4332.82,4599.49,4041.54,4575.9,4167.69,4194.87,4177.95,4270.77,4578.46,4358.97,1
4305.13,4026.67,4263.08,4147.18,4337.44,4609.23,4056.41,4593.33,4182.05,4195.9,4176.41,4271.79,4578.46,4349.23,1
4293.33,4020.51,4255.38,4137.95,4331.79,4616.41,4066.67,4607.69,4195.9,4200,4174.36,4266.67,4570.26,4341.03,1
4288.21,4016.41,4248.72,4135.38,4326.15,4615.38,4064.1,4601.03,4188.72,4202.05,4170.77,4261.03,4563.08,4335.9,1
4285.13,4011.79,4247.18,4136.41,4330.77,4612.82,4062.56,4595.9,4188.21,4203.59,4172.31,4260.51,4566.15,4338.46,1
4290.26,4016.41,4257.95,4141.54,4336.41,4613.33,4066.67,4604.1,4201.03,4212.82,4184.1,4271.79,4578.97,4352.31,1
4294.36,4017.44,4265.64,4143.08,4332.82,4608.72,4067.18,4605.64,4199.49,4216.41,4184.62,4280,4582.05,4349.74,1
4283.59,4007.18,4256.41,4136.41,4330.26,4603.08,4063.59,4600.51,4188.21,4204.62,4171.28,4270.77,4568.21,4330.77,1
4276.41,4004.1,4246.15,4136.41,4334.36,4606.15,4062.05,4602.05,4191.28,4201.03,4170.77,4264.1,4562.05,4330.26,1
4275.38,3999.49,4250.26,4138.46,4332.31,4612.82,4061.54,4602.56,4195.38,4209.74,4178.46,4268.72,4568.72,4334.36,1
4263.59,3985.13,4251.28,4130.26,4325.64,4612.82,4061.54,4594.87,4185.64,4204.1,4170.77,4264.62,4561.03,4317.44,1
4263.59,3998.97,4244.62,4134.87,4333.85,4611.28,4060,4593.33,4183.59,4192.31,4162.56,4257.95,4555.38,4315.38,1
4284.62,4033.85,4254.36,4155.38,4348.72,4616.41,4057.95,4600,4195.9,4203.08,4172.82,4265.64,4563.59,4332.31,1
4290.26,4039.49,4264.62,4160,4344.1,4618.46,4058.46,4601.54,4195.9,4212.31,4176.92,4270.26,4557.44,4325.64,1
4282.05,4032.31,4254.36,4151.28,4336.92,4611.79,4061.03,4595.9,4186.15,4204.62,4167.69,4261.03,4548.21,4315.38,1
4281.54,4038.46,4251.79,4153.85,4342.56,4611.28,4064.62,4594.87,4188.21,4204.1,4166.15,4261.03,4557.44,4325.64,1
4280.51,4037.95,4263.08,4157.95,4344.62,4615.9,4067.18,4597.95,4192.82,4211.79,4167.69,4268.21,4557.95,4326.67,1
4271.79,4027.18,4258.97,4153.33,4341.54,4614.36,4063.59,4595.9,4188.21,4209.74,4162.56,4262.05,4547.18,4310.26,1
4264.62,4022.05,4247.18,4153.33,4344.1,4610.77,4057.95,4592.82,4181.54,4202.56,4156.41,4253.33,4547.69,4301.03,1
4254.87,4017.44,4248.72,4152.31,4343.59,4614.87,4061.54,4591.28,4178.46,4197.44,4149.74,4252.31,4543.08,4297.44,1
4242.05,4008.21,4249.23,4144.1,4336.92,4618.46,4064.1,4590.77,4177.95,4191.79,4144.62,4249.74,4533.33,4286.15,1
4237.44,4002.56,4243.59,4137.44,4333.85,4615.9,4062.05,4591.28,4175.9,4187.18,4143.59,4245.64,4530.26,4276.41,1
4237.44,4002.56,4244.62,4137.44,4338.46,4617.44,4065.64,4594.36,4180.51,4187.69,4142.56,4248.72,4528.21,4280,1
4235.38,4003.59,4246.67,4140.51,4343.08,4618.97,4066.67,4598.97,4189.74,4196.92,4145.13,4255.38,4530.26,4285.64,1
4230.26,3997.95,4239.49,4138.97,4340.51,4616.92,4060,4596.41,4185.13,4198.97,4147.18,4250.26,4533.85,4278.97,1
4221.54,3985.64,4232.82,4128.21,4334.87,4615.38,4061.03,4592.31,4175.38,4187.69,4141.03,4241.03,4527.18,4271.28,1
4214.36,3977.95,4231.28,4121.54,4333.85,4616.41,4072.82,4600,4188.72,4192.82,4141.03,4244.1,4525.64,4277.44,1
4213.33,3979.49,4224.62,4123.59,4336.41,4616.92,4077.44,4608.72,4198.97,4209.74,4150.26,4249.23,4535.38,4274.87,1
4207.69,3976.92,4213.33,4119.49,4334.87,4616.92,4073.85,4608.21,4185.64,4204.1,4143.08,4236.92,4527.69,4257.44,1
4198.97,3966.67,4212.31,4110.26,4331.79,4615.9,4075.9,4609.23,4182.05,4192.31,4130.77,4225.64,4515.38,4252.82,1
4203.59,3965.13,4216.92,4108.72,4335.38,4616.92,4079.49,4613.33,4193.85,4201.03,4140,4231.79,4523.59,4264.1,1
4212.31,3972.82,4215.9,4109.23,4342.56,4622.05,4080.51,4612.31,4197.44,4208.21,4153.33,4240,4533.85,4264.62,1
4206.67,3971.28,4212.82,4106.67,4343.59,4623.08,4080,4610.26,4190.77,4203.59,4152.31,4239.49,4527.69,4255.9,1
4202.56,3965.64,4212.82,4105.64,4339.49,4618.97,4080,4605.13,4186.15,4201.03,4148.21,4233.33,4522.56,4259.49,1
4208.72,3967.18,4214.36,4107.18,4339.49,4617.95,4079.49,4597.95,4187.18,4202.05,4150.26,4228.21,4526.67,4265.13,1
4208.21,3969.23,4216.41,4106.67,4338.46,4618.46,4074.36,4598.97,4191.79,4202.56,4153.33,4231.28,4527.69,4265.13,1
4205.13,3968.72,4218.46,4104.62,4335.38,4616.41,4070.26,4607.69,4197.44,4204.62,4157.95,4240,4528.21,4265.13,1
4207.69,3969.23,4216.92,4103.08,4337.95,4616.92,4073.85,4612.82,4201.54,4209.23,4161.03,4244.1,4531.28,4268.21,1
4211.79,3966.67,4219.49,4105.64,4342.56,4622.05,4076.92,4609.74,4200.51,4213.85,4164.62,4246.15,4538.97,4272.82,1
4212.31,3967.18,4229.23,4106.67,4341.54,4623.59,4075.38,4608.21,4197.95,4217.95,4173.33,4246.15,4546.15,4275.38,1
4212.31,3972.31,4229.23,4108.21,4338.97,4621.03,4076.41,4611.28,4203.08,4217.95,4175.38,4244.62,4543.08,4274.87,1
4212.31,3972.31,4220,4109.74,4341.03,4618.97,4076.41,4606.67,4198.97,4212.31,4170.77,4244.62,4540,4274.87,1
4210.26,3967.18,4216.92,4106.15,4340.51,4617.95,4074.87,4598.97,4190.77,4212.82,4171.79,4245.13,4546.15,4277.44,1
4210.26,3966.67,4218.46,4101.54,4334.36,4614.87,4072.82,4600.51,4196.41,4217.44,4173.33,4244.1,4548.21,4276.92,1
4210.77,3971.28,4218.97,4103.08,4331.79,4613.85,4070.77,4603.08,4198.46,4216.92,4170.26,4242.56,4542.05,4271.28,1
4208.72,3971.79,4222.05,4107.18,4336.92,4616.41,4073.85,4598.46,4189.23,4211.79,4168.72,4242.05,4543.08,4268.21,1
4205.13,3963.08,4221.03,4102.56,4338.97,4618.46,4080.51,4602.05,4191.79,4207.18,4167.18,4241.54,4541.03,4269.23,1
4210.26,3956.92,4218.97,4098.97,4334.87,4618.46,4083.08,4612.31,4201.03,4209.74,4165.13,4245.64,4533.85,4273.33,1
4220,3966.15,4227.69,4105.13,4338.46,4615.38,4078.97,4608.72,4195.9,4217.95,4168.21,4250.77,4540.51,4280.51,1
4220,3974.36,4234.36,4109.23,4341.03,4613.85,4077.95,4600.51,4186.67,4216.41,4170.26,4248.21,4547.69,4285.13,0
4211.79,3970.26,4225.64,4105.64,4336.41,4616.92,4082.05,4605.64,4192.82,4212.82,4173.33,4244.62,4543.08,4279.49,0
4210.77,3969.23,4214.87,4105.64,4335.38,4617.95,4081.54,4607.18,4196.41,4217.95,4173.33,4244.1,4542.56,4270.26,0
4211.28,3967.69,4213.85,4103.59,4337.95,4615.9,4077.95,4595.9,4185.13,4212.82,4165.13,4242.05,4545.64,4269.23,0
4210.26,3964.1,4215.9,4095.9,4334.87,4615.9,4076.92,4592.31,4183.59,4206.67,4162.05,4242.56,4544.62,4273.85,0
4209.74,3964.62,4214.87,4092.31,4330.77,4615.38,4076.92,4596.92,4189.74,4210.77,4168.21,4244.1,4542.56,4273.33,0
4213.85,3964.62,4218.46,4095.9,4333.33,4614.87,4075.38,4601.03,4190.26,4208.21,4170.26,4242.05,4540,4272.31,0
4217.95,3965.64,4224.62,4102.05,4336.92,4616.41,4075.38,4606.15,4193.33,4205.64,4169.23,4242.56,4541.03,4281.54,0
4215.9,3967.69,4224.62,4103.59,4335.9,4615.38,4075.9,4603.08,4195.9,4211.79,4172.31,4248.21,4545.13,4284.62,0
4208.72,3962.05,4218.97,4092.82,4333.33,4613.85,4075.9,4592.31,4190.26,4211.28,4173.33,4250.77,4543.08,4276.41,0
4206.67,3957.44,4215.9,4089.23,4332.31,4614.36,4075.38,4588.72,4185.64,4205.64,4169.74,4248.21,4536.92,4272.31,0
4214.87,3969.23,4222.56,4102.05,4336.41,4615.38,4076.92,4595.9,4192.82,4209.23,4168.72,4248.21,4540.51,4278.97,0
4225.13,3978.46,4232.31,4110.77,4340,4616.92,4081.03,4604.62,4202.05,4219.49,4174.36,4254.36,4549.74,4289.23,0
4227.69,3973.85,4232.82,4107.18,4337.44,4617.95,4080,4606.15,4198.97,4224.62,4180,4256.41,4551.28,4290.26,0
4223.08,3969.74,4222.56,4102.05,4331.28,4617.44,4073.85,4601.03,4185.64,4216.92,4175.9,4250.26,4546.15,4282.56,0
4215.9,3970.26,4215.9,4097.95,4332.31,4614.87,4076.92,4598.46,4186.67,4207.18,4170.26,4245.13,4544.62,4280.51,0
4216.92,3972.31,4222.56,4095.38,4337.95,4615.38,4081.54,4602.05,4197.95,4211.79,4175.38,4249.23,4548.72,4285.13,0
4218.46,3969.23,4224.1,4093.33,4334.87,4616.41,4076.92,4602.05,4195.38,4214.36,4177.95,4250.26,4549.74,4282.05,0
4213.33,3963.08,4216.92,4092.82,4328.21,4615.38,4074.36,4604.62,4193.33,4207.69,4171.28,4245.13,4546.67,4278.97,0
4215.38,3967.69,4214.36,4094.36,4331.79,4614.87,4074.36,4610.77,4204.62,4214.36,4171.28,4241.54,4547.69,4290.77,0
4220,3972.82,4216.92,4093.85,4332.82,4616.41,4071.79,4607.69,4206.15,4224.1,4174.36,4243.59,4548.72,4290.77,0
4216.92,3970.26,4217.44,4092.31,4328.72,4615.9,4071.28,4600,4192.31,4213.85,4166.15,4244.1,4543.59,4275.9,0
4213.85,3971.28,4219.49,4100,4330.26,4617.44,4072.82,4595.38,4186.67,4205.13,4159.49,4242.05,4538.97,4278.46,0
4214.36,3974.36,4220,4105.64,4332.82,4620,4072.31,4597.44,4196.41,4214.87,4169.23,4242.56,4544.62,4286.15,0
4218.46,3973.33,4218.46,4102.05,4332.82,4618.46,4072.31,4596.92,4195.38,4216.41,4175.9,4243.59,4550.77,4279.49,0
4218.97,3973.33,4217.44,4098.97,4333.33,4618.97,4073.33,4590.77,4182.05,4203.59,4164.1,4242.56,4544.1,4273.33,0
4213.85,3970.26,4214.36,4094.87,4331.79,4621.54,4075.38,4593.85,4186.15,4202.05,4158.46,4239.49,4534.87,4278.46,0
4212.31,3968.21,4213.33,4088.21,4329.74,4618.46,4078.97,4608.21,4205.13,4215.38,4169.23,4242.05,4541.54,4284.62,0
4217.95,3971.28,4218.97,4094.87,4329.23,4616.41,4080,4615.38,4211.79,4224.62,4176.92,4247.18,4550.77,4283.59,0
4216.41,3974.87,4221.03,4103.59,4329.74,4617.95,4076.92,4610.77,4200.51,4220.51,4170.26,4244.62,4548.21,4277.95,0
4208.72,3970.77,4215.38,4097.44,4332.82,4618.97,4074.87,4601.54,4187.69,4209.23,4160.51,4238.97,4541.03,4278.46,0
4209.74,3970.26,4212.82,4093.33,4336.92,4619.49,4076.92,4596.41,4191.28,4205.64,4161.54,4242.56,4541.03,4285.13,0
4217.44,3975.38,4216.41,4096.92,4333.85,4618.46,4073.33,4600,4204.1,4216.41,4171.79,4250.26,4547.69,4283.08,0
4220,3975.38,4221.03,4092.31,4325.13,4614.87,4067.18,4606.15,4202.05,4221.54,4171.79,4248.72,4550.77,4278.46,0
4214.87,3969.23,4225.13,4092.31,4322.05,4613.33,4068.72,4607.18,4190.77,4210.77,4164.1,4246.67,4546.67,4286.67,0
4220.51,3973.33,4229.74,4106.15,4326.15,4613.85,4069.74,4603.08,4190.77,4208.72,4169.74,4254.36,4548.21,4298.97,0
4232.31,3982.05,4231.79,4106.67,4332.82,4616.41,4069.23,4604.1,4196.92,4220.51,4182.05,4258.46,4557.95,4298.46,0
4229.23,3977.95,4229.23,4092.31,4335.38,4621.03,4072.31,4609.23,4201.03,4223.08,4181.03,4254.87,4561.54,4291.28,0
4223.08,3973.33,4228.72,4093.85,4333.33,4620,4071.79,4606.67,4201.03,4215.38,4177.44,4252.82,4554.87,4292.82,0
4227.18,3977.95,4230.77,4105.64,4331.79,4615.9,4068.21,4600,4191.79,4212.82,4179.49,4254.36,4554.36,4295.9,0
4231.28,3980.51,4230.77,4106.67,4334.36,4616.92,4068.72,4602.05,4189.23,4212.82,4178.46,4256.92,4557.95,4291.79,0
4229.74,3977.44,4229.74,4103.08,4335.38,4618.97,4069.74,4604.1,4195.9,4212.31,4174.36,4256.92,4553.85,4287.69,0
4225.64,3976.41,4229.23,4105.64,4331.79,4616.92,4067.18,4600,4195.38,4215.38,4173.33,4253.33,4552.31,4291.28,0
4224.1,3980,4230.26,4105.64,4331.28,4613.85,4065.64,4595.9,4192.31,4217.44,4175.9,4249.74,4558.97,4293.85,0
4229.23,3980.51,4231.79,4104.62,4331.79,4612.31,4065.13,4595.38,4192.82,4214.36,4175.9,4248.72,4562.56,4292.82,0
4234.36,3979.49,4232.31,4106.15,4333.85,4613.33,4064.62,4599.49,4191.28,4211.79,4175.9,4250.77,4558.97,4295.9,0
4230.26,3978.97,4232.31,4106.15,4333.85,4616.92,4066.67,4602.05,4190.26,4213.85,4177.44,4253.33,4556.41,4295.38,0
4229.23,3976.92,4233.33,4104.62,4332.31,4618.97,4071.79,4602.56,4193.85,4214.36,4175.38,4250.26,4554.87,4289.74,0
4232.31,3975.9,4233.85,4106.15,4330.26,4616.41,4073.33,4608.21,4198.97,4212.82,4174.36,4246.67,4549.74,4290.77,0
4231.28,3976.41,4232.82,4104.62,4329.74,4615.38,4074.36,4613.85,4204.62,4217.44,4176.41,4250.77,4549.74,4293.33,0
4231.28,3973.85,4233.33,4100.51,4330.77,4617.44,4074.87,4608.72,4207.18,4221.54,4177.44,4255.38,4554.87,4291.79,0
4232.82,3971.79,4234.87,4102.56,4331.28,4618.46,4073.85,4604.62,4204.62,4217.95,4175.9,4255.38,4556.41,4292.31,0
4232.82,3972.82,4233.85,4106.67,4331.79,4615.38,4070.77,4607.18,4201.54,4215.9,4175.9,4251.79,4555.9,4294.36,0
4235.38,3976.41,4232.82,4104.1,4335.9,4614.87,4069.23,4605.64,4194.87,4217.44,4175.38,4251.28,4558.97,4299.49,0
4245.13,3986.15,4238.97,4109.23,4341.03,4618.46,4070.26,4605.13,4194.87,4217.44,4177.95,4255.9,4566.67,4309.74,0
4252.31,3993.85,4247.18,4120,4338.46,4617.44,4068.21,4605.64,4203.08,4219.49,4186.67,4260,4574.87,4314.87,0
4250.77,3991.28,4247.69,4115.38,4331.28,4613.85,4066.15,4606.15,4204.62,4223.08,4188.72,4258.97,4575.38,4303.59,0
4242.05,3982.56,4240.51,4103.59,4330.26,4613.33,4069.23,4608.72,4196.92,4224.1,4181.54,4255.9,4568.72,4295.38,0
4238.97,3976.92,4238.97,4103.59,4334.87,4618.46,4073.85,4610.77,4195.38,4219.49,4178.97,4257.95,4564.1,4301.03,0
4245.64,3982.56,4247.18,4108.21,4338.46,4620.51,4074.87,4610.26,4200,4216.41,4182.56,4260.51,4566.15,4306.15,0
4242.56,3989.74,4245.64,4106.67,4338.46,4616.92,4071.28,4609.74,4197.95,4217.95,4179.49,4256.41,4568.72,4303.08,0
4236.41,3987.69,4241.54,4105.64,4339.49,4616.41,4072.31,4611.28,4197.95,4223.59,4179.49,4256.41,4569.74,4302.05,0
4240,3987.69,4241.54,4109.74,4345.64,4617.44,4080,4617.44,4207.69,4227.18,4191.28,4263.59,4573.33,4309.23,0
4244.1,3994.87,4239.49,4111.79,4347.18,4617.44,4081.54,4621.54,4215.38,4227.69,4195.38,4262.56,4576.41,4307.18,0
4241.03,3990.26,4237.44,4108.21,4339.49,4617.95,4074.87,4614.87,4208.21,4225.13,4184.1,4258.97,4571.28,4292.82,0
4236.41,3977.95,4237.44,4103.59,4334.36,4617.44,4072.31,4608.21,4193.85,4215.38,4173.85,4258.97,4562.05,4292.31,0
4238.97,3979.49,4238.46,4108.21,4338.46,4617.44,4072.82,4604.62,4188.72,4205.13,4177.44,4257.44,4560.51,4301.54,0
4242.56,3982.05,4238.97,4110.26,4337.95,4616.41,4072.31,4600,4190.77,4200.51,4177.44,4255.9,4560,4297.44,0
4238.97,3975.9,4238.97,4101.03,4332.31,4615.9,4071.28,4601.03,4189.74,4198.97,4169.23,4257.95,4554.87,4291.28,0
4235.9,3972.82,4238.97,4097.95,4330.77,4619.49,4073.85,4608.72,4185.13,4201.54,4170.26,4258.97,4555.38,4292.82,0
4244.1,3975.9,4242.56,4105.13,4332.82,4624.1,4080,4613.85,4189.74,4213.33,4177.95,4256.92,4560,4297.95,0
4249.23,3982.05,4247.18,4107.69,4334.36,4621.54,4080.51,4610.77,4198.46,4219.49,4180.51,4256.41,4564.62,4307.18,0
4244.62,3984.1,4243.08,4105.64,4336.92,4616.41,4075.38,4604.62,4195.9,4213.33,4180,4258.46,4564.62,4305.13,0
4246.15,3981.03,4237.95,4105.64,4341.03,4616.92,4073.85,4602.05,4190.77,4216.41,4179.49,4258.97,4562.56,4295.9,0
4249.74,3983.59,4233.85,4105.64,4340.51,4618.46,4076.41,4603.59,4193.33,4220,4178.97,4255.38,4564.1,4300.51,0
4245.64,3987.69,4233.33,4105.13,4336.41,4615.9,4073.33,4605.64,4199.49,4213.85,4180.51,4253.85,4566.15,4304.62,0
4242.05,3979.49,4232.31,4102.05,4332.82,4614.36,4066.15,4605.13,4193.33,4208.72,4179.49,4255.9,4563.08,4296.92,0
4244.1,3974.36,4230.26,4095.9,4333.33,4615.38,4066.15,4603.08,4182.05,4210.26,4174.87,4256.92,4556.92,4289.74,0
4244.1,3979.49,4232.31,4092.31,4335.38,4616.41,4071.28,4602.05,4187.18,4213.85,4174.36,4256.41,4557.95,4292.31,0
4240.51,3974.36,4229.74,4089.23,4330.26,4618.97,4076.41,4601.03,4193.85,4216.41,4174.87,4253.85,4557.95,4295.9,0
4241.03,3967.69,4226.15,4087.18,4328.72,4622.05,4080,4604.1,4193.33,4212.31,4175.9,4250.26,4556.92,4295.9,0
4245.64,3979.49,4229.23,4093.85,4336.92,4625.64,4081.03,4609.74,4195.9,4208.21,4180,4255.38,4560.51,4299.49,0
4248.21,3987.18,4232.31,4098.46,4339.49,4629.23,4081.54,4612.31,4198.97,4212.82,4181.54,4258.97,4565.13,4302.56,0
4248.21,3981.03,4232.31,4093.33,4334.36,4628.21,4082.56,4613.33,4195.9,4218.46,4183.59,4256.92,4569.74,4300.51,0
4250.26,3981.03,4232.82,4094.87,4332.31,4618.97,4081.03,4611.28,4196.92,4223.59,4190.77,4256.41,4571.79,4301.03,0
4251.79,3986.15,4231.79,4098.97,4331.28,4613.33,4075.9,4600.51,4194.87,4224.1,4191.28,4260,4572.31,4307.18,0
4255.38,3987.69,4234.87,4098.46,4329.23,4615.9,4072.31,4594.36,4190.77,4217.95,4189.23,4263.08,4573.33,4307.69,0
4259.49,3987.18,4247.18,4101.03,4330.77,4617.95,4075.9,4606.15,4197.95,4219.49,4190.77,4267.69,4574.36,4304.62,0
4257.44,3985.64,4247.18,4103.08,4330.26,4615.38,4079.49,4614.87,4205.64,4224.62,4191.28,4271.28,4573.85,4306.67,0
4253.85,3984.62,4235.38,4099.49,4328.72,4615.9,4080.51,4612.82,4205.64,4225.64,4191.79,4266.67,4575.9,4305.64,0
4253.85,3985.13,4232.31,4096.92,4331.79,4623.59,4087.18,4617.44,4206.15,4223.59,4195.38,4261.54,4577.95,4303.08,0
4251.79,3981.03,4234.87,4092.31,4330.77,4627.69,4091.28,4622.56,4199.49,4212.82,4189.23,4262.56,4570.26,4302.05,0
4248.72,3980,4233.33,4090.77,4329.23,4622.56,4085.13,4614.87,4189.74,4205.13,4178.97,4261.03,4563.08,4300.51,0
4251.28,3987.18,4232.82,4101.54,4331.79,4616.92,4078.46,4604.1,4192.82,4213.33,4181.03,4254.87,4565.13,4302.56,0
4256.92,3995.38,4238.46,4108.21,4336.92,4621.03,4078.97,4605.64,4198.97,4224.1,4187.69,4255.9,4572.31,4311.28,0
4261.54,4000,4246.67,4105.64,4338.46,4626.15,4083.08,4613.33,4201.03,4225.64,4191.28,4264.1,4578.46,4317.44,0
4264.1,3996.92,4247.18,4107.18,4334.87,4625.64,4086.67,4617.44,4203.08,4226.15,4190.77,4266.15,4577.44,4308.72,0
4267.18,3994.36,4245.64,4107.18,4333.85,4622.56,4084.62,4614.87,4196.41,4218.46,4189.23,4264.62,4573.33,4306.67,0
4272.31,3999.49,4252.82,4106.67,4336.92,4618.46,4075.38,4608.72,4192.31,4213.33,4193.85,4268.72,4580,4323.08,0
4276.92,4001.54,4256.92,4108.72,4334.87,4613.85,4071.28,4608.72,4197.95,4223.59,4200,4274.36,4588.72,4333.33,0
4275.9,3994.36,4250.26,4108.21,4330.77,4614.36,4078.46,4617.44,4201.54,4230.26,4197.95,4276.92,4585.13,4327.18,0
4269.23,3990.77,4246.67,4103.59,4331.28,4619.49,4085.13,4618.97,4195.9,4225.64,4192.31,4274.36,4577.44,4320,0
4260,3988.21,4247.69,4097.44,4330.26,4615.9,4082.05,4608.72,4188.72,4215.38,4191.79,4265.13,4571.79,4317.44,0
4255.9,3981.54,4244.62,4094.87,4326.67,4612.82,4082.56,4609.23,4195.9,4212.82,4191.28,4261.54,4569.74,4316.41,0
4258.46,3979.49,4243.08,4101.54,4329.74,4623.08,4091.79,4621.03,4209.74,4221.03,4194.36,4269.23,4577.44,4316.41,0
4261.03,3984.62,4246.15,4106.67,4335.9,4627.18,4092.31,4620,4201.03,4220,4196.41,4269.74,4582.05,4312.82,0
4257.44,3988.21,4240.51,4101.03,4333.33,4616.41,4081.03,4607.69,4181.54,4211.79,4191.79,4260,4573.33,4306.15,0
4252.31,3984.62,4230.77,4095.38,4321.54,4607.18,4076.41,4605.13,4186.15,4216.41,4191.28,4257.95,4570.26,4309.23,0
4257.44,3983.08,4235.9,4100,4320,4610.26,4081.54,4614.87,4203.08,4230.26,4195.9,4264.62,4578.97,4323.08,0
4266.15,3990.26,4246.67,4107.18,4332.31,4617.95,4085.64,4617.95,4203.59,4234.87,4196.92,4267.18,4582.56,4324.1,0
4265.64,3996.41,4247.18,4107.69,4339.49,4622.56,4088.21,4612.31,4196.92,4230.26,4193.85,4268.21,4580,4313.33,0
4260,3996.41,4245.13,4106.67,4336.41,4624.62,4090.77,4610.77,4195.38,4220.51,4192.31,4268.21,4578.46,4313.33,0
4262.56,3996.92,4247.69,4107.18,4336.41,4624.62,4089.23,4611.79,4197.95,4218.46,4192.82,4265.64,4576.92,4321.54,0
4270.26,3997.95,4249.23,4108.72,4340,4623.08,4089.74,4615.38,4205.64,4230.26,4194.87,4268.72,4580,4324.62,0
4272.31,3995.38,4250.77,4109.74,4339.49,4624.1,4091.28,4620.51,4206.15,4229.23,4200,4274.36,4586.15,4323.08,0
4273.33,3996.92,4257.95,4109.74,4340.51,4626.67,4089.23,4617.95,4196.92,4210.77,4199.49,4274.87,4585.64,4326.15,0
4273.33,3998.97,4262.05,4108.21,4341.03,4626.67,4089.74,4611.79,4192.82,4209.23,4194.87,4274.36,4581.03,4329.23,0
4272.82,3996.92,4261.54,4109.74,4338.46,4628.72,4090.26,4615.38,4200.51,4228.21,4194.87,4276.92,4582.05,4326.67,0
4274.87,3996.92,4261.54,4112.31,4337.95,4628.72,4088.72,4621.03,4207.69,4234.36,4201.03,4279.49,4582.05,4328.72,0
4274.87,3997.95,4258.46,4110.77,4337.44,4620,4087.69,4621.03,4210.26,4224.62,4203.59,4278.97,4581.54,4330.26,0
4268.72,3993.85,4250.77,4108.21,4332.82,4614.87,4088.72,4618.46,4201.03,4218.97,4197.95,4273.85,4583.08,4320,0
4265.64,3993.85,4247.69,4106.67,4331.79,4618.46,4083.59,4612.82,4187.18,4215.9,4190.77,4266.67,4581.03,4314.36,0
4270.26,3994.87,4252.82,4106.15,4333.85,4619.49,4080,4605.13,4188.72,4212.31,4189.74,4270.26,4574.36,4323.08,0
4269.74,3986.67,4253.33,4103.59,4330.77,4616.92,4085.64,4604.1,4192.82,4211.28,4192.31,4275.38,4573.33,4321.54,0
4269.74,3986.15,4250.77,4104.62,4330.26,4615.9,4082.56,4604.1,4189.74,4207.18,4193.33,4274.36,4577.95,4320.51,0
4272.31,3992.31,4249.74,4109.74,4332.31,4615.38,4070.26,4603.59,4189.23,4204.62,4186.15,4269.23,4574.36,4320,0
4268.72,3987.18,4250.77,4107.69,4327.18,4614.36,4073.33,4609.74,4197.44,4212.31,4179.49,4264.62,4566.67,4312.31,0
4272.31,3985.64,4252.82,4104.62,4327.18,4613.33,4082.56,4616.92,4204.1,4220.51,4189.74,4271.79,4574.87,4320,0
4277.44,3989.74,4252.31,4106.15,4331.79,4614.87,4080.51,4611.28,4194.36,4217.44,4198.97,4277.95,4585.64,4326.15,0
4270.77,3985.13,4249.74,4102.56,4331.79,4617.44,4077.95,4597.95,4179.49,4214.36,4192.31,4272.31,4579.49,4314.87,0
4265.13,3983.59,4248.21,4100,4331.79,4615.38,4077.95,4594.87,4186.15,4217.95,4188.21,4266.15,4574.87,4312.31,0
4271.28,3985.64,4250.26,4107.18,4330.77,4611.28,4076.92,4600,4199.49,4219.49,4193.85,4267.18,4579.49,4317.95,0
4270.26,3980.51,4249.74,4105.64,4327.69,4612.82,4079.49,4601.03,4195.9,4217.44,4191.28,4265.64,4576.41,4315.9,0
4260,3977.44,4244.62,4099.49,4329.23,4617.44,4084.1,4603.59,4193.85,4216.92,4184.1,4262.56,4569.74,4315.38,0
4262.56,3980.51,4242.05,4102.05,4329.23,4618.97,4083.59,4607.69,4198.97,4217.44,4185.13,4265.13,4571.28,4317.95,0
4270.77,3984.1,4244.62,4106.67,4329.74,4615.9,4080.51,4605.64,4195.9,4220,4190.26,4268.21,4575.38,4318.46,0
4276.92,3992.82,4249.74,4113.85,4336.41,4614.87,4078.97,4604.1,4190.77,4224.62,4193.33,4271.79,4578.97,4323.59,0
4280.51,3997.95,4252.31,4118.97,4337.95,4616.92,4077.95,4612.82,4197.44,4224.62,4192.82,4273.85,4578.97,4324.1,0
4278.97,3992.31,4250.26,4113.33,4329.23,4615.38,4076.92,4622.05,4204.1,4220.51,4191.79,4273.33,4576.92,4316.41,0
4271.79,3984.1,4248.72,4106.67,4326.15,4613.33,4077.44,4623.08,4201.54,4216.41,4192.31,4272.31,4580.51,4318.46,0
4268.21,3981.03,4249.23,4107.18,4330.26,4615.9,4080,4620,4204.1,4224.1,4193.85,4272.82,4585.64,4329.23,0
4271.79,3980.51,4249.23,4106.67,4328.72,4617.44,4083.08,4618.97,4208.72,4234.87,4192.31,4272.82,4583.59,4330.26,0
4269.74,3979.49,4248.21,4105.13,4321.54,4615.9,4083.08,4615.9,4198.46,4228.21,4189.23,4270.77,4575.38,4321.03,0
4267.18,3975.9,4248.72,4105.64,4321.54,4614.87,4079.49,4608.21,4189.23,4218.46,4189.23,4268.21,4573.33,4320,0
4270.77,3977.95,4251.28,4106.15,4328.72,4613.85,4075.38,4604.62,4199.49,4224.62,4190.26,4268.21,4578.97,4329.23,0
4269.74,3978.97,4251.79,4108.72,4332.31,4615.9,4072.31,4604.62,4203.59,4228.72,4190.26,4272.31,4580.51,4326.15,0
4264.62,3972.31,4251.79,4106.15,4331.79,4620,4074.36,4604.62,4201.03,4214.36,4185.13,4273.33,4575.38,4316.41,0
4266.15,3971.79,4255.9,4105.64,4332.31,4620.51,4080.51,4614.36,4206.15,4210.26,4184.62,4271.28,4572.31,4317.44,0
4272.82,3980,4265.13,4114.36,4329.74,4615.9,4082.05,4621.54,4203.08,4223.59,4189.23,4271.79,4573.85,4322.05,0
4271.79,3980.51,4264.1,4116.41,4326.67,4614.36,4081.54,4615.38,4192.31,4226.15,4189.23,4271.28,4575.38,4322.05,0
4269.23,3977.95,4252.31,4111.28,4329.23,4616.92,4085.13,4614.87,4196.92,4223.08,4188.21,4267.69,4580.51,4324.62,0
4271.79,3982.56,4251.79,4116.41,4331.79,4617.95,4087.69,4625.13,4207.69,4229.74,4192.82,4267.69,4584.62,4323.08,0
4280,3986.15,4262.56,4123.08,4331.28,4615.9,4077.44,4620.51,4206.15,4228.72,4194.87,4272.82,4584.62,4324.1,0
4281.54,3981.03,4262.05,4116.92,4329.74,4613.33,4069.74,4609.23,4201.54,4221.54,4188.21,4272.31,4583.59,4331.28,0
4272.31,3976.41,4249.23,4109.74,4328.72,4612.82,4075.38,4610.77,4201.03,4224.1,4182.05,4266.67,4574.36,4322.05,0
4264.1,3976.41,4244.1,4109.74,4330.77,4614.87,4077.95,4609.74,4193.33,4225.13,4178.97,4262.56,4566.15,4311.79,0
4264.1,3975.38,4246.67,4108.21,4329.23,4613.85,4073.85,4602.56,4185.13,4216.41,4181.03,4261.54,4570.26,4321.54,0
4267.18,3969.23,4250.26,4106.67,4321.03,4606.15,4071.79,4603.59,4184.1,4206.67,4184.1,4266.15,4571.28,4330.26,0
4264.62,3966.67,4252.31,4106.15,4319.49,4598.97,4072.31,4606.67,4187.69,4203.59,4182.56,4271.28,4562.05,4321.54,0
4263.59,3967.69,4250.77,4107.18,4324.62,4598.46,4071.79,4609.23,4191.28,4208.72,4177.95,4270.26,4560.51,4314.87,0
4265.13,3964.62,4249.74,4104.62,4323.59,4604.62,4072.31,4613.33,4192.82,4215.38,4177.95,4267.18,4566.15,4318.97,0
4261.54,3955.9,4247.18,4095.9,4316.92,4610.77,4074.36,4611.79,4190.26,4212.31,4177.95,4264.62,4564.62,4318.46,0
4260,3955.38,4245.13,4096.92,4317.44,4606.67,4072.82,4598.97,4188.72,4208.21,4174.87,4265.13,4565.13,4317.44,0
4269.74,3963.59,4253.33,4107.18,4323.08,4602.56,4071.79,4591.28,4193.85,4211.28,4176.92,4266.67,4572.31,4326.15,0
4276.92,3966.15,4262.05,4108.21,4323.59,4605.64,4075.38,4600.51,4196.92,4213.85,4181.54,4271.28,4574.87,4332.31,0
4270.77,3965.13,4262.56,4103.08,4325.13,4609.23,4077.44,4612.31,4194.87,4210.77,4185.13,4273.33,4574.87,4329.23,0
4271.28,3969.74,4262.05,4110.77,4331.28,4608.72,4074.87,4608.72,4192.31,4208.72,4189.74,4272.82,4576.92,4327.18,0
4277.44,3974.87,4260,4116.41,4332.82,4605.13,4072.82,4603.08,4189.74,4214.36,4189.74,4271.79,4575.38,4327.69,0
4275.9,3972.82,4251.79,4112.82,4326.67,4606.67,4072.31,4606.67,4188.72,4218.97,4182.56,4267.18,4573.33,4328.21,0
4274.36,3969.74,4247.18,4114.36,4328.21,4613.33,4073.85,4609.23,4191.79,4219.49,4182.05,4264.62,4576.41,4333.33,0
4274.87,3973.85,4250.26,4118.97,4336.41,4614.36,4080.51,4609.74,4204.62,4220,4190.77,4269.23,4579.49,4331.28,0
4274.36,3976.41,4251.28,4114.87,4335.38,4611.79,4083.08,4611.79,4209.74,4223.59,4192.31,4274.36,4581.54,4328.21,0
4276.92,3973.33,4249.74,4108.72,4328.72,4611.28,4073.85,4606.15,4196.92,4225.13,4187.18,4272.31,4581.54,4335.38,0
4280.51,3970.26,4249.74,4108.21,4325.13,4609.23,4066.67,4603.08,4194.87,4225.13,4185.13,4267.69,4578.97,4341.03,0
4280,3971.28,4251.79,4108.72,4327.69,4609.23,4074.36,4610.77,4204.1,4226.15,4188.21,4268.21,4578.97,4338.46,0
4276.92,3971.79,4249.23,4106.15,4330.77,4615.38,4081.54,4614.87,4199.49,4226.67,4192.31,4270.26,4580,4323.08,0
4268.21,3964.62,4237.95,4101.54,4327.69,4614.87,4075.9,4605.64,4188.72,4216.92,4186.67,4262.56,4572.82,4306.15,0
4260.51,3956.92,4231.79,4095.38,4324.62,4608.72,4073.85,4599.49,4186.67,4209.74,4176.41,4256.41,4568.21,4311.28,0
4263.59,3960.51,4235.9,4097.44,4328.21,4606.15,4079.49,4600.51,4187.69,4216.92,4175.9,4261.54,4574.36,4328.72,0
4270.26,3970.26,4237.44,4101.54,4329.74,4608.72,4083.08,4602.56,4192.82,4219.49,4181.54,4263.08,4573.85,4330.77,0
4269.74,3966.67,4232.31,4096.92,4325.64,4614.36,4084.1,4608.21,4200.51,4215.9,4182.05,4261.54,4568.21,4324.1,0
4263.08,3958.97,4230.77,4090.77,4325.64,4614.87,4082.56,4609.23,4197.95,4218.46,4181.03,4262.05,4572.31,4320,0
4259.49,3963.08,4233.85,4093.33,4325.13,4609.23,4078.97,4609.23,4194.36,4222.05,4184.1,4262.56,4578.46,4318.97,0
4265.64,3968.72,4234.36,4095.9,4320.51,4606.67,4077.95,4613.33,4198.46,4223.08,4189.23,4265.13,4578.97,4329.23,0
4271.28,3968.72,4233.85,4098.97,4322.56,4607.69,4076.92,4608.72,4198.97,4222.56,4192.31,4270.26,4578.97,4331.28,0
4267.18,3970.26,4233.85,4104.1,4326.67,4606.67,4073.85,4601.03,4194.87,4222.56,4189.23,4270.26,4581.03,4321.03,0
4269.23,3975.9,4236.41,4104.62,4325.64,4604.62,4073.33,4603.08,4191.28,4221.03,4187.69,4269.23,4582.05,4325.64,0
4274.36,3972.82,4235.38,4096.92,4320.51,4606.67,4074.36,4602.56,4186.15,4213.33,4188.21,4268.72,4580.51,4338.97,0
4269.23,3965.64,4232.82,4092.82,4317.95,4611.79,4074.87,4600.51,4189.74,4209.74,4187.18,4266.67,4577.95,4336.92,0
4268.72,3968.21,4240,4098.46,4322.05,4615.9,4079.49,4611.28,4206.67,4222.56,4191.28,4271.28,4580.51,4330.77,0
4276.92,3972.31,4248.21,4104.62,4324.62,4615.38,4083.08,4616.41,4207.18,4232.31,4196.41,4274.87,4585.13,4335.9,0
4274.36,3967.69,4247.18,4100,4321.54,4610.26,4078.97,4605.13,4187.69,4225.13,4189.74,4268.21,4582.05,4333.85,0
4267.18,3965.13,4244.62,4096.41,4321.03,4605.13,4076.41,4596.41,4183.59,4215.9,4179.49,4263.59,4577.95,4327.69,0
4271.79,3972.31,4246.15,4104.1,4327.18,4605.64,4079.49,4597.95,4199.49,4218.46,4182.56,4267.18,4584.1,4331.79,0
4279.49,3979.49,4251.79,4108.72,4329.74,4607.18,4077.95,4597.44,4202.05,4226.15,4193.33,4272.31,4588.72,4340,0
4285.64,3984.1,4261.03,4108.21,4328.21,4607.18,4074.87,4598.46,4197.44,4227.18,4194.87,4279.49,4585.64,4342.56,0
4286.15,3982.05,4266.15,4108.72,4326.67,4612.82,4081.03,4611.79,4203.08,4222.56,4191.28,4283.08,4583.08,4340,0
4278.46,3974.36,4261.03,4106.67,4326.67,4616.41,4085.13,4624.1,4209.74,4225.13,4192.82,4281.03,4584.1,4339.49,0
4277.44,3974.87,4253.85,4104.1,4327.18,4608.21,4076.92,4621.03,4210.77,4230.26,4194.87,4281.54,4587.18,4338.97,0
4280,3975.9,4250.26,4104.62,4324.1,4604.62,4071.79,4611.28,4200,4221.54,4190.77,4279.49,4584.62,4333.33,0
4275.38,3970.77,4247.69,4104.1,4322.56,4611.79,4080.51,4606.67,4193.33,4211.28,4188.21,4275.9,4579.49,4330.77,0
4275.38,3973.85,4249.74,4106.67,4328.72,4611.28,4083.08,4603.59,4198.97,4220.51,4191.28,4280.51,4583.59,4337.95,0
4283.59,3983.59,4255.9,4111.28,4331.28,4607.18,4076.41,4599.49,4200.51,4230.77,4197.44,4284.62,4591.79,4339.49,0
4282.56,3983.59,4256.41,4111.28,4328.21,4608.21,4076.41,4604.62,4202.05,4225.13,4201.03,4278.97,4589.74,4337.44,0
4276.92,3976.92,4250.77,4106.67,4325.64,4610.26,4083.59,4613.33,4206.15,4224.1,4198.97,4278.46,4583.59,4340,0
4277.44,3976.41,4248.21,4103.08,4324.62,4610.26,4086.15,4612.31,4196.92,4231.28,4198.46,4280.51,4587.18,4337.95,0
4273.85,3976.41,4249.23,4101.54,4323.59,4608.72,4086.15,4608.72,4191.79,4230.26,4203.08,4272.82,4590.26,4335.38,0
4268.72,3973.33,4245.13,4100,4326.15,4608.72,4086.15,4613.33,4205.64,4224.62,4201.03,4269.23,4585.64,4335.38,0
4269.74,3973.33,4244.1,4096.41,4328.72,4612.31,4081.03,4614.36,4210.26,4227.18,4195.9,4271.28,4581.03,4331.28,0
4273.33,3975.38,4248.21,4098.46,4327.69,4612.31,4073.85,4608.72,4209.23,4232.82,4199.49,4274.36,4588.72,4336.92,0
4272.82,3975.38,4248.21,4104.62,4324.62,4607.69,4074.87,4611.28,4216.41,4233.85,4201.54,4275.38,4595.38,4346.15,0
4270.77,3975.38,4243.59,4101.03,4320.51,4605.13,4075.9,4612.31,4209.23,4227.69,4193.33,4273.33,4585.64,4340.51,0
4269.23,3973.33,4240.51,4093.33,4315.38,4601.54,4073.85,4605.13,4196.92,4221.03,4189.74,4271.79,4575.38,4333.33,0
4267.18,3967.69,4242.56,4090.77,4312.82,4598.46,4075.38,4604.62,4198.97,4212.31,4189.23,4270.26,4571.79,4331.28,0
4269.23,3968.72,4247.18,4094.36,4316.41,4603.59,4075.9,4604.62,4196.41,4209.23,4187.69,4271.79,4573.85,4328.72,0
4274.87,3974.87,4250.77,4102.05,4320,4608.21,4073.85,4600,4192.31,4222.05,4191.28,4271.79,4577.44,4331.79,0
4277.95,3974.87,4249.23,4108.21,4318.97,4607.18,4073.85,4601.03,4201.03,4228.72,4192.82,4270.26,4575.9,4336.41,0
4277.44,3977.44,4252.31,4108.72,4318.97,4604.62,4073.33,4603.08,4202.05,4220.51,4189.74,4269.74,4576.92,4336.41,0
4278.46,3983.59,4259.49,4108.21,4322.05,4608.21,4072.82,4599.49,4196.92,4224.1,4195.38,4274.87,4584.1,4336.92,0
4279.49,3983.08,4260.51,4110.77,4322.56,4612.82,4075.9,4604.1,4203.08,4234.87,4204.1,4278.97,4588.21,4335.38,0
4278.46,3981.03,4256.41,4110.26,4321.54,4614.87,4075.9,4618.46,4210.77,4231.28,4204.62,4277.44,4587.69,4335.38,0
4278.97,3986.15,4253.85,4109.23,4323.08,4614.36,4073.85,4629.23,4218.46,4230.26,4202.56,4278.46,4591.28,4344.62,0
4282.56,3991.79,4255.9,4112.31,4327.18,4613.85,4076.41,4633.33,4228.72,4242.05,4204.1,4279.49,4595.38,4350.77,0
4288.21,3994.87,4261.03,4118.46,4330.26,4615.9,4077.95,4622.56,4217.44,4240,4206.15,4280.51,4596.41,4350.77,0
4293.33,3999.49,4263.59,4121.03,4330.77,4617.95,4073.85,4601.54,4194.36,4230.26,4206.15,4282.56,4596.92,4357.44,0
4301.54,4005.13,4262.05,4120.51,4330.26,4616.92,4071.79,4597.95,4201.54,4233.85,4206.15,4284.62,4600,4367.18,0
4313.85,4015.38,4263.08,4122.05,4328.21,4614.36,4074.36,4610.77,4217.95,4238.97,4208.72,4287.18,4604.1,4375.9,0
4327.69,4026.15,4269.23,4126.15,4324.62,4609.74,4072.31,4612.31,4207.69,4231.79,4210.26,4284.1,4609.23,4385.64,0
4346.67,4037.44,4275.38,4131.79,4321.03,4603.59,4068.21,4601.54,4194.87,4224.62,4208.72,4277.44,4610.26,4394.36,0
4370.26,4057.95,4282.56,4143.08,4321.03,4602.05,4066.15,4600,4200.51,4221.54,4204.1,4280.51,4609.23,4412.31,0
4394.36,4085.13,4289.74,4156.92,4325.64,4605.13,4063.08,4602.56,4208.72,4217.44,4209.74,4293.33,4614.87,4435.38,0
4413.33,4103.08,4291.79,4166.15,4329.23,4604.62,4058.46,4601.54,4206.67,4220,4218.97,4303.08,4625.13,4442.05,0
4420,4107.69,4292.31,4166.67,4329.23,4604.1,4056.41,4602.56,4195.9,4225.64,4216.41,4298.46,4623.59,4440,0
4418.97,4107.69,4293.85,4166.67,4328.21,4605.13,4057.95,4600.51,4182.05,4215.38,4204.62,4289.23,4610.26,4445.64,0
4420,4108.72,4297.44,4170.26,4326.67,4604.1,4058.46,4591.79,4182.56,4204.62,4203.08,4294.36,4606.67,4451.28,0
4424.62,4109.74,4304.1,4171.28,4324.62,4602.05,4056.41,4594.87,4194.87,4213.85,4210.26,4306.15,4614.87,4451.79,0
4425.64,4107.18,4308.21,4169.74,4324.1,4605.13,4060.51,4610.26,4199.49,4224.1,4216.92,4308.72,4622.05,4445.64,0
4422.05,4104.1,4301.54,4171.79,4327.18,4613.33,4069.23,4615.9,4204.1,4224.1,4219.49,4305.13,4622.05,4437.95,0
4412.31,4099.49,4294.87,4168.21,4332.31,4616.92,4073.85,4614.36,4211.79,4226.15,4214.87,4301.54,4615.9,4434.87,0
4400.51,4086.67,4293.33,4157.44,4332.31,4615.38,4073.85,4609.23,4205.13,4228.72,4206.67,4297.95,4609.23,4430.77,0
4389.23,4070.77,4290.77,4151.79,4323.08,4612.82,4074.36,4601.03,4193.33,4218.46,4204.62,4298.46,4604.1,4417.44,0
4381.03,4062.05,4289.74,4148.21,4318.97,4613.33,4078.46,4606.15,4201.03,4210.77,4205.64,4300.51,4604.1,4413.85,0
4376.92,4060,4288.21,4143.59,4328.72,4615.9,4081.03,4616.41,4208.21,4220.51,4204.1,4298.97,4606.15,4414.87,0
4371.28,4057.44,4283.08,4145.13,4332.31,4614.87,4076.92,4613.85,4198.46,4228.72,4204.1,4294.36,4606.67,4406.15,0
4370.77,4057.44,4285.64,4154.36,4329.23,4610.26,4070.77,4606.67,4197.44,4225.64,4210.26,4294.36,4610.77,4409.23,0
4373.85,4059.49,4294.36,4156.41,4332.31,4612.82,4072.31,4612.31,4209.74,4224.62,4215.38,4301.03,4610.26,4414.36,0
4365.13,4049.23,4291.28,4145.13,4327.69,4615.9,4077.95,4620,4209.74,4229.23,4209.23,4296.92,4602.56,4397.95,0
4354.87,4037.95,4282.56,4137.44,4318.97,4608.72,4074.87,4611.79,4201.54,4232.31,4201.54,4287.69,4598.97,4393.33,0
4355.38,4040,4280.51,4140.51,4323.59,4606.15,4069.74,4600.51,4201.54,4233.33,4205.64,4291.79,4604.1,4402.56,0
4354.36,4037.95,4280.51,4142.05,4330.26,4610.77,4071.28,4602.05,4203.59,4228.21,4205.64,4292.82,4599.49,4390.26,0
4346.67,4027.69,4282.05,4140,4326.67,4608.21,4074.87,4607.18,4202.05,4223.59,4197.44,4287.18,4590.77,4379.49,0
4340,4023.59,4280,4140,4325.64,4605.13,4075.38,4603.59,4196.41,4228.21,4196.41,4287.18,4591.79,4382.56,0
4327.18,4020.51,4271.28,4135.38,4327.69,4614.87,4075.9,4607.69,4198.97,4227.18,4197.95,4285.64,4591.28,4371.79,0
4316.92,4017.44,4267.69,4130.26,4329.23,4620.51,4080.51,4624.1,4211.79,4223.59,4193.85,4281.54,4588.21,4366.67,0
4324.1,4023.08,4275.9,4135.38,4333.85,4616.92,4082.56,4631.28,4212.82,4231.79,4195.9,4285.64,4593.33,4379.49,0
4327.69,4026.67,4282.56,4139.49,4334.87,4620.51,4084.62,4622.05,4201.03,4235.38,4201.03,4293.33,4594.87,4377.44,0
4318.46,4018.46,4279.49,4136.41,4332.31,4624.62,4087.18,4614.36,4199.49,4227.18,4197.95,4289.74,4591.28,4362.05,0
4314.36,4011.79,4270.77,4132.31,4332.82,4621.54,4088.72,4622.05,4208.72,4224.62,4192.31,4283.59,4589.74,4360,0
4315.38,4010.26,4268.72,4127.69,4334.36,4622.05,4085.64,4627.18,4211.28,4227.69,4192.31,4284.1,4588.21,4369.74,0
4310.77,4005.64,4269.74,4123.08,4332.82,4624.1,4082.56,4623.59,4214.87,4231.28,4194.87,4286.15,4583.08,4369.23,0
4309.23,4002.56,4267.69,4122.56,4332.31,4620.51,4083.59,4624.1,4214.36,4236.92,4192.31,4286.15,4581.54,4352.31,0
4309.23,4003.08,4265.64,4123.08,4333.33,4620,4086.15,4621.03,4203.08,4230.77,4188.72,4287.18,4583.08,4342.56,0
4304.1,3998.97,4267.18,4121.54,4333.33,4624.62,4081.54,4616.41,4199.49,4220.51,4188.72,4288.21,4580.51,4354.36,0
4298.46,3991.79,4265.13,4119.49,4335.38,4624.1,4076.41,4617.95,4208.72,4221.03,4190.26,4282.56,4577.95,4359.49,0
4295.9,3991.79,4261.03,4119.49,4337.95,4622.56,4081.54,4619.49,4211.28,4228.72,4189.74,4278.97,4577.95,4347.18,0
4296.92,3996.92,4260.51,4120.51,4337.44,4627.69,4085.64,4616.92,4210.77,4233.85,4187.69,4281.54,4580.51,4343.08,0
4298.46,3997.44,4259.49,4120.51,4331.28,4625.64,4084.1,4621.03,4211.79,4235.9,4189.74,4280.51,4581.03,4348.21,0
4299.49,3995.9,4260,4116.41,4330.26,4618.46,4084.1,4624.62,4209.23,4235.38,4194.87,4281.03,4583.08,4349.74,1
4300,3995.38,4266.15,4116.41,4336.41,4620.51,4087.18,4622.05,4210.77,4238.46,4195.9,4285.13,4587.18,4351.79,1
4299.49,3993.85,4265.64,4117.95,4336.92,4626.67,4084.62,4621.54,4212.31,4244.62,4195.38,4286.67,4587.69,4349.74,1
4298.97,3993.33,4253.85,4111.79,4333.85,4621.03,4078.46,4618.97,4207.69,4239.49,4200,4281.54,4585.64,4342.05,1
4302.05,3994.87,4252.82,4107.69,4332.82,4614.87,4078.97,4615.9,4208.21,4228.21,4202.05,4276.41,4586.15,4344.62,1
4304.1,3995.38,4260.51,4111.28,4332.31,4618.46,4084.1,4614.87,4209.23,4230.77,4197.95,4277.44,4587.18,4349.74,1
4299.49,3990.77,4261.03,4108.72,4329.23,4618.46,4084.1,4616.41,4208.21,4237.44,4196.41,4281.54,4584.62,4346.67,1
4296.92,3985.64,4259.49,4103.59,4330.77,4618.97,4085.13,4623.59,4213.33,4235.9,4197.44,4285.64,4587.18,4350.77,1
4297.95,3990.26,4259.49,4106.15,4333.85,4621.54,4086.67,4624.62,4209.74,4234.87,4194.87,4286.67,4592.31,4355.9,1
4300,3995.9,4256.92,4108.72,4332.31,4618.97,4084.62,4613.33,4199.49,4231.28,4193.85,4281.03,4585.64,4349.23,1
4301.54,3993.33,4260,4107.18,4329.74,4617.44,4085.13,4613.85,4209.23,4230.77,4197.44,4280.51,4580,4350.77,1
4302.56,3989.23,4266.67,4107.18,4329.23,4619.49,4085.64,4621.03,4212.82,4237.95,4200,4290.77,4588.21,4355.38,1
4302.05,3992.31,4264.62,4107.69,4328.72,4615.9,4078.46,4612.31,4196.41,4238.97,4197.44,4293.33,4592.82,4344.1,1
4298.97,3993.33,4258.97,4107.18,4329.23,4614.36,4081.03,4607.18,4197.44,4232.82,4193.85,4282.05,4587.69,4341.03,1
4292.82,3990.26,4253.85,4106.67,4329.23,4621.03,4088.72,4614.87,4207.69,4233.33,4194.87,4275.9,4587.69,4347.69,1
4290.26,3987.18,4250.26,4106.67,4328.72,4622.05,4085.13,4614.87,4201.03,4230.77,4193.85,4275.38,4582.56,4342.56,1
4293.85,3986.15,4248.72,4105.13,4326.15,4615.38,4077.95,4609.74,4196.92,4223.59,4190.26,4272.31,4575.38,4336.41,1
4293.33,3988.72,4253.85,4105.64,4323.08,4613.85,4080.51,4612.31,4205.13,4228.21,4190.26,4274.36,4582.05,4337.95,1
4292.31,3991.79,4260,4108.21,4326.15,4616.92,4084.1,4615.38,4203.08,4230.77,4191.79,4281.03,4585.13,4337.44,1
4295.9,3991.28,4261.54,4108.21,4330.26,4617.95,4082.56,4615.9,4200.51,4221.03,4192.31,4280.51,4578.46,4341.54,1
4296.41,3991.28,4260.51,4107.18,4327.69,4616.41,4082.05,4620,4211.28,4224.62,4193.33,4278.97,4578.46,4352.31,1
4289.74,3992.82,4255.9,4108.72,4324.62,4616.92,4080.51,4621.03,4210.26,4236.92,4192.31,4281.03,4581.03,4352.82,1
4284.62,3988.72,4248.72,4106.67,4321.54,4617.44,4079.49,4619.49,4197.44,4234.36,4189.74,4280,4576.92,4343.59,1
4291.79,3987.69,4253.33,4104.62,4323.59,4615.9,4077.44,4615.9,4200.51,4229.74,4193.85,4278.97,4581.54,4348.72,1
4301.03,3992.82,4265.13,4109.74,4329.23,4616.41,4076.92,4612.31,4206.67,4234.36,4200.51,4284.1,4592.31,4360.51,1
4295.38,3994.36,4263.59,4111.79,4330.26,4622.56,4079.49,4610.26,4197.44,4229.74,4194.36,4282.05,4580.51,4349.74,1
4287.69,3989.23,4259.49,4108.21,4327.69,4626.15,4081.03,4610.26,4197.95,4227.18,4192.31,4280,4571.79,4343.59,1
4298.97,3987.18,4263.08,4109.23,4327.69,4621.54,4085.13,4615.38,4212.31,4238.46,4207.69,4292.31,4595.38,4361.54,0
4309.74,3988.72,4265.64,4111.79,4329.23,4617.44,4088.72,4621.03,4213.33,4243.59,4217.95,4301.03,4617.44,4370.77,0
4303.59,3987.69,4266.15,4109.74,4326.67,4618.46,4087.69,4623.59,4209.74,4238.46,4212.31,4293.33,4609.23,4362.56,0
4295.38,3982.56,4265.13,4106.67,4322.05,4618.97,4086.67,4621.54,4209.23,4231.79,4206.67,4287.18,4594.87,4361.54,0
4297.95,3975.9,4263.08,4106.67,4317.95,4616.92,4085.64,4619.49,4208.72,4228.72,4206.15,4292.82,4597.95,4366.15,0
4305.13,3977.44,4269.74,4106.67,4321.54,4616.92,4079.49,4621.03,4212.82,4241.03,4207.69,4300,4605.13,4363.59,0
4307.69,3985.64,4278.97,4106.15,4324.1,4617.95,4073.33,4624.62,4212.82,4253.33,4211.79,4300,4605.64,4368.21,0
4305.13,3982.56,4273.33,4107.18,4320,4618.46,4069.74,4622.56,4205.13,4244.1,4208.72,4296.41,4601.54,4370.26,0
4295.9,3972.82,4262.56,4106.15,4316.41,4618.97,4070.26,4607.18,4193.85,4229.23,4200.51,4291.28,4595.38,4357.95,0
4285.64,3970.26,4262.56,4099.49,4315.9,4618.97,4076.41,4597.95,4188.72,4225.64,4203.59,4286.67,4590.26,4351.79,0
4287.69,3969.74,4264.62,4095.9,4316.41,4617.95,4082.56,4608.72,4198.46,4230.77,4206.67,4287.18,4591.28,4356.92,0
4289.23,3967.69,4262.05,4095.38,4315.9,4614.87,4083.08,4625.13,4214.36,4238.46,4200,4288.21,4593.85,4359.49,0
4286.67,3970.77,4261.03,4096.41,4316.92,4615.9,4082.05,4629.74,4212.31,4245.13,4200.51,4285.64,4593.33,4356.41,0
4290.77,3976.92,4262.05,4104.62,4323.59,4620.51,4084.62,4628.72,4205.64,4244.62,4208.21,4288.72,4598.97,4356.41,0
4296.92,3978.46,4264.1,4109.23,4326.15,4618.97,4084.1,4630.77,4217.44,4237.95,4208.72,4293.33,4600.51,4357.44,0
4287.18,3972.31,4264.1,4100,4322.05,4618.97,4081.03,4632.82,4223.08,4238.46,4205.64,4292.82,4593.85,4356.92,0
4274.36,3966.15,4258.97,4096.41,4318.46,4624.62,4081.03,4630.26,4208.21,4242.05,4205.13,4287.18,4591.28,4353.85,0
4281.03,3971.79,4256.92,4106.15,4317.95,4621.03,4077.44,4622.05,4204.1,4242.05,4206.67,4285.64,4595.38,4354.87,0
4292.31,3985.64,4261.03,4109.23,4321.54,4616.92,4076.92,4621.03,4215.38,4241.03,4208.21,4288.72,4599.49,4362.05,0
4296.41,3988.72,4265.64,4106.15,4329.74,4625.64,4085.13,4630.26,4221.03,4245.13,4209.74,4291.79,4603.08,4368.21,0
4297.44,3982.56,4265.64,4109.74,4331.79,4631.28,4087.69,4632.82,4220,4251.79,4213.33,4291.28,4603.59,4368.21,0
4291.79,3977.95,4261.03,4108.72,4322.56,4627.69,4084.62,4629.23,4221.54,4247.69,4212.31,4286.67,4597.95,4362.05,0
4284.1,3975.9,4260.51,4102.05,4318.46,4626.67,4088.72,4629.23,4222.56,4241.03,4206.67,4285.64,4593.85,4360,0
4284.62,3975.38,4267.18,4100.51,4323.08,4626.67,4090.77,4630.26,4222.56,4251.28,4209.23,4292.31,4595.9,4366.15,0
4291.79,3977.95,4269.74,4105.64,4326.15,4625.64,4086.67,4630.26,4225.13,4260,4213.33,4294.87,4599.49,4369.23,0
4293.85,3978.46,4265.64,4108.21,4328.21,4627.69,4089.23,4629.74,4222.05,4249.23,4210.77,4291.79,4600.51,4364.1,0
4289.74,3972.82,4265.64,4107.18,4326.67,4626.67,4088.72,4625.64,4209.74,4242.05,4207.18,4290.26,4596.92,4360.51,0
4286.15,3973.33,4269.23,4105.13,4324.1,4625.64,4084.1,4626.15,4209.74,4244.62,4208.72,4291.28,4592.31,4360,0
4287.69,3976.41,4267.18,4105.13,4321.54,4626.67,4088.21,4635.38,4222.56,4240,4206.67,4289.74,4590.26,4352.82,0
4291.79,3975.38,4262.05,4105.13,4321.54,4626.67,4090.77,4637.95,4221.54,4238.46,4203.08,4289.74,4593.85,4354.87,0
4295.38,3982.05,4263.59,4106.15,4327.18,4626.15,4083.08,4627.69,4211.79,4245.64,4208.72,4294.87,4598.97,4369.23,0
4292.82,3987.18,4264.62,4107.69,4328.21,4625.64,4077.44,4622.05,4212.82,4242.56,4213.85,4294.36,4600,4366.67,0
4285.64,3978.46,4255.9,4104.1,4321.03,4620.51,4075.9,4623.08,4211.28,4236.41,4205.13,4286.67,4593.33,4351.79,0
4281.54,3973.33,4253.33,4101.54,4321.03,4614.87,4071.28,4617.44,4200.51,4237.95,4193.85,4279.49,4585.64,4349.74,0
4282.56,3978.97,4260.51,4103.08,4325.13,4614.87,4072.31,4612.31,4197.44,4236.92,4194.87,4282.56,4588.21,4357.95,0
4284.1,3978.46,4263.59,4105.64,4318.97,4615.9,4077.44,4616.41,4202.56,4232.82,4198.97,4284.62,4591.79,4361.54,0
4283.59,3973.33,4258.46,4105.64,4315.9,4616.41,4081.03,4624.62,4209.23,4237.44,4197.95,4276.92,4588.21,4355.38,0
4277.95,3973.85,4252.31,4102.05,4321.54,4619.49,4086.67,4630.26,4215.38,4242.56,4197.44,4276.41,4586.15,4351.28,0
4272.31,3975.38,4251.79,4100.51,4324.1,4621.54,4087.69,4631.28,4214.87,4235.9,4196.92,4282.56,4586.15,4353.85,0
4274.36,3972.31,4252.82,4100,4317.95,4618.97,4080,4626.67,4209.23,4231.79,4193.85,4282.56,4581.03,4352.31,0
4277.44,3972.31,4249.74,4098.46,4314.87,4615.9,4073.33,4619.49,4204.1,4237.44,4194.36,4278.97,4578.97,4344.62,0
4278.46,3975.9,4252.82,4101.03,4320.51,4613.85,4072.31,4613.33,4201.54,4241.54,4197.95,4278.97,4588.21,4349.23,0
4283.59,3978.97,4261.54,4109.23,4323.08,4613.85,4071.79,4610.26,4196.92,4236.41,4197.95,4280,4591.28,4358.46,0
4282.56,3975.38,4257.95,4107.18,4318.97,4615.9,4072.82,4611.28,4200.51,4225.64,4190.26,4279.49,4580,4352.82,0
4275.9,3971.79,4250.77,4100.51,4316.41,4615.9,4077.44,4616.92,4210.77,4225.64,4190.26,4281.03,4575.9,4345.64,0
4277.44,3972.31,4257.95,4104.62,4320,4617.95,4082.56,4622.56,4213.85,4238.97,4201.03,4284.62,4585.64,4354.36,0
4282.56,3974.87,4265.64,4107.18,4325.13,4625.13,4083.08,4623.59,4208.72,4245.13,4203.59,4284.62,4592.31,4363.08,0
4281.03,3976.41,4260,4105.13,4325.13,4624.62,4078.97,4618.46,4201.03,4235.38,4195.9,4277.95,4586.15,4351.79,0
4277.95,3973.85,4248.72,4105.13,4319.49,4615.38,4077.44,4609.23,4194.36,4226.15,4190.77,4274.87,4578.46,4343.08,0
4276.92,3972.31,4247.69,4105.13,4319.49,4616.41,4083.08,4609.74,4201.54,4226.67,4192.82,4277.95,4580,4352.31,0
4280.51,3978.97,4256.41,4109.23,4326.15,4626.67,4086.67,4622.05,4216.92,4232.31,4201.03,4283.59,4589.23,4362.05,0
4288.72,3989.23,4263.59,4117.44,4330.26,4629.23,4083.59,4625.64,4219.49,4241.54,4206.15,4291.79,4596.41,4364.62,0
4290.26,3987.69,4261.54,4118.46,4326.15,4622.05,4082.56,4620,4208.72,4243.59,4202.05,4291.28,4595.38,4358.97,0
4281.03,3976.92,4253.33,4107.18,4316.41,4614.87,4081.03,4617.95,4205.13,4239.49,4197.44,4280,4589.74,4353.33,0
4277.95,3974.36,4248.21,4103.08,4313.85,4612.82,4078.46,4615.9,4209.23,4238.97,4202.05,4276.92,4589.23,4360,0
4284.1,3978.97,4252.82,4109.23,4318.46,4614.36,4080,4611.28,4207.18,4241.54,4207.69,4284.1,4593.33,4364.1,0
4283.59,3980.51,4253.33,4108.72,4318.97,4614.36,4079.49,4609.74,4197.95,4234.87,4204.1,4282.56,4591.28,4354.87,0
4276.41,3975.9,4247.18,4103.08,4320.51,4615.9,4080,4612.82,4198.46,4230.26,4195.9,4275.38,4585.64,4352.82,0
4276.92,3978.46,4251.28,4105.13,4324.62,4617.44,4078.97,4611.79,4204.62,4234.36,4195.38,4276.92,4584.62,4360.51,0
4285.64,3987.18,4261.03,4112.82,4326.15,4617.95,4073.85,4607.69,4197.95,4231.28,4200,4286.15,4589.23,4366.15,0
4294.87,3990.77,4266.67,4118.46,4328.72,4623.59,4077.95,4613.85,4200.51,4230.26,4204.1,4292.31,4597.44,4373.33,0
4298.97,3990.26,4268.21,4120.51,4331.28,4629.74,4085.13,4625.13,4214.36,4235.9,4208.21,4293.33,4601.54,4372.82,0
4296.92,3990.26,4266.15,4121.03,4327.69,4627.18,4083.59,4622.05,4208.72,4233.85,4203.59,4287.69,4595.38,4363.59,0
4295.38,3991.79,4267.69,4121.03,4327.69,4625.64,4082.05,4613.85,4197.95,4229.74,4198.46,4286.15,4591.79,4368.72,0
4297.44,3990.26,4267.69,4120.51,4328.21,4625.64,4087.18,4617.95,4208.21,4234.36,4206.67,4293.85,4598.46,4377.44,0
4297.44,3986.67,4265.13,4118.97,4324.62,4617.95,4081.03,4619.49,4212.31,4240.51,4208.21,4292.82,4597.44,4371.79,0
4295.9,3989.23,4268.21,4123.08,4325.13,4613.85,4071.79,4612.82,4200,4234.36,4195.38,4287.69,4588.21,4366.67,0
4300,3994.36,4272.31,4121.54,4328.72,4621.54,4080,4614.36,4201.03,4229.74,4193.85,4290.26,4589.74,4367.18,0
4301.54,3990.26,4267.18,4109.74,4328.21,4627.18,4086.15,4622.05,4210.77,4233.85,4202.56,4291.28,4594.36,4368.72,0
4303.08,3988.21,4262.05,4109.74,4329.23,4628.21,4084.1,4625.13,4211.79,4237.95,4205.13,4287.69,4591.28,4376.41,0
4305.13,3994.36,4264.1,4122.56,4332.31,4628.72,4086.15,4620.51,4212.31,4241.03,4208.72,4287.18,4595.9,4380,0
4300.51,3992.82,4263.08,4122.05,4330.26,4627.18,4090.77,4621.03,4218.97,4249.74,4214.36,4290.77,4605.64,4373.33,0
4297.95,3985.13,4260.51,4108.21,4326.67,4627.69,4090.26,4629.74,4217.95,4250.77,4211.28,4290.26,4602.56,4370.26,0
4302.56,3986.67,4261.54,4103.59,4325.64,4623.08,4085.13,4623.08,4202.56,4239.49,4206.15,4286.67,4593.85,4369.74,0
4301.03,3991.79,4260.51,4107.18,4324.62,4618.97,4081.03,4608.72,4190.77,4234.36,4203.08,4282.05,4593.33,4365.64,0
4292.31,3986.67,4255.38,4105.64,4324.62,4622.56,4080.51,4609.23,4194.36,4235.9,4201.03,4281.54,4594.36,4368.21,0
4290.26,3979.49,4249.74,4101.03,4326.15,4624.1,4080.51,4617.44,4211.28,4234.87,4202.05,4282.05,4595.9,4368.72,0
4290.26,3982.56,4247.69,4098.46,4324.62,4623.59,4081.54,4622.56,4222.05,4238.46,4204.62,4278.46,4594.87,4362.56,0
4290.26,3988.72,4249.74,4098.46,4323.08,4628.72,4083.08,4625.64,4216.92,4247.69,4204.1,4278.46,4593.33,4366.67,0
4293.33,3988.21,4251.28,4103.08,4323.59,4631.28,4081.54,4621.03,4212.31,4252.31,4208.21,4281.54,4597.44,4373.85,0
4292.31,3984.1,4248.21,4102.56,4324.62,4624.62,4077.95,4616.41,4213.85,4250.26,4211.79,4282.05,4602.56,4370.26,0
4293.33,3986.67,4251.28,4099.49,4326.67,4619.49,4076.41,4618.46,4209.74,4249.74,4210.26,4285.13,4604.62,4372.31,0
4299.49,3990.26,4263.08,4103.59,4326.67,4618.46,4075.9,4616.92,4202.56,4244.62,4209.23,4290.26,4600,4377.95,0
4302.05,3991.28,4269.74,4109.23,4325.64,4618.46,4076.41,4614.87,4202.05,4231.79,4207.18,4292.82,4591.79,4373.85,0
4298.46,3989.74,4262.05,4106.67,4323.59,4619.49,4076.92,4614.36,4205.13,4229.74,4203.08,4289.74,4592.31,4366.67,0
4294.87,3988.72,4251.79,4102.05,4323.08,4620,4078.97,4611.28,4206.15,4242.05,4203.08,4285.13,4594.87,4366.67,0
4290.77,3988.72,4250.26,4096.92,4327.18,4620,4079.49,4610.26,4206.15,4244.1,4205.13,4279.49,4592.82,4368.72,0
4289.23,3987.18,4250.26,4090.77,4330.26,4623.08,4078.46,4611.79,4203.59,4237.95,4201.54,4275.9,4592.82,4367.18,0
4292.82,3987.18,4249.23,4097.44,4327.69,4624.1,4077.44,4611.28,4200.51,4236.92,4198.97,4274.87,4595.38,4366.15,0
4298.46,3993.85,4252.82,4108.21,4325.64,4625.64,4078.97,4615.38,4205.64,4234.87,4202.56,4278.46,4592.31,4371.79,0
4301.03,3998.97,4261.03,4107.69,4331.79,4630.26,4086.67,4625.13,4212.31,4237.44,4209.74,4286.15,4597.95,4374.87,0
4301.03,3997.95,4263.59,4104.62,4335.9,4630.26,4089.74,4620,4206.67,4243.08,4210.26,4291.28,4610.26,4372.31,0
4302.05,4001.03,4263.59,4106.67,4332.82,4625.13,4079.49,4606.67,4199.49,4244.1,4206.15,4289.74,4605.64,4376.92,0
4300.51,4001.03,4265.64,4109.74,4328.72,4623.59,4074.36,4608.72,4204.62,4238.97,4204.62,4284.62,4597.44,4381.03,0
4300,3996.41,4265.64,4109.74,4330.77,4627.69,4083.59,4614.87,4206.67,4238.46,4204.1,4282.56,4599.49,4372.82,0
4302.05,3998.46,4263.08,4108.21,4335.9,4631.28,4089.74,4613.33,4204.62,4238.97,4203.08,4285.13,4601.03,4368.72,0
4303.08,4000,4263.59,4109.23,4336.41,4634.36,4085.13,4616.41,4208.72,4240,4206.15,4286.67,4600,4375.38,0
4304.62,3997.44,4268.72,4111.28,4333.33,4632.31,4086.15,4621.03,4211.28,4242.05,4208.72,4289.23,4600,4377.95,0
4306.15,3996.41,4273.85,4110.77,4331.79,4626.67,4090.26,4617.44,4208.21,4239.49,4207.69,4292.31,4597.44,4377.44,0
4304.62,3993.85,4271.79,4107.18,4332.82,4627.69,4087.69,4614.36,4205.64,4234.36,4205.64,4291.28,4593.85,4376.41,0
4302.05,3988.72,4265.64,4106.15,4332.31,4630.26,4086.67,4616.41,4205.13,4230.26,4198.46,4281.54,4591.79,4368.21,0
4301.54,3989.23,4265.13,4108.72,4331.79,4628.72,4088.72,4616.92,4205.13,4231.28,4193.85,4280,4590.77,4366.67,0
4304.1,3993.85,4266.67,4108.72,4332.31,4628.72,4085.64,4614.87,4203.08,4233.33,4198.97,4287.18,4595.38,4373.85,0
4306.67,3996.41,4263.59,4106.15,4333.85,4629.74,4083.59,4616.41,4205.64,4235.9,4206.15,4291.79,4602.05,4376.41,0
4305.64,3998.46,4262.56,4108.21,4336.92,4627.69,4089.23,4627.18,4225.13,4249.74,4214.87,4294.87,4607.69,4385.13,0
4303.08,3997.95,4264.1,4113.33,4333.85,4626.67,4092.82,4635.9,4234.36,4263.08,4216.92,4294.36,4610.77,4390.26,0
4300.51,3994.36,4263.59,4108.72,4330.77,4629.23,4088.21,4629.23,4213.85,4253.85,4205.64,4285.13,4605.13,4377.95,0
4298.97,3991.79,4263.08,4107.69,4335.9,4630.26,4085.64,4619.49,4207.18,4239.49,4201.54,4283.08,4600,4373.85,0
4298.46,3992.82,4264.1,4115.38,4337.44,4630.77,4086.67,4624.1,4220,4243.59,4211.79,4289.74,4599.49,4380,0
4299.49,3994.36,4264.62,4113.85,4332.82,4628.21,4082.56,4625.64,4212.31,4245.64,4210.26,4288.72,4596.92,4372.82,0
4300.51,3993.85,4264.62,4106.15,4330.77,4625.13,4077.44,4614.36,4195.9,4233.85,4199.49,4283.08,4594.36,4369.74,0
4300.51,3993.33,4263.59,4106.67,4331.79,4622.05,4079.49,4610.77,4203.08,4229.23,4202.56,4285.13,4597.44,4380.51,0
4301.54,3997.95,4271.28,4113.85,4335.38,4617.44,4080.51,4618.46,4215.9,4242.05,4209.23,4291.79,4601.03,4381.03,0
4302.56,3997.44,4277.44,4111.28,4336.41,4618.46,4081.54,4613.85,4202.05,4244.62,4204.62,4291.79,4597.95,4376.41,0
4304.1,3992.82,4271.28,4111.28,4331.79,4623.08,4083.08,4601.03,4188.72,4232.82,4201.54,4287.18,4593.33,4383.08,0
4306.67,3996.41,4269.74,4119.49,4334.36,4626.67,4081.03,4604.62,4201.54,4233.33,4204.62,4287.69,4597.44,4382.56,0
4306.67,4002.56,4271.28,4116.92,4342.56,4629.74,4080,4616.41,4213.33,4244.62,4203.59,4288.21,4602.56,4374.87,0
4300.51,4003.08,4265.64,4110.26,4341.54,4633.85,4085.13,4620,4212.31,4248.72,4203.59,4285.64,4603.08,4374.87,0
4297.44,4003.08,4262.05,4115.9,4334.87,4630.26,4089.23,4621.54,4212.82,4244.1,4208.72,4287.18,4605.13,4374.36,0
4299.49,4000.51,4263.59,4118.97,4334.36,4623.59,4086.67,4621.54,4212.82,4242.05,4208.21,4289.23,4605.13,4371.79,0
4297.44,3996.41,4266.67,4112.82,4338.97,4625.64,4086.67,4621.54,4214.36,4245.64,4205.64,4284.62,4601.03,4375.38,0
4296.92,3998.97,4274.87,4115.9,4337.95,4630.26,4091.28,4628.72,4224.1,4250.77,4206.67,4283.59,4600,4379.49,0
4301.54,4003.59,4275.38,4124.1,4334.36,4631.28,4091.79,4626.67,4221.03,4251.79,4210.77,4291.28,4606.15,4380.51,0
4301.54,4002.56,4264.1,4121.03,4337.95,4627.18,4085.64,4612.82,4208.72,4251.28,4214.36,4293.33,4611.28,4382.56,0
4296.92,3997.44,4263.08,4111.28,4338.97,4622.56,4082.05,4608.72,4203.59,4243.08,4209.74,4286.15,4605.13,4372.31,0
4292.31,3992.31,4267.18,4107.18,4332.82,4621.54,4080,4607.69,4195.38,4228.21,4195.9,4279.49,4592.82,4356.41,0
4290.77,3994.87,4264.62,4115.38,4333.85,4622.05,4077.95,4602.56,4194.36,4228.21,4192.82,4280,4589.23,4361.54,0
4294.36,4001.54,4264.1,4124.62,4336.41,4623.08,4078.97,4609.74,4206.67,4241.54,4202.56,4284.1,4594.36,4376.41,0
4294.36,3999.49,4265.64,4117.95,4330.26,4622.05,4080.51,4617.44,4208.72,4241.54,4203.08,4283.08,4594.36,4373.33,0
4291.79,3992.82,4264.1,4107.18,4328.21,4622.05,4083.08,4616.92,4209.23,4234.87,4195.9,4280,4590.77,4366.15,0
4293.85,3993.85,4266.67,4109.23,4330.77,4626.15,4089.23,4622.05,4215.9,4243.08,4198.97,4282.56,4592.31,4374.36,0
4295.9,3997.44,4269.74,4115.9,4329.74,4628.21,4089.23,4624.62,4211.79,4247.18,4205.13,4289.23,4593.33,4380,0
4295.9,3995.38,4266.67,4114.36,4328.21,4622.56,4078.97,4616.41,4206.67,4238.97,4206.67,4288.72,4598.46,4373.85,0
4295.9,3994.36,4263.08,4113.33,4329.74,4617.95,4073.33,4610.77,4207.18,4237.44,4205.64,4284.1,4604.62,4367.69,0
4294.36,3998.97,4264.1,4116.41,4330.77,4622.56,4077.44,4609.74,4202.05,4240,4206.15,4285.13,4603.08,4367.69,0
4292.31,3996.41,4263.08,4112.31,4329.23,4622.05,4075.9,4605.13,4196.41,4235.9,4203.08,4284.1,4598.46,4371.28,0
4288.72,3989.23,4260.51,4107.69,4322.05,4613.33,4069.74,4602.05,4195.9,4227.69,4196.92,4279.49,4597.95,4373.85,0
4286.67,3990.26,4260.51,4111.28,4316.92,4612.31,4071.79,4603.59,4200.51,4227.69,4198.97,4283.08,4597.95,4376.92,0
4294.87,3998.46,4264.62,4117.44,4322.05,4615.9,4076.41,4605.64,4202.56,4230.26,4206.15,4290.26,4598.46,4382.56,0
4298.97,4000.51,4268.21,4116.41,4326.15,4610.77,4070.26,4605.64,4193.33,4231.79,4204.1,4288.72,4598.46,4381.54,0
4284.62,3991.28,4260,4109.23,4319.49,4601.03,4062.56,4606.15,4190.77,4230.26,4194.36,4279.49,4590.77,4364.62,0
4274.36,3985.13,4248.72,4104.62,4318.97,4606.67,4068.21,4611.79,4202.05,4226.15,4192.31,4275.38,4583.08,4355.38,0
4281.54,3995.38,4247.69,4109.23,4330.77,4621.54,4075.9,4608.72,4199.49,4230.26,4196.41,4276.92,4588.72,4366.67,0
4288.72,4003.59,4252.31,4115.38,4329.23,4623.59,4071.28,4600,4189.23,4232.82,4195.38,4276.41,4595.9,4369.23,0
4287.69,4002.05,4257.95,4120,4319.49,4614.36,4067.18,4601.03,4196.92,4228.21,4194.36,4276.92,4593.85,4364.1,0
4292.82,4003.59,4265.13,4124.1,4323.08,4612.82,4070.77,4606.15,4206.15,4231.28,4201.54,4282.05,4597.44,4373.33,0
4298.46,4006.67,4266.67,4122.56,4329.23,4615.9,4076.92,4607.18,4203.08,4241.03,4207.69,4287.18,4604.62,4377.44,0
4297.95,4001.54,4264.1,4120,4329.74,4616.41,4079.49,4609.23,4203.59,4234.36,4202.56,4286.15,4600,4371.79,0
4292.82,3997.95,4261.03,4120,4329.74,4620.51,4080.51,4609.74,4207.18,4226.15,4192.31,4278.46,4591.28,4370.77,0
4288.21,3998.97,4255.38,4117.95,4329.74,4625.64,4081.54,4609.23,4208.72,4237.44,4193.85,4273.33,4592.82,4368.21,0
4291.79,3999.49,4256.41,4115.9,4327.69,4620,4076.41,4612.82,4209.74,4248.21,4203.08,4277.95,4600,4365.64,0
4300,4001.03,4262.56,4117.95,4326.67,4615.38,4070.77,4610.26,4203.08,4242.56,4202.05,4282.05,4603.08,4370.26,0
4301.03,4002.05,4264.1,4120.51,4324.1,4617.44,4071.79,4600,4194.36,4231.28,4197.44,4281.03,4603.08,4372.31,0
4300.51,4003.59,4263.59,4122.05,4326.15,4618.97,4071.79,4602.05,4202.05,4236.41,4204.62,4286.15,4605.64,4377.95,0
4305.64,4007.69,4266.67,4126.15,4335.38,4620,4070.77,4613.85,4213.85,4248.21,4212.82,4294.87,4611.28,4386.15,0
4304.1,4007.18,4266.15,4126.67,4339.49,4622.56,4070.77,4610.26,4207.18,4243.59,4209.23,4293.85,4609.74,4378.97,0
4296.41,4003.59,4262.05,4122.56,4336.92,4625.13,4070.26,4598.46,4196.92,4234.36,4200.51,4286.15,4600,4368.21,0
4296.41,4001.54,4261.54,4123.59,4335.38,4624.62,4071.28,4602.05,4203.59,4239.49,4195.38,4282.56,4593.33,4368.21,0
4296.92,3995.9,4262.56,4123.08,4332.31,4621.54,4074.36,4611.79,4210.26,4240.51,4194.36,4282.56,4593.85,4366.15,0
4291.28,3991.28,4262.56,4120,4330.77,4620.51,4077.44,4613.33,4201.03,4228.21,4195.38,4285.13,4594.87,4363.08,0
4291.79,3995.9,4261.03,4122.05,4331.79,4621.54,4078.97,4609.23,4191.79,4228.21,4192.82,4287.69,4591.28,4368.21,0
4296.41,4003.59,4262.56,4126.15,4329.23,4618.46,4077.44,4601.54,4190.26,4235.9,4190.77,4283.08,4589.74,4369.74,0
4293.85,4003.08,4262.56,4125.13,4329.23,4613.85,4073.33,4592.31,4188.72,4231.28,4188.72,4274.36,4590.26,4365.13,0
4290.26,3997.44,4253.85,4121.54,4334.87,4617.95,4074.87,4591.79,4189.74,4224.62,4189.23,4274.36,4590.77,4363.59,0
4288.72,3994.87,4248.21,4118.46,4336.41,4621.54,4077.44,4601.54,4201.03,4231.79,4196.92,4281.03,4595.38,4367.69,0
4294.87,4003.08,4257.44,4123.08,4338.46,4621.54,4074.36,4612.82,4212.82,4247.18,4205.13,4287.18,4604.1,4382.05,0
4305.64,4009.74,4263.08,4130.77,4343.08,4621.54,4072.82,4614.36,4208.21,4252.82,4209.74,4292.31,4613.85,4393.33,0
4303.08,4004.62,4253.33,4128.72,4339.49,4621.03,4071.28,4604.1,4194.87,4245.13,4205.64,4287.69,4614.87,4381.03,0
4289.74,4001.54,4246.15,4121.54,4333.33,4617.95,4066.15,4595.38,4188.21,4233.85,4195.9,4274.87,4600.51,4360.51,0
4286.15,4007.69,4246.15,4120.51,4336.41,4617.44,4066.15,4594.36,4189.74,4228.72,4190.26,4269.74,4586.67,4363.59,0
4294.36,4016.41,4247.18,4126.15,4343.08,4622.56,4070.77,4596.92,4196.41,4230.26,4191.28,4277.44,4590.26,4379.49,0
4304.62,4022.56,4247.69,4132.31,4346.15,4629.23,4072.31,4601.54,4203.59,4235.9,4193.33,4285.64,4594.87,4381.03,0
4305.64,4024.1,4249.74,4136.92,4345.13,4631.28,4074.36,4612.82,4214.36,4243.08,4199.49,4285.13,4596.41,4376.41,0
4301.03,4022.05,4255.9,4137.44,4341.03,4625.13,4077.44,4622.05,4220,4249.23,4205.64,4283.59,4601.54,4381.54,0
4304.62,4020.51,4265.13,4136.92,4340,4622.56,4076.92,4619.49,4215.38,4246.67,4205.13,4289.74,4602.56,4387.69,0
4311.28,4016.41,4267.69,4135.9,4340,4627.18,4077.44,4616.92,4213.33,4239.49,4200.51,4294.87,4600,4383.08,0
4300.51,4011.28,4257.44,4133.33,4338.97,4627.18,4079.49,4615.38,4210.26,4235.38,4197.44,4286.67,4594.36,4369.74,0
4289.23,4011.79,4248.21,4134.36,4338.97,4622.56,4079.49,4603.59,4192.82,4233.33,4195.38,4274.87,4587.69,4358.46,0
4294.36,4011.28,4248.21,4137.44,4342.05,4621.54,4077.44,4593.85,4182.05,4233.85,4191.79,4271.28,4585.64,4360,0
4304.1,4013.33,4256.92,4137.95,4344.1,4624.62,4075.38,4601.03,4194.36,4235.38,4189.23,4273.85,4587.18,4371.79,0
4307.18,4018.46,4262.56,4134.87,4344.1,4627.69,4073.85,4609.23,4203.08,4234.36,4196.41,4278.97,4588.72,4377.95,0
4304.1,4014.87,4256.92,4128.72,4342.56,4628.72,4070.77,4605.64,4194.87,4233.33,4197.44,4282.56,4589.23,4372.31,0
4300,4007.18,4249.23,4123.59,4338.46,4629.23,4069.74,4605.64,4191.79,4229.74,4185.13,4276.41,4583.59,4363.59,0
4298.46,4008.72,4249.23,4122.05,4335.9,4631.79,4071.79,4614.36,4204.1,4221.03,4182.05,4268.72,4575.38,4360,0
4303.08,4014.36,4251.79,4123.59,4336.41,4629.74,4073.85,4612.82,4206.67,4218.97,4185.13,4275.38,4577.44,4364.1,0
4303.59,4011.28,4248.72,4122.05,4336.92,4623.59,4078.97,4605.13,4195.38,4228.72,4183.08,4282.56,4583.59,4368.72,0
4298.46,4006.15,4247.69,4113.85,4338.46,4626.15,4083.59,4604.62,4195.9,4234.87,4186.15,4280,4585.64,4366.67,0
4295.9,4003.59,4245.64,4111.28,4341.54,4628.72,4083.08,4604.1,4200,4231.28,4190.77,4272.82,4583.08,4356.41,0
4296.41,4005.64,4239.49,4120,4344.1,4625.64,4078.97,4595.38,4192.31,4230.77,4189.74,4269.23,4584.62,4353.85,0
4298.97,4008.72,4241.54,4119.49,4341.54,4624.62,4078.46,4593.33,4191.79,4234.87,4194.36,4272.82,4590.26,4363.59,0
4297.44,4003.08,4243.59,4109.23,4337.44,4622.56,4081.54,4600.51,4196.41,4233.85,4197.44,4278.46,4594.36,4368.72,0
4292.82,3998.97,4235.9,4104.1,4334.36,4620.51,4080.51,4602.05,4192.31,4228.72,4190.77,4273.33,4590.26,4364.1,0
4288.72,4002.56,4234.87,4104.1,4334.36,4624.62,4078.46,4598.46,4189.23,4228.21,4187.69,4265.64,4583.59,4363.08,0
4292.31,4007.69,4244.1,4108.72,4335.38,4624.1,4075.38,4596.92,4192.31,4230.26,4189.23,4267.69,4584.1,4366.15,0
4302.05,4011.79,4250.26,4118.46,4337.44,4617.44,4075.38,4598.97,4203.59,4234.87,4194.87,4274.36,4591.79,4369.74,0
4312.82,4023.08,4258.46,4125.13,4340.51,4621.54,4079.49,4603.59,4212.31,4242.05,4203.08,4285.64,4599.49,4376.92,0
4321.54,4035.38,4267.18,4125.64,4345.64,4632.82,4081.54,4607.69,4206.67,4239.49,4208.21,4297.95,4604.1,4385.13,0
4324.1,4032.31,4267.18,4125.64,4345.13,4632.31,4082.05,4610.26,4203.59,4240,4209.74,4299.49,4606.67,4388.21,0
4320.51,4020.51,4265.13,4124.62,4336.92,4624.1,4081.03,4615.38,4209.23,4248.21,4206.15,4293.33,4603.59,4388.21,0
4313.85,4017.44,4262.56,4123.08,4334.87,4619.49,4077.44,4614.87,4206.67,4244.1,4198.97,4285.64,4596.92,4380.51,0
4306.15,4015.9,4252.31,4117.95,4336.41,4621.54,4074.36,4604.62,4196.92,4232.31,4193.85,4276.41,4594.87,4369.23,0
4296.92,4006.67,4245.64,4106.67,4333.33,4627.18,4076.92,4598.46,4193.85,4234.36,4193.33,4273.33,4592.31,4366.67,0
4291.79,4000.51,4246.15,4103.08,4331.28,4627.69,4079.49,4602.05,4193.33,4239.49,4193.85,4274.87,4590.26,4370.77,0
4295.9,4003.59,4247.18,4106.15,4333.33,4621.54,4075.38,4605.13,4200.51,4234.36,4195.9,4275.9,4591.79,4373.33,0
4302.05,4006.15,4250.26,4106.15,4336.92,4617.44,4071.79,4604.1,4208.21,4238.46,4200,4280,4596.41,4375.38,0
4303.08,4008.21,4251.79,4110.77,4338.97,4621.54,4072.31,4605.64,4205.64,4249.23,4201.54,4283.08,4600,4378.46,0
4306.67,4015.38,4248.72,4119.49,4341.03,4629.23,4073.33,4610.26,4206.15,4252.31,4204.1,4283.59,4604.62,4386.15,0
4314.36,4025.13,4252.31,4123.08,4341.54,4630.77,4074.36,4613.85,4210.77,4251.28,4209.23,4286.67,4612.31,4393.33,0
4317.95,4026.15,4262.56,4123.59,4337.44,4628.21,4079.49,4614.36,4214.36,4253.33,4211.79,4291.28,4613.85,4390.26,0
4313.85,4022.05,4266.15,4123.59,4335.9,4628.21,4082.56,4614.36,4216.41,4253.33,4208.72,4294.36,4607.69,4387.18,0
4312.31,4018.97,4262.05,4121.03,4340,4634.36,4081.54,4615.38,4215.38,4246.15,4204.1,4293.33,4604.1,4387.69,0
4311.28,4013.33,4255.38,4119.49,4342.05,4637.95,4086.15,4619.49,4210.77,4243.08,4197.95,4286.15,4602.05,4382.05,0
4311.28,4013.85,4256.41,4121.54,4342.56,4633.85,4086.15,4615.9,4202.05,4246.15,4198.97,4286.15,4600.51,4385.13,0
4320.51,4023.08,4265.64,4122.05,4346.15,4629.23,4080,4604.1,4198.97,4250.77,4210.26,4294.87,4607.18,4394.87,0
4324.62,4026.67,4269.74,4124.1,4347.18,4627.18,4083.59,4602.05,4202.05,4253.33,4213.85,4300.51,4610.77,4392.31,0
4315.38,4019.49,4266.15,4124.62,4341.54,4625.64,4089.23,4606.15,4200.51,4248.72,4204.1,4293.33,4601.54,4379.49,0
4304.62,4009.23,4260,4116.92,4334.36,4626.15,4087.18,4605.64,4196.41,4236.92,4194.36,4278.46,4590.77,4364.1,0
4295.9,4000.51,4252.31,4105.13,4329.23,4631.79,4090.77,4605.13,4190.26,4226.67,4189.23,4269.23,4582.56,4359.49,0
4295.38,3999.49,4251.28,4102.05,4327.18,4633.33,4098.46,4604.1,4182.56,4223.59,4190.26,4274.36,4580.51,4373.33,0
4309.23,4008.72,4262.56,4108.72,4330.77,4623.08,4092.31,4600.51,4190.26,4230.26,4200.51,4285.64,4594.87,4390.26,0
4322.56,4019.49,4270.26,4120.51,4342.05,4616.92,4080.51,4603.59,4211.28,4248.21,4213.33,4291.28,4610.77,4394.87,0
4323.08,4028.72,4269.23,4128.72,4351.79,4624.1,4080.51,4611.28,4218.46,4261.54,4216.41,4291.79,4613.33,4391.79,0
4318.97,4028.21,4266.67,4127.69,4349.23,4631.28,4084.1,4610.26,4208.21,4258.46,4209.23,4287.69,4608.72,4383.59,0
4305.13,4015.38,4253.33,4115.9,4340,4629.74,4083.08,4605.13,4198.46,4241.03,4192.31,4275.38,4594.87,4368.72,0
4288.21,4003.59,4236.92,4103.59,4334.36,4626.67,4077.44,4599.49,4191.28,4222.05,4179.49,4265.13,4575.9,4356.41,0
4287.18,4001.54,4236.92,4101.54,4335.38,4626.15,4072.82,4593.33,4185.13,4218.46,4180.51,4267.18,4571.28,4358.46,0
4296.41,4005.64,4247.18,4107.18,4340.51,4625.13,4074.36,4592.31,4183.59,4225.64,4188.72,4271.79,4581.54,4369.74,0
4300.51,4009.23,4247.18,4107.69,4340,4627.18,4076.41,4596.92,4186.67,4226.67,4190.77,4269.23,4586.15,4369.23,0
4303.59,4009.74,4244.1,4108.21,4337.95,4630.26,4075.9,4601.03,4194.87,4230.77,4190.77,4270.77,4585.64,4368.72,0
4306.67,4010.26,4250.26,4111.28,4337.44,4629.74,4081.03,4605.64,4202.05,4240.51,4200.51,4281.03,4591.79,4376.92,0
4303.08,4008.72,4248.72,4105.64,4333.85,4629.74,4087.18,4612.31,4203.08,4237.44,4204.1,4283.59,4594.87,4375.38,0
4306.15,4012.31,4247.18,4107.69,4333.33,4625.64,4081.03,4608.21,4195.9,4235.9,4197.44,4281.54,4598.46,4376.41,0
4318.97,4026.67,4259.49,4123.08,4341.54,4620,4072.82,4600,4197.95,4247.69,4202.05,4284.1,4611.79,4393.33,0
4323.59,4034.36,4266.67,4127.69,4347.18,4625.13,4074.87,4604.62,4207.69,4253.85,4211.28,4287.69,4617.95,4400.51,0
4321.03,4029.74,4265.13,4123.08,4347.18,4632.82,4076.41,4607.69,4206.15,4253.33,4210.77,4291.28,4609.74,4393.33,0
4323.08,4031.79,4266.15,4125.64,4344.62,4630.26,4072.31,4601.54,4203.08,4251.79,4206.67,4292.82,4607.18,4391.79,0
4325.64,4036.41,4266.67,4126.15,4342.56,4624.1,4071.28,4600,4209.23,4248.21,4208.72,4291.79,4611.79,4391.79,0
4318.46,4026.15,4263.08,4120.51,4341.54,4627.69,4077.44,4609.74,4210.77,4247.18,4205.13,4286.15,4607.18,4387.18,0
4309.23,4016.41,4259.49,4118.97,4341.54,4632.31,4085.13,4614.36,4204.62,4248.72,4199.49,4278.97,4600.51,4382.56,0
4307.18,4016.92,4253.33,4113.33,4341.03,4633.85,4086.15,4607.18,4197.95,4243.08,4199.49,4274.87,4598.97,4377.44,0
4300,4012.82,4246.67,4104.62,4340,4634.36,4084.62,4600.51,4190.77,4231.79,4192.82,4272.82,4590.77,4365.64,0
4291.79,4010.77,4244.62,4109.23,4342.56,4632.82,4085.13,4599.49,4190.77,4232.31,4186.15,4269.74,4583.59,4362.05,0
4301.54,4022.05,4247.69,4122.05,4347.69,4630.77,4077.95,4592.31,4201.54,4246.15,4196.92,4272.82,4594.87,4376.92,0
4312.31,4029.74,4251.28,4125.64,4346.15,4626.67,4070.77,4586.15,4204.1,4254.87,4209.74,4276.92,4611.28,4386.67,0
4304.1,4022.05,4248.21,4120.51,4340.51,4622.56,4072.82,4595.9,4202.05,4252.31,4205.13,4274.87,4609.23,4377.95,0
4303.08,4017.44,4246.67,4118.46,4340.51,4623.08,4075.38,4606.15,4207.69,4250.26,4200.51,4274.87,4602.05,4372.82,0
4312.82,4023.59,4255.38,4120.51,4340.51,4629.74,4079.49,4609.23,4210.26,4251.28,4204.62,4280.51,4603.59,4378.46,0
4314.36,4027.69,4261.54,4122.05,4341.03,4634.36,4088.72,4612.31,4208.21,4251.28,4207.69,4284.62,4607.18,4384.1,0
4316.41,4028.21,4261.03,4123.59,4345.13,4633.33,4090.77,4608.21,4199.49,4250.26,4208.21,4286.15,4608.21,4385.13,0
4320,4028.21,4261.03,4127.69,4344.62,4631.79,4083.59,4596.41,4188.72,4241.54,4204.1,4284.1,4605.13,4384.62,0
4321.03,4028.21,4263.59,4134.36,4342.05,4632.82,4076.41,4587.18,4189.74,4238.97,4204.62,4285.13,4606.15,4390.26,0
4320.51,4025.64,4265.13,4135.38,4344.62,4635.38,4076.92,4584.62,4193.33,4242.05,4206.67,4285.64,4609.23,4385.64,0
4313.85,4021.54,4258.46,4127.69,4346.67,4636.41,4083.59,4590.26,4195.38,4237.44,4198.97,4278.97,4599.49,4367.69,0
4302.56,4018.46,4249.74,4121.03,4345.64,4633.33,4081.54,4600,4201.03,4237.95,4193.33,4271.28,4589.23,4362.05,0
4302.56,4017.95,4247.69,4120.51,4345.64,4632.31,4074.36,4602.56,4197.95,4237.95,4195.38,4268.21,4593.33,4371.28,0
4309.23,4020,4248.72,4122.56,4346.67,4633.33,4071.79,4595.38,4190.26,4232.82,4198.46,4270.77,4602.56,4375.9,0
4310.26,4021.54,4251.79,4126.15,4346.67,4632.82,4072.31,4597.95,4201.03,4242.56,4204.1,4281.54,4605.64,4378.46,0
4313.33,4022.05,4260.51,4127.18,4347.69,4632.82,4072.82,4606.67,4209.23,4257.44,4213.33,4289.74,4609.74,4386.15,0
4314.36,4021.54,4263.08,4124.1,4346.15,4632.82,4074.36,4603.08,4197.95,4253.85,4211.79,4283.59,4613.33,4385.64,0
4308.21,4017.44,4251.79,4121.03,4343.59,4632.31,4074.87,4595.9,4190.26,4242.05,4201.54,4277.44,4606.67,4373.85,0
4307.18,4015.9,4248.72,4121.03,4342.05,4631.79,4071.79,4595.38,4189.74,4237.95,4200,4283.59,4602.56,4367.69,0
4309.74,4016.41,4257.95,4120.51,4340,4629.23,4072.31,4594.36,4191.28,4238.46,4208.21,4290.77,4608.72,4375.38,0
4305.64,4012.31,4259.49,4119.49,4337.95,4630.26,4079.49,4598.46,4198.46,4245.13,4214.87,4291.79,4613.33,4385.13,0
4303.08,4012.82,4256.92,4123.59,4340,4632.82,4083.08,4609.23,4207.69,4252.82,4215.9,4290.77,4613.85,4385.64,0
4310.26,4021.03,4260,4128.21,4342.56,4632.82,4083.08,4614.87,4212.82,4251.79,4212.31,4289.74,4612.31,4382.05,0
4313.85,4022.56,4261.03,4125.64,4341.54,4631.79,4082.56,4610.26,4209.23,4249.74,4207.18,4287.18,4610.26,4381.03,0
4309.74,4019.49,4261.03,4126.67,4341.54,4630.26,4080,4605.13,4196.41,4254.36,4207.18,4287.69,4612.31,4384.62,0
4310.77,4022.05,4264.62,4132.82,4342.56,4626.67,4075.9,4597.44,4189.74,4253.85,4213.33,4293.33,4617.95,4384.62,0
4313.33,4021.54,4258.97,4130.26,4340,4624.1,4073.33,4589.74,4187.69,4241.54,4210.26,4292.82,4615.9,4375.9,0
4308.72,4015.9,4248.72,4123.08,4337.95,4626.67,4075.9,4589.23,4181.03,4234.87,4203.08,4285.13,4610.77,4373.85,0
4305.13,4016.92,4249.23,4123.08,4340,4631.79,4082.56,4593.33,4183.08,4240,4203.08,4282.56,4610.26,4379.49,0
4305.64,4022.05,4252.31,4124.1,4340,4632.31,4082.05,4595.9,4194.36,4242.05,4201.03,4281.03,4605.64,4375.9,0
4302.05,4015.9,4250.26,4120,4333.33,4629.74,4076.92,4600,4199.49,4236.92,4194.87,4275.9,4596.41,4367.18,0
4296.92,4008.21,4247.69,4120,4330.77,4630.77,4078.46,4606.15,4198.97,4236.41,4192.82,4273.85,4592.82,4363.59,0
4295.9,4009.23,4248.72,4122.05,4334.87,4632.31,4082.05,4608.72,4204.1,4238.46,4194.87,4275.9,4596.92,4364.62,0
4295.9,4009.74,4251.28,4121.54,4332.82,4627.18,4081.03,4609.74,4206.15,4237.95,4201.03,4277.95,4602.56,4370.77,0
4301.03,4012.31,4250.26,4121.54,4330.77,4620,4078.46,4602.05,4196.92,4240.51,4204.62,4281.54,4607.69,4375.9,0
4305.64,4016.41,4247.18,4123.59,4335.38,4616.92,4072.82,4585.13,4184.62,4246.67,4196.92,4281.03,4607.69,4372.82,0
4301.54,4012.31,4246.67,4124.1,4335.38,4616.41,4066.67,4578.46,4178.46,4243.08,4192.82,4274.87,4600.51,4368.72,0
4297.44,4006.15,4248.21,4121.54,4330.77,4618.97,4067.69,4586.15,4176.92,4230.26,4194.36,4272.31,4594.36,4365.64,0
4297.95,4006.15,4245.64,4120,4329.74,4620,4071.28,4596.41,4181.54,4228.72,4190.77,4274.36,4595.9,4366.15,0
4292.31,4006.15,4242.05,4121.03,4333.33,4621.03,4074.36,4603.08,4193.85,4234.36,4189.74,4273.85,4596.41,4368.72,0
4292.82,4007.69,4242.05,4122.56,4338.97,4625.13,4080.51,4603.08,4194.36,4234.87,4195.38,4273.33,4596.41,4370.77,0
4306.15,4018.97,4247.18,4128.21,4346.15,4628.21,4084.1,4599.49,4189.23,4240,4201.54,4279.49,4605.64,4377.95,0
4310.77,4023.59,4251.28,4134.87,4347.69,4632.31,4086.67,4606.67,4205.64,4252.31,4208.72,4289.23,4615.9,4383.59,0
4307.69,4021.03,4248.21,4136.92,4346.67,4635.38,4089.74,4615.38,4219.49,4259.49,4212.82,4290.26,4617.44,4382.56,0
4309.74,4021.54,4253.33,4136.92,4348.21,4634.87,4088.72,4610.77,4206.67,4251.28,4210.77,4288.21,4613.85,4383.59,0
4311.28,4021.54,4263.59,4138.97,4349.23,4634.87,4086.15,4605.64,4200.51,4243.59,4207.69,4287.69,4611.28,4383.08,0
4306.67,4017.44,4257.95,4136.41,4347.18,4637.44,4086.67,4605.64,4206.15,4247.69,4206.15,4284.1,4612.31,4383.08,0
4307.18,4017.44,4246.15,4131.79,4345.13,4634.87,4088.21,4606.15,4200.51,4252.31,4207.18,4281.03,4614.87,4388.72,0
4310.26,4019.49,4248.72,4134.87,4344.1,4632.31,4086.67,4610.26,4197.44,4248.21,4207.69,4285.64,4614.87,4386.15,0
4308.21,4016.41,4252.31,4137.44,4341.54,4632.82,4083.59,4611.79,4204.62,4244.1,4199.49,4282.05,4604.1,4372.82,0
4306.67,4017.44,4249.23,4135.38,4339.49,4631.28,4081.54,4609.23,4202.56,4245.13,4194.87,4274.87,4596.41,4375.9,0
4306.15,4020,4249.74,4135.9,4343.59,4628.72,4079.49,4603.59,4191.79,4243.59,4201.54,4280.51,4603.08,4386.67,0
4305.13,4016.41,4249.74,4135.9,4346.67,4628.21,4078.46,4597.95,4191.28,4238.46,4201.54,4281.54,4604.62,4378.97,0
4304.62,4013.85,4251.79,4134.36,4344.1,4627.18,4082.56,4595.38,4198.46,4240.51,4194.87,4274.87,4595.9,4371.79,0
4310.26,4022.05,4261.03,4136.92,4344.1,4630.26,4086.67,4595.38,4197.95,4244.62,4197.44,4278.97,4601.54,4382.56,0
4319.49,4027.18,4265.13,4138.46,4348.21,4637.44,4087.18,4600,4194.87,4244.1,4205.13,4287.18,4612.82,4388.21,0
4321.03,4018.97,4263.59,4132.82,4346.15,4636.92,4088.21,4607.18,4202.56,4244.62,4207.69,4287.69,4609.74,4383.59,0
4313.33,4013.85,4263.59,4128.21,4340,4630.77,4089.74,4610.77,4210.26,4250.26,4207.69,4287.18,4604.62,4386.67,0
4309.23,4015.9,4257.44,4125.13,4338.97,4628.72,4089.74,4608.72,4205.64,4248.72,4207.18,4285.13,4604.62,4387.69,0
4312.82,4012.82,4248.72,4126.15,4338.97,4628.72,4088.21,4610.77,4204.1,4244.1,4203.08,4280.51,4601.54,4382.56,0
4319.49,4013.33,4253.33,4132.31,4344.62,4633.85,4088.21,4613.85,4206.67,4249.74,4205.13,4287.18,4608.21,4390.77,0
4322.56,4020,4257.44,4131.28,4351.79,4639.49,4089.23,4611.79,4203.59,4255.9,4217.44,4295.9,4623.08,4400.51,0
4318.97,4018.97,4249.23,4122.56,4348.72,4636.92,4088.72,4612.31,4206.15,4256.92,4222.05,4295.38,4624.62,4393.85,0
4315.38,4014.36,4245.13,4122.56,4344.62,4636.41,4090.26,4612.82,4209.74,4254.36,4214.36,4289.23,4614.36,4383.59,0
4315.38,4015.9,4248.72,4127.18,4349.74,4641.03,4091.28,4609.23,4204.62,4251.28,4208.21,4285.13,4607.69,4381.54,0
4314.87,4017.44,4250.26,4125.13,4350.77,4640,4089.74,4604.62,4201.54,4250.26,4206.67,4284.1,4608.21,4382.05,0
4312.31,4015.38,4249.74,4122.56,4344.62,4633.33,4084.62,4604.62,4205.13,4253.33,4205.64,4283.59,4609.74,4383.59,0
4313.85,4016.41,4250.26,4125.13,4343.08,4630.26,4078.97,4607.18,4206.67,4258.46,4208.21,4288.21,4611.28,4391.28,0
4318.46,4020.51,4252.82,4127.69,4345.13,4630.77,4078.97,4608.72,4207.18,4261.03,4212.82,4294.87,4613.85,4395.9,0
4318.97,4022.56,4253.85,4127.18,4346.67,4632.31,4080.51,4609.23,4207.69,4255.38,4211.79,4291.79,4612.31,4388.21,0
4313.85,4020.51,4250.26,4126.67,4346.15,4633.33,4078.46,4607.18,4203.08,4247.18,4207.69,4284.62,4609.74,4380,0
4311.79,4016.41,4247.18,4125.64,4342.56,4631.28,4076.41,4601.03,4197.44,4245.13,4205.13,4284.1,4607.69,4381.03,0
4314.36,4014.36,4246.67,4122.05,4341.03,4627.18,4074.87,4591.28,4189.74,4244.1,4207.69,4287.18,4610.26,4388.21,0
4314.87,4013.85,4247.69,4122.05,4339.49,4623.59,4072.82,4587.69,4184.62,4240.51,4210.26,4289.74,4611.79,4390.77,0
4313.33,4012.82,4247.69,4122.56,4339.49,4626.15,4073.33,4597.44,4190.26,4236.92,4207.69,4288.72,4607.69,4388.72,0
4314.36,4014.36,4246.67,4123.59,4344.1,4628.72,4076.41,4602.56,4197.95,4241.03,4207.18,4283.08,4608.21,4387.69,0
4316.92,4018.46,4246.67,4126.67,4344.62,4628.72,4078.46,4597.44,4193.33,4247.18,4209.23,4281.54,4614.36,4387.69,0
4318.46,4018.97,4248.21,4127.18,4342.56,4631.28,4078.97,4597.95,4188.72,4240,4207.18,4284.62,4612.31,4385.64,0
4313.85,4014.36,4249.23,4122.05,4340.51,4631.79,4078.97,4602.05,4192.31,4231.79,4202.56,4285.13,4604.62,4384.1,0
4310.77,4013.85,4249.23,4123.59,4338.97,4628.21,4082.56,4597.95,4192.82,4242.56,4204.62,4287.18,4607.18,4390.26,0
4313.85,4018.46,4249.74,4126.67,4340,4628.72,4088.21,4600.51,4196.92,4254.87,4210.77,4289.74,4613.85,4391.79,0
4312.31,4016.41,4246.67,4123.08,4342.05,4629.23,4090.77,4608.72,4203.08,4250.77,4208.21,4285.64,4610.77,4383.08,0
4308.21,4010.77,4243.59,4120.51,4342.05,4631.28,4089.74,4607.69,4201.03,4248.21,4200.51,4283.08,4603.59,4378.97,0
4309.74,4009.74,4246.15,4123.08,4339.49,4632.82,4087.18,4602.05,4195.38,4247.69,4194.87,4287.69,4601.03,4381.54,0
4310.26,4008.72,4246.67,4123.08,4336.92,4624.62,4084.1,4598.97,4188.72,4242.05,4191.79,4289.23,4601.54,4383.59,0
4308.21,4004.62,4243.59,4120.51,4337.95,4620,4079.49,4592.82,4178.46,4235.9,4190.26,4284.62,4599.49,4383.08,0
4307.69,4003.08,4244.62,4121.03,4340.51,4621.54,4076.41,4587.18,4173.85,4231.28,4192.31,4283.59,4595.9,4378.97,0
4304.62,4005.13,4248.72,4123.08,4340,4623.08,4080,4591.28,4183.59,4231.28,4190.77,4286.15,4595.38,4375.38,0
4303.59,4008.72,4246.67,4122.56,4342.05,4624.62,4081.54,4600.51,4190.77,4235.9,4186.15,4285.13,4598.97,4376.41,0
4310.26,4012.82,4245.64,4124.1,4344.1,4626.67,4076.92,4602.05,4195.38,4241.54,4194.36,4284.62,4603.59,4382.56,0
4313.33,4014.87,4247.69,4125.13,4338.46,4627.18,4081.03,4607.69,4210.77,4251.28,4203.08,4288.21,4607.69,4388.72,0
4312.31,4013.85,4247.18,4122.56,4336.92,4630.26,4091.28,4616.92,4211.79,4251.79,4197.95,4290.26,4610.77,4387.69,0
4311.79,4014.36,4245.13,4122.05,4343.08,4634.36,4088.72,4606.67,4192.31,4238.46,4198.46,4287.69,4608.21,4379.49,0
4309.74,4016.41,4247.18,4123.59,4342.05,4631.79,4082.56,4593.33,4186.15,4238.97,4206.15,4286.67,4605.64,4377.95,0
4311.28,4016.41,4248.72,4123.08,4341.54,4632.31,4083.59,4601.03,4194.36,4253.33,4205.13,4292.31,4612.82,4390.26,0
4316.92,4015.9,4247.18,4123.08,4344.62,4631.79,4084.1,4605.13,4193.85,4253.85,4201.54,4290.26,4614.36,4391.28,0
4310.77,4014.36,4246.67,4125.13,4346.15,4630.26,4083.59,4594.87,4190.26,4244.1,4198.46,4278.97,4605.64,4372.82,0
4299.49,4011.79,4243.59,4124.62,4347.18,4632.31,4085.64,4594.87,4192.31,4243.08,4191.28,4274.36,4602.05,4366.15,0
4300.51,4013.85,4239.49,4123.08,4346.15,4632.31,4084.62,4598.97,4192.82,4250.77,4193.85,4281.03,4608.21,4381.03,0
4305.64,4015.9,4242.05,4121.54,4339.49,4630.26,4082.56,4600,4200,4258.97,4206.15,4286.15,4612.82,4391.28,0
4308.21,4012.82,4246.67,4121.03,4338.97,4631.79,4084.1,4603.59,4207.18,4258.97,4206.15,4287.18,4613.33,4387.18,0
4310.26,4010.77,4247.18,4122.56,4342.56,4632.82,4086.67,4608.21,4204.62,4252.82,4202.56,4290.26,4613.33,4384.62,0
4307.18,4010.77,4246.15,4122.56,4337.44,4627.69,4087.18,4613.85,4204.62,4251.28,4208.21,4293.33,4613.33,4382.56,0
4303.59,4006.67,4244.62,4121.03,4334.36,4625.64,4086.15,4617.44,4203.59,4252.31,4208.21,4290.26,4613.85,4376.92,0
4304.1,4003.59,4243.59,4120,4337.44,4630.77,4086.67,4611.28,4191.79,4245.13,4198.46,4284.62,4609.74,4374.36,0
4307.69,4007.18,4245.64,4120.51,4340,4632.31,4084.62,4603.08,4188.72,4237.44,4197.95,4282.56,4607.18,4380.51,0
4313.85,4015.38,4249.23,4124.1,4345.13,4626.67,4078.46,4603.08,4203.59,4245.64,4209.23,4287.69,4613.33,4387.18,0
4318.97,4019.49,4250.26,4127.18,4347.69,4621.03,4072.31,4602.56,4207.69,4257.44,4215.38,4292.31,4622.05,4387.18,0
4314.36,4017.95,4249.23,4131.79,4344.1,4623.59,4066.67,4596.41,4197.95,4253.33,4210.77,4285.64,4621.03,4382.05,0
4307.18,4014.87,4247.18,4132.82,4346.67,4623.59,4064.1,4592.82,4196.41,4247.18,4205.13,4280,4612.82,4376.92,0
4304.1,4015.38,4248.21,4129.23,4350.26,4620,4068.21,4595.38,4194.87,4251.28,4203.59,4282.05,4609.74,4376.41,0
4300.51,4014.36,4248.21,4126.67,4344.1,4621.03,4080.51,4600,4192.82,4251.28,4203.08,4277.95,4607.69,4372.31,0
4296.92,4011.79,4241.54,4124.1,4339.49,4621.54,4087.69,4604.62,4196.41,4242.56,4197.95,4274.87,4601.03,4366.15,0
4297.44,4011.28,4238.46,4125.64,4343.59,4623.59,4086.15,4605.64,4195.38,4239.49,4193.33,4278.97,4599.49,4368.21,0
4298.46,4012.82,4244.62,4131.28,4342.56,4626.15,4085.13,4599.49,4185.13,4239.49,4194.87,4279.49,4599.49,4374.36,0
4296.92,4009.74,4248.72,4129.23,4336.92,4621.54,4081.03,4592.82,4184.1,4235.9,4194.36,4278.97,4594.36,4369.74,0
4297.95,4004.1,4247.18,4119.49,4337.95,4618.97,4075.38,4597.44,4194.87,4234.36,4190.77,4282.56,4593.33,4361.03,0
4304.1,4011.28,4248.72,4124.62,4343.59,4625.13,4074.36,4606.67,4198.97,4237.95,4194.36,4284.62,4600.51,4370.26,0
4310.26,4024.1,4252.31,4137.95,4344.62,4624.1,4071.79,4602.05,4193.85,4242.05,4203.59,4286.15,4608.21,4382.56,0
4312.31,4022.56,4250.77,4140.51,4344.1,4620.51,4068.72,4591.28,4191.79,4243.59,4206.67,4287.69,4612.31,4379.49,0
4311.79,4016.92,4250.26,4137.44,4348.72,4627.18,4075.38,4600.51,4197.95,4248.21,4208.21,4291.79,4614.36,4378.97,0
4314.87,4019.49,4254.87,4138.97,4348.72,4630.77,4081.54,4611.28,4197.44,4252.31,4209.74,4295.38,4611.79,4385.64,0
4313.33,4018.46,4254.36,4134.87,4343.59,4627.69,4080.51,4602.05,4188.72,4247.18,4201.54,4290.26,4605.13,4377.95,0
4304.62,4011.79,4248.21,4125.64,4345.64,4630.26,4083.59,4594.87,4189.74,4242.56,4195.9,4281.54,4600.51,4367.69,0
4300.51,4011.79,4245.13,4124.62,4350.77,4636.92,4089.74,4605.64,4199.49,4244.1,4197.44,4279.49,4600,4369.74,0
4300.51,4011.79,4246.67,4126.15,4349.74,4635.9,4087.69,4609.23,4202.05,4246.15,4193.33,4281.03,4599.49,4369.74,0
4296.41,4007.18,4245.13,4123.59,4344.1,4628.72,4078.97,4596.41,4187.18,4237.44,4184.62,4277.95,4592.31,4363.08,0
4297.44,4005.13,4244.62,4123.59,4343.08,4624.62,4077.95,4589.74,4174.87,4227.18,4183.08,4273.33,4583.59,4360,0
4308.21,4007.69,4249.74,4126.67,4344.62,4625.64,4082.05,4596.41,4183.08,4230.77,4190.77,4279.49,4589.74,4369.74,0
4309.23,4007.69,4251.79,4130.26,4345.13,4625.13,4080,4596.41,4185.13,4240,4196.92,4288.72,4601.03,4378.97,0
4305.13,4007.18,4247.69,4133.33,4344.1,4623.59,4075.38,4590.77,4178.46,4236.41,4198.97,4288.72,4601.03,4376.41,0
4314.87,4020.51,4250.77,4135.38,4345.64,4626.67,4076.92,4598.46,4191.79,4234.87,4204.1,4289.23,4602.56,4383.59,0
4334.87,4038.46,4264.62,4142.56,4350.77,4633.85,4085.64,4612.31,4212.31,4252.31,4211.79,4296.92,4616.41,4406.67,0
4350.26,4044.62,4277.44,4152.82,4354.36,4637.95,4089.74,4611.28,4207.69,4262.56,4219.49,4304.1,4628.72,4421.54,0
4358.46,4047.69,4279.49,4154.36,4353.85,4633.85,4084.1,4605.13,4198.97,4250.77,4223.59,4307.69,4630.77,4424.62,0
4367.18,4061.03,4278.46,4152.31,4354.36,4628.72,4076.92,4602.05,4200,4246.15,4221.54,4305.13,4630.77,4431.28,0
4380,4075.9,4278.97,4160,4357.44,4632.31,4076.41,4593.85,4196.41,4250.26,4220,4305.13,4633.85,4441.54,0
4391.79,4083.59,4282.56,4169.74,4357.95,4630.77,4080.51,4590.26,4194.87,4249.74,4224.62,4310.77,4640,4448.72,0
4397.95,4080.51,4282.05,4170.77,4351.28,4622.05,4083.08,4595.38,4191.28,4244.62,4225.13,4307.69,4641.03,4451.28,0
4403.59,4079.49,4278.97,4166.67,4343.59,4620.51,4078.97,4591.28,4179.49,4234.87,4215.38,4300.51,4634.87,4455.9,0
4410.26,4090.77,4276.92,4169.23,4343.08,4624.1,4074.87,4583.59,4173.33,4225.13,4209.23,4301.54,4630.26,4461.54,0
4416.41,4097.95,4276.92,4171.79,4343.08,4620,4074.87,4586.15,4175.38,4224.1,4211.79,4306.67,4629.74,4462.56,0
4427.18,4096.41,4284.1,4168.21,4336.92,4612.82,4071.79,4587.69,4174.36,4228.72,4213.85,4309.74,4630.77,4468.72,0
4437.44,4099.49,4293.33,4173.33,4335.38,4614.87,4068.21,4585.64,4171.79,4224.62,4215.38,4313.85,4633.85,4481.54,0
4448.72,4116.41,4300.51,4186.15,4344.1,4617.44,4069.74,4584.62,4173.85,4223.08,4222.56,4316.92,4640,4490.26,0
4456.92,4128.21,4303.08,4191.28,4348.72,4614.36,4070.77,4580.51,4178.46,4230.26,4227.18,4316.41,4645.13,4492.82,0
4455.38,4124.1,4302.05,4187.69,4345.13,4613.85,4070.77,4582.05,4188.72,4239.49,4230.77,4316.41,4651.28,4495.38,0
4451.79,4121.03,4297.44,4185.13,4343.08,4616.41,4073.85,4594.87,4201.03,4246.67,4238.46,4318.46,4656.41,4493.33,0
4453.85,4121.03,4296.92,4184.62,4343.59,4614.87,4075.9,4601.03,4201.54,4250.77,4235.38,4317.95,4655.38,4488.21,0
4451.28,4114.87,4294.36,4183.08,4340.51,4614.36,4077.95,4594.87,4190.26,4242.05,4224.1,4311.28,4650.26,4484.1,0
4441.54,4112.31,4286.15,4181.54,4337.44,4614.36,4077.95,4589.23,4176.41,4227.18,4222.56,4307.69,4647.18,4481.03,0
4443.08,4123.08,4284.1,4184.62,4340.51,4604.62,4069.74,4582.05,4169.74,4228.21,4224.1,4304.62,4648.72,4483.59,0
4450.77,4124.62,4285.13,4185.64,4344.1,4602.56,4068.72,4573.85,4163.59,4234.36,4223.08,4301.03,4651.79,4489.74,0
4445.64,4111.28,4282.56,4177.44,4342.05,4613.85,4075.38,4574.87,4164.62,4232.82,4226.67,4303.59,4651.79,4486.15,0
4429.74,4093.33,4280,4167.18,4337.44,4617.44,4075.38,4584.1,4182.56,4235.38,4229.74,4307.69,4649.23,4474.36,0
4422.05,4084.62,4280,4165.64,4338.97,4615.38,4076.41,4596.41,4204.1,4244.1,4226.67,4305.64,4649.23,4470.26,0
4430.26,4092.82,4280.51,4169.74,4343.59,4618.97,4084.1,4608.21,4213.85,4249.74,4222.56,4302.56,4645.64,4472.82,0
4431.79,4095.9,4278.46,4169.23,4343.08,4620,4082.56,4605.13,4200.51,4245.64,4216.92,4299.49,4641.54,4472.31,0
4424.1,4088.72,4276.92,4166.15,4340.51,4615.9,4076.41,4592.31,4184.1,4239.49,4218.46,4297.44,4646.15,4471.28,0
4431.79,4090.77,4283.59,4173.33,4343.59,4614.87,4080,4595.38,4195.9,4250.26,4234.36,4309.74,4658.97,4483.59,0
4448.21,4100.51,4300.51,4186.67,4346.15,4610.26,4077.95,4605.13,4204.1,4268.21,4248.72,4328.72,4673.85,4497.95,0
4446.15,4099.49,4303.08,4186.15,4341.54,4604.1,4067.69,4593.33,4180.51,4257.95,4244.1,4325.13,4673.33,4489.74,0
4430.26,4091.79,4288.21,4173.85,4337.44,4607.18,4068.21,4577.44,4165.64,4238.46,4229.23,4308.21,4656.92,4472.31,0
4423.59,4086.15,4279.49,4167.18,4336.41,4608.21,4074.36,4576.41,4174.36,4241.54,4226.15,4307.69,4649.23,4471.79,0
4426.15,4081.03,4280.51,4169.74,4336.41,4608.21,4071.79,4575.9,4175.9,4245.13,4234.87,4316.92,4655.38,4479.49,0
4423.59,4075.9,4277.44,4166.67,4335.9,4611.79,4070.77,4574.36,4176.92,4240.51,4233.85,4310.77,4655.9,4471.79,0
4413.85,4069.23,4271.28,4156.41,4333.85,4610.26,4073.33,4577.44,4182.56,4241.54,4223.08,4299.49,4650.26,4464.1,0
4412.31,4066.15,4274.36,4158.46,4334.87,4607.69,4071.79,4581.03,4181.03,4238.97,4224.1,4302.56,4649.74,4470.26,0
4420.51,4066.67,4281.54,4167.69,4342.05,4611.79,4071.79,4588.21,4185.13,4229.23,4226.67,4311.79,4647.69,4473.33,0
4428.21,4069.74,4287.18,4171.28,4345.64,4610.77,4073.85,4597.95,4194.36,4237.44,4226.15,4314.36,4649.74,4475.38,0
4432.82,4071.79,4293.85,4175.38,4343.08,4597.95,4068.72,4592.31,4192.82,4253.85,4235.38,4316.41,4664.62,4484.62,0
4434.36,4070.77,4296.41,4177.95,4343.08,4596.41,4064.1,4583.59,4183.08,4254.36,4245.64,4321.03,4676.41,4488.21,0
4430.77,4067.69,4291.79,4171.79,4344.1,4609.23,4070.26,4586.67,4181.03,4249.74,4241.03,4314.87,4670.77,4480.51,0
4423.59,4064.62,4284.62,4168.72,4344.1,4617.95,4077.95,4586.67,4181.54,4246.67,4230.77,4303.08,4658.46,4472.31,1
4416.92,4062.05,4279.49,4172.82,4346.15,4617.95,4077.44,4580.51,4175.38,4240,4224.62,4298.46,4652.31,4466.67,1
4409.23,4058.97,4276.92,4170.77,4345.64,4617.44,4074.87,4585.64,4178.97,4235.38,4222.56,4293.85,4650.26,4458.46,1
4407.18,4053.85,4275.38,4162.05,4342.56,4619.49,4075.9,4596.92,4189.74,4240,4226.67,4291.28,4655.9,4459.49,1
4412.82,4053.33,4275.9,4161.54,4342.05,4613.33,4072.31,4593.85,4192.31,4244.1,4231.28,4294.87,4664.62,4466.67,1
4416.41,4057.95,4278.46,4167.69,4344.1,4604.1,4062.05,4587.18,4192.82,4247.18,4230.26,4295.38,4663.59,4468.21,1
4415.38,4058.97,4277.95,4167.18,4344.62,4602.56,4055.38,4588.72,4200,4253.85,4233.33,4295.9,4663.59,4471.79,1
4415.9,4053.33,4278.46,4161.54,4345.64,4601.54,4059.49,4587.69,4198.97,4255.9,4241.54,4302.56,4671.28,4477.44,1
4415.38,4048.21,4281.54,4158.46,4347.69,4600,4069.23,4585.13,4185.13,4252.82,4240,4306.15,4671.28,4472.31,1
4408.21,4043.08,4273.33,4154.36,4347.69,4604.62,4073.33,4584.1,4176.41,4242.05,4229.74,4299.49,4660,4461.03,1
4403.59,4040,4264.62,4151.28,4345.64,4612.31,4073.33,4580.51,4171.79,4230.26,4221.54,4292.31,4648.21,4456.41,1
4403.08,4035.9,4264.1,4148.72,4346.15,4614.87,4072.82,4577.44,4170.77,4226.15,4218.46,4289.23,4641.54,4452.82,1
4400,4030.77,4263.08,4139.49,4347.69,4614.87,4073.85,4581.03,4174.36,4227.69,4222.05,4292.31,4646.67,4453.33,1
4395.38,4029.23,4262.56,4136.41,4347.18,4613.33,4075.9,4585.64,4179.49,4234.36,4229.74,4299.49,4657.44,4456.41,1
4394.36,4025.64,4264.62,4140.51,4350.26,4615.9,4075.9,4588.21,4183.59,4241.03,4232.82,4299.49,4654.87,4451.28,1
4397.44,4022.56,4265.64,4138.46,4356.92,4617.95,4074.87,4593.33,4191.28,4247.18,4232.82,4295.9,4653.85,4453.85,1
4404.62,4028.72,4266.15,4138.46,4358.97,4608.21,4074.87,4602.56,4206.15,4259.49,4242.05,4300,4671.79,4469.23,1
4407.18,4031.28,4268.72,4140.51,4356.41,4600,4072.82,4604.1,4211.79,4269.23,4250.77,4308.72,4685.13,4470.26,1
4400,4024.1,4266.15,4137.95,4356.92,4602.56,4073.85,4594.87,4193.33,4262.56,4245.64,4307.18,4674.87,4457.44,1
4396.92,4024.62,4264.62,4138.97,4361.54,4606.67,4076.41,4586.67,4180.51,4250.77,4237.95,4300,4663.59,4457.44,1
4401.54,4027.18,4266.67,4138.97,4355.9,4608.21,4076.92,4587.69,4186.67,4248.72,4237.44,4302.05,4665.13,4462.56,1
4397.95,4014.87,4263.59,4127.69,4346.15,4609.23,4075.38,4589.74,4186.67,4246.67,4236.41,4304.62,4665.64,4461.03,1
4393.85,4007.18,4260.51,4121.54,4350.77,4606.67,4072.82,4585.64,4177.95,4241.54,4233.33,4301.54,4664.62,4460,1
4391.79,4008.72,4257.95,4123.08,4351.79,4607.69,4075.9,4585.13,4177.44,4233.85,4228.21,4295.9,4657.95,4451.79,1
4384.1,4004.1,4254.36,4119.49,4346.15,4614.36,4085.13,4589.74,4182.05,4229.23,4220.51,4293.33,4646.15,4442.56,1
4389.23,4006.67,4262.56,4123.08,4353.33,4609.74,4082.56,4591.28,4187.18,4235.9,4225.13,4297.95,4651.28,4456.41,1
4406.15,4015.38,4276.41,4133.85,4360.51,4598.97,4073.85,4592.82,4196.92,4251.28,4246.15,4309.74,4676.41,4480.51,1
4410.26,4012.31,4278.46,4133.33,4356.92,4601.54,4075.9,4600,4201.54,4257.44,4253.85,4315.9,4687.69,4481.03,1
4404.62,4012.31,4275.9,4131.79,4361.03,4608.72,4082.05,4598.97,4195.9,4248.72,4243.59,4311.79,4674.87,4469.74,1
4403.59,4018.97,4277.44,4137.44,4366.67,4608.21,4082.05,4593.33,4192.31,4246.15,4244.1,4309.23,4666.67,4471.79,1
4404.1,4011.28,4276.92,4136.92,4361.54,4608.21,4082.05,4595.9,4191.28,4255.9,4252.82,4313.85,4674.36,4478.97,1
4406.15,4005.64,4277.44,4133.85,4359.49,4613.85,4084.62,4598.46,4194.36,4261.03,4253.33,4318.46,4681.03,4480,1
4407.18,4012.31,4279.49,4136.41,4362.05,4617.44,4086.67,4601.54,4204.1,4256.92,4250.26,4315.38,4677.44,4477.95,1
4405.64,4010.26,4278.97,4134.36,4357.95,4616.92,4091.79,4612.31,4212.31,4258.46,4249.74,4312.82,4674.36,4476.92,1
4408.72,4012.31,4278.97,4134.36,4358.97,4614.36,4092.82,4617.44,4210.77,4265.64,4250.26,4316.92,4678.46,4478.46,1
4406.15,4020,4280,4137.44,4362.56,4611.28,4084.62,4611.28,4204.62,4266.67,4247.18,4314.87,4675.38,4471.28,1
4394.87,4010.26,4276.41,4131.28,4358.97,4608.21,4082.56,4608.72,4204.62,4260,4241.03,4302.05,4664.1,4457.95,1
4390.26,3998.46,4268.21,4123.08,4356.92,4605.13,4083.59,4608.21,4206.67,4254.36,4237.95,4298.46,4663.08,4457.95,1
4389.74,4004.62,4264.1,4122.05,4356.41,4602.56,4080,4600,4197.95,4255.9,4234.36,4304.1,4663.59,4457.95,1
4383.08,4008.72,4264.1,4122.56,4352.82,4604.1,4077.95,4594.36,4190.26,4254.36,4226.15,4295.9,4653.33,4446.15,1
4382.56,4009.23,4263.59,4122.56,4353.85,4606.15,4078.97,4594.36,4192.82,4244.62,4223.59,4287.18,4642.05,4440,1
4388.21,4012.82,4263.08,4126.67,4359.49,4606.67,4081.03,4595.38,4192.82,4241.03,4225.64,4293.33,4641.03,4440.51,1
4388.21,4013.33,4264.62,4130.77,4360.51,4611.28,4085.64,4598.97,4193.85,4248.21,4224.1,4302.05,4645.64,4441.03,1
4384.62,4010.26,4265.13,4131.28,4361.54,4614.87,4086.15,4604.62,4201.54,4250.77,4222.05,4297.44,4641.54,4438.46,1
4381.03,4008.72,4262.05,4125.64,4363.08,4609.23,4079.49,4601.54,4200,4242.05,4220,4288.21,4631.79,4432.82,1
4382.05,4008.21,4262.05,4123.59,4360.51,4607.18,4076.92,4594.36,4189.74,4240.51,4222.56,4289.74,4638.97,4441.03,1
4388.21,4008.21,4264.1,4126.67,4359.49,4614.36,4077.44,4594.36,4188.21,4246.67,4228.72,4296.41,4654.87,4450.77,1
4390.77,4011.28,4261.54,4126.67,4361.54,4615.9,4072.82,4591.79,4186.15,4242.56,4224.62,4293.85,4646.15,4440,1
4386.15,4011.79,4258.46,4123.59,4359.49,4611.28,4070.26,4588.72,4186.67,4233.85,4216.41,4285.64,4630.26,4429.74,1
4381.54,4003.59,4258.46,4123.59,4356.92,4610.26,4072.82,4595.9,4197.44,4240.51,4222.05,4287.18,4641.54,4442.56,1
4380.51,4003.08,4259.49,4124.62,4357.44,4609.74,4071.79,4596.41,4193.85,4246.15,4226.15,4292.82,4648.21,4443.59,1
4377.95,4005.13,4258.97,4122.56,4354.87,4606.15,4068.72,4584.62,4177.44,4232.31,4213.85,4288.72,4628.72,4426.15,1
4375.38,3999.49,4260,4120.51,4350.77,4605.13,4071.79,4588.21,4185.13,4225.64,4210.77,4284.62,4621.54,4424.62,1
4375.9,3998.46,4263.08,4122.56,4356.92,4609.74,4073.85,4604.1,4204.62,4242.05,4224.1,4289.74,4640.51,4433.33,1
4377.95,4004.62,4263.08,4125.64,4362.56,4615.9,4074.87,4602.05,4201.03,4252.31,4231.28,4295.9,4652.31,4437.44,1
4380.51,4004.1,4264.62,4124.62,4358.97,4615.38,4078.46,4592.82,4190.77,4244.62,4225.64,4297.44,4645.13,4435.9,1
4381.54,4005.64,4266.15,4128.21,4357.95,4607.69,4077.44,4593.33,4191.79,4238.97,4218.46,4294.36,4634.87,4431.28,1
4381.54,4008.72,4268.21,4136.41,4362.05,4602.56,4070.77,4594.87,4192.31,4239.49,4218.46,4290.26,4633.85,4431.79,1
4382.56,4002.56,4271.28,4134.87,4358.46,4601.03,4065.13,4589.74,4191.28,4242.56,4223.59,4293.85,4642.56,4441.03,1
4380.51,3997.44,4269.74,4124.1,4350.26,4599.49,4066.67,4584.1,4187.18,4242.05,4222.05,4297.95,4642.56,4440,1
4371.79,3993.33,4263.08,4117.44,4347.69,4599.49,4071.79,4589.23,4191.79,4237.44,4215.38,4293.33,4631.79,4426.67,1
4369.74,3985.13,4263.59,4117.95,4349.74,4600.51,4074.87,4603.59,4206.15,4242.56,4222.05,4294.87,4635.9,4429.23,1
4374.36,3988.72,4265.13,4121.54,4353.33,4602.05,4070.26,4601.03,4194.87,4244.1,4225.64,4297.44,4644.62,4434.36,1
4366.67,3991.28,4257.95,4121.03,4349.74,4602.05,4063.59,4578.97,4166.67,4226.15,4210.26,4286.67,4625.64,4416.92,1
4357.95,3986.15,4256.92,4118.97,4346.15,4601.03,4060.51,4573.85,4171.79,4220.51,4204.1,4281.03,4610.77,4411.79,1
4363.59,3989.74,4264.62,4122.56,4352.82,4599.49,4060,4591.79,4193.85,4238.97,4217.44,4287.69,4630.26,4428.21,1
4366.15,3992.82,4263.59,4124.1,4356.41,4605.64,4066.15,4604.62,4197.44,4249.74,4225.64,4290.77,4644.1,4430.77,1
4364.1,3984.1,4263.08,4120.51,4352.31,4610.77,4071.79,4602.05,4191.79,4246.15,4222.56,4293.33,4638.46,4425.13,1
4369.74,3984.1,4269.23,4121.03,4352.31,4604.1,4064.62,4593.85,4188.21,4244.62,4225.64,4296.92,4640,4431.79,1
4367.69,3992.31,4265.13,4122.56,4353.33,4597.95,4056.41,4594.36,4191.79,4245.13,4228.21,4293.33,4643.08,4432.82,1
4355.9,3985.13,4252.31,4121.54,4348.21,4603.08,4061.54,4596.92,4194.87,4243.08,4220,4287.18,4638.46,4420.51,1
4355.38,3976.41,4253.33,4120.51,4346.15,4611.28,4071.28,4592.31,4183.59,4234.36,4210.26,4284.1,4629.74,4414.87,1
4360.51,3980,4262.56,4121.03,4347.69,4610.26,4073.85,4592.82,4180.51,4228.21,4206.15,4282.56,4618.97,4414.87,1
4360,3983.08,4263.59,4121.03,4346.15,4607.69,4071.28,4600,4190.26,4231.79,4207.18,4284.1,4615.38,4414.87,1
4363.08,3980.51,4261.54,4121.03,4343.08,4607.69,4070.26,4600,4187.69,4233.85,4209.23,4286.15,4623.59,4419.49,1
4369.74,3982.05,4264.62,4122.56,4344.1,4606.15,4070.77,4594.36,4176.92,4235.38,4208.21,4286.67,4626.15,4422.56,1
4368.21,3989.23,4266.67,4124.1,4345.64,4608.72,4069.23,4587.69,4174.87,4235.38,4207.18,4286.67,4622.05,4416.92,1
4363.08,3990.77,4265.13,4123.59,4346.67,4610.77,4065.64,4585.13,4182.56,4229.23,4208.72,4284.62,4622.05,4416.41,1
4364.62,3986.67,4266.67,4123.59,4353.33,4605.64,4064.62,4590.26,4190.26,4235.9,4213.33,4288.72,4631.28,4426.15,1
4364.62,3987.69,4267.69,4124.62,4358.46,4605.64,4065.13,4595.38,4187.18,4248.21,4215.9,4295.38,4635.38,4424.62,1
4360.51,3989.23,4262.05,4124.1,4352.82,4613.85,4066.15,4592.31,4180,4240,4211.28,4291.79,4628.21,4415.9,1
4358.97,3982.56,4257.44,4123.59,4350.77,4615.38,4070.26,4594.36,4188.21,4230.77,4208.21,4284.1,4626.67,4415.9,1
4360.51,3981.54,4260.51,4124.62,4355.38,4611.28,4071.79,4607.69,4206.67,4242.56,4212.82,4286.67,4633.33,4420,1
4361.03,3984.1,4264.1,4125.13,4353.33,4608.21,4071.79,4613.33,4211.28,4251.28,4220.51,4295.38,4636.41,4424.1,1
4358.46,3975.9,4264.1,4122.56,4348.21,4607.69,4073.85,4603.08,4196.41,4247.18,4223.59,4296.92,4637.44,4423.59,1
4356.92,3975.38,4265.13,4121.03,4349.23,4608.72,4070.77,4589.74,4181.03,4241.54,4219.49,4294.36,4636.41,4420,1
4361.03,3988.72,4265.64,4125.13,4349.74,4605.64,4067.18,4589.74,4187.69,4237.95,4214.36,4292.82,4627.18,4417.95,1
4362.56,3988.72,4263.59,4127.18,4347.18,4603.08,4069.74,4596.41,4195.38,4236.92,4211.79,4292.31,4620,4416.92,1
4355.9,3977.44,4262.56,4123.08,4344.1,4604.62,4068.72,4591.79,4180,4234.36,4208.21,4289.74,4622.05,4414.87,1
4353.85,3977.95,4264.1,4122.56,4343.59,4601.54,4063.59,4583.08,4167.69,4228.72,4206.15,4288.21,4623.08,4417.44,1
4361.54,3982.56,4266.67,4127.69,4349.74,4600.51,4067.18,4589.23,4183.08,4230.26,4214.87,4295.38,4627.69,4421.54,1
4363.59,3981.03,4268.21,4127.69,4351.28,4603.59,4071.28,4604.62,4203.59,4241.54,4220.51,4301.03,4632.82,4418.46,1
4356.41,3976.41,4267.18,4123.59,4344.1,4601.54,4068.21,4607.69,4200,4245.64,4212.31,4294.36,4629.23,4410.77,1
4348.72,3975.9,4263.59,4123.08,4341.54,4601.03,4069.23,4600.51,4187.18,4231.28,4205.13,4284.62,4616.92,4401.54,1
4346.15,3975.9,4261.54,4124.1,4343.59,4603.08,4069.23,4598.46,4188.21,4223.59,4201.54,4282.56,4610.77,4397.95,1
4342.05,3971.28,4260.51,4120.51,4341.54,4602.05,4064.62,4597.95,4192.31,4230.26,4197.44,4286.15,4613.33,4398.97,1
4332.82,3964.62,4254.36,4113.33,4338.97,4600,4065.64,4591.28,4181.54,4228.72,4196.92,4282.56,4610.26,4392.31,1
4326.15,3956.92,4248.72,4108.21,4340,4601.03,4070.26,4586.67,4172.31,4217.44,4196.92,4274.87,4601.54,4383.08,1
4326.15,3953.33,4248.72,4106.15,4337.44,4601.54,4072.31,4592.82,4180.51,4216.92,4192.82,4277.44,4597.95,4385.64,1
4326.67,3953.85,4249.74,4105.64,4333.33,4602.05,4069.74,4598.97,4188.21,4224.1,4192.82,4283.08,4596.41,4387.69,1
4326.67,3954.36,4248.72,4106.67,4336.41,4604.62,4067.69,4597.44,4184.1,4226.67,4197.44,4281.03,4594.36,4385.13,1
4332.82,3958.46,4250.26,4109.74,4343.08,4604.62,4064.62,4590.77,4180.51,4226.15,4201.54,4281.03,4601.54,4393.85,1
4342.56,3966.67,4256.92,4116.41,4342.05,4601.03,4066.67,4590.26,4185.64,4224.62,4206.15,4287.69,4609.74,4398.46,1
4345.64,3971.79,4263.59,4122.05,4341.03,4601.03,4071.79,4599.49,4192.82,4222.56,4201.54,4289.23,4602.56,4389.23,1
4345.64,3974.87,4267.69,4124.1,4346.67,4602.05,4069.23,4598.46,4189.23,4226.15,4195.38,4285.64,4596.41,4389.74,1
4347.18,3980,4265.64,4122.56,4348.21,4600.51,4064.1,4585.13,4176.92,4228.21,4196.41,4283.59,4600,4393.85,1
4338.46,3973.33,4255.9,4115.9,4342.05,4600.51,4066.15,4586.15,4176.41,4223.59,4195.38,4283.08,4601.54,4388.72,1
4333.33,3964.1,4250.77,4114.36,4343.08,4603.59,4070.26,4596.92,4184.1,4218.97,4193.85,4284.62,4598.97,4389.23,1
4343.08,3974.87,4258.97,4123.08,4348.21,4604.1,4068.21,4595.38,4183.59,4221.54,4199.49,4285.64,4601.03,4395.38,1
4350.77,3991.79,4266.15,4134.36,4346.15,4601.03,4065.13,4589.23,4180.51,4225.64,4205.64,4287.18,4606.67,4396.41,1
4346.15,3988.21,4266.15,4135.38,4344.62,4598.97,4065.64,4593.85,4187.69,4227.18,4207.69,4290.77,4610.26,4397.95,1
4340.51,3978.97,4264.1,4129.23,4348.21,4605.13,4069.23,4602.56,4197.95,4235.9,4211.28,4292.31,4611.28,4398.97,1
4335.9,3981.03,4255.38,4122.05,4348.21,4612.31,4073.85,4600,4187.69,4234.36,4205.13,4283.59,4604.62,4388.72,1
4329.74,3981.54,4246.15,4120.51,4345.13,4610.77,4075.38,4592.82,4171.79,4218.46,4190.26,4272.31,4588.72,4376.41,1
4329.23,3976.92,4248.72,4122.56,4343.59,4603.59,4068.72,4592.82,4178.97,4210.77,4185.13,4269.23,4577.44,4371.79,1
4332.31,3974.36,4256.41,4123.59,4340.51,4598.46,4062.05,4595.9,4187.18,4213.85,4187.18,4273.85,4578.46,4373.85,1
4334.36,3970.77,4262.05,4120,4336.41,4600,4064.1,4592.82,4177.44,4218.97,4188.72,4280.51,4586.15,4381.54,1
4338.46,3975.9,4263.59,4121.03,4339.49,4601.03,4065.64,4587.69,4172.82,4220,4190.77,4280.51,4591.28,4387.18,1
4343.59,3997.44,4260,4132.31,4345.64,4598.46,4058.46,4584.62,4178.46,4217.95,4190.26,4273.33,4589.23,4383.08,1
4349.23,4012.31,4257.95,4141.03,4348.72,4600,4055.9,4584.1,4181.54,4218.97,4189.23,4272.31,4583.59,4377.44,1
4348.72,4002.05,4261.54,4137.95,4347.69,4603.59,4061.54,4592.31,4188.72,4225.64,4194.36,4278.46,4585.64,4382.56,1
4344.1,3989.74,4261.03,4131.79,4347.69,4602.05,4063.08,4600,4190.26,4228.21,4195.9,4276.92,4589.74,4387.69,1
4341.54,3989.23,4260.51,4127.69,4346.67,4604.1,4061.03,4598.46,4180,4220,4186.67,4273.33,4584.62,4379.49,1
4340,3988.72,4261.03,4125.64,4346.67,4608.21,4063.59,4594.87,4178.97,4213.33,4181.54,4275.9,4577.44,4369.74,1
4337.44,3988.21,4255.38,4125.64,4348.21,4606.15,4067.18,4598.97,4189.74,4216.92,4185.64,4272.31,4576.41,4370.26,1
4334.87,3987.69,4248.21,4121.03,4346.67,4602.05,4068.72,4609.23,4197.44,4227.18,4189.74,4270.26,4578.97,4369.23,1
4332.31,3980.51,4246.15,4113.33,4345.64,4603.59,4069.23,4612.82,4193.33,4227.69,4190.26,4276.41,4583.59,4368.21,1
4331.79,3977.44,4251.28,4115.38,4346.67,4608.72,4068.72,4604.62,4186.67,4221.03,4190.26,4281.03,4585.64,4371.28,1
4335.38,3982.56,4256.92,4117.44,4347.69,4608.72,4067.18,4597.95,4187.69,4224.1,4194.87,4281.54,4586.15,4373.33,1
4336.41,3984.62,4254.87,4114.87,4348.21,4603.59,4060.51,4591.28,4184.1,4229.23,4196.41,4278.46,4585.64,4371.28,1
4328.21,3977.44,4246.15,4111.28,4347.18,4602.56,4059.49,4578.97,4165.13,4216.41,4182.56,4267.69,4573.33,4360,1
4316.41,3970.26,4242.56,4108.72,4342.56,4606.67,4067.18,4576.41,4165.13,4205.64,4172.31,4261.03,4560,4349.23,1
4320.51,3970.77,4247.69,4107.18,4342.56,4608.72,4072.82,4592.82,4191.79,4223.08,4188.21,4269.74,4572.82,4360.51,1
4331.28,3978.46,4247.69,4106.67,4348.72,4609.74,4073.33,4608.72,4207.69,4245.13,4209.23,4281.54,4599.49,4380.51,1
4331.79,3982.56,4244.62,4106.67,4351.79,4611.79,4073.85,4611.28,4205.13,4245.64,4210.26,4283.59,4608.72,4382.05,1
4335.9,3988.72,4252.82,4113.85,4353.85,4616.92,4080,4613.33,4201.03,4239.49,4205.13,4284.1,4604.1,4377.95,1
4345.64,3996.92,4260.51,4123.08,4359.49,4619.49,4080,4614.87,4203.59,4245.13,4213.85,4290.26,4610.77,4385.64,1
4338.97,3991.28,4255.38,4115.9,4356.92,4610.26,4072.82,4608.21,4207.18,4256.41,4221.54,4295.9,4624.1,4391.28,1
4327.18,3978.46,4252.31,4106.15,4345.13,4605.13,4075.9,4605.64,4207.69,4260,4217.95,4294.36,4621.03,4384.62,1
4329.23,3976.92,4255.9,4108.72,4340,4613.33,4084.1,4611.79,4205.13,4255.38,4211.79,4289.23,4608.21,4375.38,1
4328.21,3972.82,4251.79,4104.62,4341.03,4615.9,4082.05,4610.77,4201.54,4248.21,4207.18,4280.51,4600,4368.72,1
4319.49,3960.51,4247.18,4091.79,4340,4605.64,4076.41,4601.03,4194.36,4237.95,4199.49,4274.87,4589.74,4364.1,1
4318.46,3955.9,4249.23,4093.33,4339.49,4604.1,4076.41,4597.44,4184.1,4222.05,4188.21,4276.92,4576.41,4361.54,1
4320.51,3960,4249.23,4103.59,4341.54,4611.79,4077.44,4602.56,4187.69,4218.46,4184.62,4277.95,4574.87,4360.51,1
4316.41,3960.51,4247.69,4100.51,4346.15,4613.33,4075.38,4609.74,4200.51,4232.31,4187.69,4274.87,4581.03,4357.95,1
4312.82,3963.08,4252.82,4095.9,4346.67,4607.18,4072.82,4611.28,4201.54,4237.44,4192.82,4275.9,4584.62,4360,1
4317.44,3968.72,4260.51,4101.54,4341.54,4600.51,4071.28,4607.69,4191.28,4231.28,4199.49,4282.05,4592.31,4372.82,1
4320.51,3965.64,4257.44,4102.56,4336.41,4598.46,4068.21,4605.64,4194.36,4232.82,4204.1,4285.64,4602.56,4377.44,1
4316.41,3963.59,4252.82,4098.97,4335.38,4603.08,4069.23,4609.74,4210.77,4245.64,4205.13,4286.67,4601.03,4372.82,1
4319.49,3968.21,4262.56,4102.05,4339.49,4610.26,4078.46,4619.49,4220,4258.97,4210.26,4294.36,4601.03,4380.51,1
4326.15,3970.26,4266.15,4108.72,4344.1,4614.36,4083.59,4625.64,4217.95,4260.51,4216.41,4298.97,4609.23,4385.64,1
4315.9,3965.64,4251.79,4103.08,4342.05,4616.41,4082.56,4623.59,4215.9,4250.77,4210.26,4287.18,4601.03,4367.69,1
4307.18,3960,4244.1,4092.31,4338.97,4617.95,4084.62,4618.46,4209.23,4241.03,4200.51,4277.44,4585.64,4354.87,1
4311.79,3958.97,4248.72,4095.38,4343.59,4615.9,4083.59,4613.85,4195.9,4240,4200,4281.03,4588.72,4360.51,1
4309.74,3961.03,4249.74,4106.15,4346.15,4614.87,4075.9,4610.77,4197.95,4240,4200,4282.56,4594.36,4362.05,1
4299.49,3958.46,4248.72,4101.03,4338.97,4612.82,4073.33,4607.18,4204.62,4235.38,4193.33,4276.92,4586.67,4353.33,1
4295.9,3954.36,4245.64,4089.23,4335.38,4606.15,4076.92,4602.56,4193.85,4227.69,4183.08,4267.69,4577.44,4343.59,1
4296.41,3952.82,4237.95,4092.31,4338.46,4598.97,4075.38,4599.49,4184.62,4223.08,4177.95,4258.46,4568.21,4338.46,1
4291.28,3945.64,4230.77,4091.28,4333.33,4595.9,4069.74,4601.03,4185.64,4218.97,4173.33,4252.31,4559.49,4330.26,1
4285.13,3938.97,4228.21,4082.05,4326.15,4597.95,4068.72,4602.05,4184.62,4214.36,4166.15,4251.79,4557.95,4326.15,1
4288.72,3943.59,4230.77,4084.62,4332.82,4600.51,4070.77,4597.95,4186.67,4220.51,4173.33,4258.97,4566.15,4338.46,1
4294.36,3953.33,4234.36,4092.31,4342.05,4600.51,4072.31,4596.41,4192.31,4230.77,4189.23,4265.13,4578.46,4348.21,1
4292.31,3957.44,4232.82,4091.79,4338.46,4603.08,4073.85,4604.1,4190.77,4230.26,4192.31,4266.15,4584.62,4345.64,1
4293.33,3957.95,4234.87,4088.72,4333.85,4605.64,4075.9,4614.36,4194.87,4233.33,4191.79,4268.72,4587.18,4347.69,1
4301.03,3962.56,4243.08,4092.31,4335.38,4602.05,4074.36,4614.87,4203.08,4244.1,4198.97,4271.79,4594.36,4356.92,1
4300.51,3963.59,4240,4093.33,4332.82,4601.03,4074.36,4610.77,4203.08,4245.13,4202.56,4269.74,4595.38,4355.38,1
4289.23,3957.44,4230.77,4089.23,4329.23,4604.1,4076.41,4613.85,4198.46,4239.49,4197.95,4266.67,4587.69,4342.56,1
4283.59,3951.79,4228.72,4084.62,4330.26,4603.59,4075.38,4613.33,4195.38,4237.95,4192.82,4262.56,4581.54,4334.87,1
4282.05,3948.21,4229.74,4081.54,4330.26,4600.51,4073.85,4603.08,4197.44,4234.36,4188.72,4258.97,4579.49,4334.36,1
4277.44,3946.67,4227.18,4081.03,4328.21,4600.51,4072.31,4596.92,4193.33,4227.69,4183.59,4258.97,4578.46,4332.31,1
4272.82,3948.21,4220.51,4081.54,4330.77,4601.54,4067.69,4595.9,4180.51,4220.51,4177.44,4254.36,4574.87,4324.1,1
4270.26,3949.74,4216.41,4083.59,4334.36,4601.54,4067.18,4594.87,4175.38,4217.95,4170.77,4247.18,4567.18,4317.44,1
4268.72,3950.77,4217.44,4087.18,4334.36,4603.08,4071.28,4599.49,4187.18,4221.03,4170.77,4248.21,4562.05,4321.03,1
4267.69,3947.69,4217.95,4084.62,4330.26,4601.54,4071.28,4608.72,4196.92,4224.62,4175.38,4250.77,4562.05,4321.54,1
4268.72,3937.44,4218.97,4080,4325.13,4598.97,4072.31,4610.77,4193.33,4221.54,4173.33,4249.23,4557.44,4317.44,1
4276.41,3940.51,4228.72,4083.59,4328.72,4601.03,4075.38,4606.67,4190.26,4224.1,4174.87,4255.9,4564.62,4330.77,1
4292.82,3957.95,4241.03,4092.82,4334.36,4602.05,4071.79,4600.51,4186.67,4231.28,4190.26,4267.18,4590.77,4350.77,1
4301.54,3963.08,4245.13,4094.87,4332.82,4600,4067.69,4600,4181.03,4231.79,4198.97,4267.69,4602.56,4353.85,1
4300.51,3963.59,4246.67,4097.44,4336.92,4606.67,4071.79,4605.64,4189.23,4235.38,4200.51,4267.18,4598.97,4352.82,1
4304.62,3972.31,4249.23,4108.21,4344.62,4616.41,4078.97,4615.38,4210.77,4248.21,4209.74,4273.33,4605.13,4357.95,1
4306.67,3972.31,4248.72,4109.74,4340.51,4614.36,4079.49,4624.1,4221.03,4258.46,4215.38,4273.85,4615.38,4359.49,1
4297.95,3961.03,4247.18,4095.38,4331.79,4611.28,4074.36,4623.59,4212.82,4255.9,4208.72,4270.77,4611.28,4353.33,1
4288.72,3952.31,4243.59,4086.67,4330.77,4608.21,4070.77,4615.38,4200,4241.03,4200.51,4271.79,4597.44,4344.62,1
4286.67,3946.15,4237.44,4089.74,4331.79,4604.62,4070.77,4607.18,4188.21,4221.54,4191.28,4267.18,4586.67,4338.97,1
4283.59,3946.67,4235.9,4090.77,4329.23,4605.13,4071.28,4600,4178.97,4217.44,4183.59,4262.05,4582.05,4340,1
4283.59,3956.41,4243.08,4095.38,4332.31,4608.21,4069.74,4592.82,4177.95,4224.62,4187.18,4266.67,4586.67,4344.1,1
4289.23,3959.49,4248.21,4101.54,4339.49,4608.21,4070.77,4593.33,4183.59,4226.67,4193.85,4269.23,4590.26,4344.1,1
4288.21,3956.92,4245.13,4095.9,4338.97,4606.15,4073.33,4603.08,4188.72,4224.62,4194.36,4265.13,4589.74,4342.56,1
4282.05,3955.38,4238.46,4089.23,4331.79,4608.72,4072.31,4607.18,4187.69,4225.13,4189.74,4262.56,4588.21,4339.49,1
4277.95,3952.31,4233.33,4091.28,4330.77,4614.36,4074.87,4605.64,4183.08,4223.08,4183.59,4261.54,4584.1,4333.85,1
4276.92,3952.31,4236.92,4091.28,4333.85,4611.28,4076.92,4606.67,4190.77,4223.59,4185.13,4262.05,4580,4332.31,1
4284.1,3958.97,4246.67,4094.87,4331.28,4602.56,4071.79,4611.79,4204.62,4231.28,4190.77,4268.72,4583.59,4344.1,1
4293.33,3958.46,4249.74,4101.03,4328.21,4603.59,4068.72,4615.9,4202.05,4235.38,4195.9,4277.44,4594.87,4354.36,1
4285.64,3944.62,4239.49,4089.74,4326.67,4607.69,4070.26,4612.31,4189.23,4230.77,4194.36,4273.33,4590.77,4341.03,1
4266.15,3937.44,4228.21,4081.54,4327.18,4601.54,4064.62,4603.08,4184.62,4222.56,4183.59,4258.46,4567.69,4320.51,1
4261.03,3943.59,4227.18,4087.69,4328.72,4600,4055.38,4596.92,4184.62,4220,4175.9,4250.26,4562.05,4321.03,1
4272.82,3951.28,4232.82,4091.79,4328.21,4602.05,4055.38,4592.31,4178.97,4218.46,4184.62,4253.85,4585.64,4338.46,1
4280.51,3956.92,4241.03,4095.38,4329.23,4601.03,4060,4587.18,4172.82,4212.82,4193.33,4259.49,4598.46,4345.13,1
4284.62,3968.21,4249.23,4107.18,4336.92,4602.05,4061.03,4589.74,4173.85,4214.36,4190.77,4266.15,4590.77,4345.64,1
4291.79,3974.36,4250.26,4110.26,4339.49,4603.59,4061.54,4601.54,4183.59,4223.08,4190.77,4273.33,4592.82,4347.69,1
4291.28,3964.62,4247.69,4100.51,4334.36,4601.54,4061.54,4605.13,4185.13,4222.56,4191.79,4268.72,4597.44,4344.62,1
4286.15,3963.08,4248.72,4100,4333.33,4598.97,4061.03,4595.9,4173.33,4214.36,4189.23,4264.62,4589.74,4344.1,1
4289.74,3969.74,4249.23,4104.1,4336.41,4606.15,4066.15,4591.79,4169.23,4208.72,4188.21,4270.26,4581.54,4350.77,1
4296.92,3969.23,4250.26,4104.62,4336.92,4610.77,4072.31,4597.44,4175.9,4211.28,4187.69,4274.36,4583.08,4348.72,1
4295.9,3969.74,4252.82,4106.15,4336.92,4605.64,4072.31,4601.03,4180.51,4220,4189.74,4271.28,4587.69,4343.08,1
4289.23,3972.82,4247.69,4103.08,4337.44,4603.59,4071.79,4605.13,4187.18,4226.67,4194.36,4266.67,4590.77,4344.1,1
4282.05,3967.18,4237.44,4097.44,4336.92,4605.64,4072.31,4606.15,4188.72,4228.21,4196.41,4263.59,4589.23,4341.54,1
4277.95,3962.05,4238.46,4097.95,4333.33,4608.21,4070.26,4600,4183.59,4228.72,4191.28,4261.54,4585.64,4336.41,1
4282.05,3968.21,4247.18,4105.64,4335.38,4613.33,4070.26,4596.41,4186.67,4224.62,4189.23,4266.15,4587.18,4342.05,1
4286.15,3974.87,4250.77,4108.72,4340,4616.41,4070.26,4598.46,4188.72,4222.05,4193.33,4272.31,4590.26,4345.64,1
4282.05,3969.74,4247.69,4106.15,4337.95,4613.33,4070.77,4598.97,4183.59,4228.21,4192.82,4269.74,4587.18,4337.95,1
4277.95,3963.59,4246.15,4104.1,4340.51,4614.36,4075.9,4606.15,4190.26,4234.36,4190.77,4264.62,4586.67,4336.92,1
4287.18,3970.77,4254.36,4111.79,4348.72,4618.46,4082.05,4614.87,4198.97,4237.44,4195.9,4269.74,4598.46,4348.21,1
4298.97,3981.54,4263.59,4120.51,4347.69,4617.44,4078.97,4609.74,4191.79,4238.97,4200,4276.41,4604.1,4352.82,1
4296.41,3977.44,4265.13,4116.41,4344.1,4616.92,4071.28,4597.95,4180.51,4233.85,4193.85,4273.85,4594.87,4347.69,1
4289.23,3972.82,4261.54,4110.77,4344.1,4613.85,4070.26,4600.51,4182.05,4226.67,4191.28,4271.28,4594.36,4345.64,1
4286.15,3977.44,4258.46,4111.79,4338.46,4607.18,4071.28,4610.77,4193.33,4228.21,4197.95,4274.87,4603.59,4346.67,1
4285.64,3974.36,4254.87,4112.31,4334.36,4605.13,4068.72,4606.67,4196.41,4230.77,4199.49,4277.44,4602.05,4346.15,1
4284.1,3968.72,4253.85,4108.21,4336.92,4608.72,4067.69,4599.49,4189.23,4230.26,4196.41,4275.38,4597.95,4345.64,1
4282.56,3971.28,4250.77,4105.13,4335.9,4610.26,4069.74,4603.59,4185.13,4229.74,4197.44,4270.26,4601.03,4344.1,1
4280,3972.31,4245.64,4104.62,4335.38,4605.64,4067.69,4600.51,4181.54,4227.69,4194.87,4264.62,4596.92,4340,1
4280.51,3971.79,4245.13,4106.15,4340.51,4606.15,4063.08,4590.77,4180,4228.21,4189.23,4264.62,4594.36,4343.08,1
4288.21,3977.95,4248.21,4108.72,4345.13,4612.31,4064.1,4595.9,4187.69,4233.33,4193.33,4271.28,4604.62,4350.77,1
4289.23,3982.05,4249.23,4108.72,4344.62,4612.82,4067.69,4605.13,4190.26,4229.74,4198.97,4274.87,4605.64,4347.18,1
4283.08,3978.46,4247.69,4109.74,4340.51,4611.28,4068.21,4604.1,4186.67,4219.49,4193.85,4267.69,4593.33,4342.56,1
4281.54,3978.97,4246.15,4111.79,4337.95,4613.33,4072.31,4607.69,4196.41,4225.13,4191.79,4263.59,4595.38,4346.15,1
4285.13,3981.54,4247.69,4110.26,4341.54,4616.92,4078.97,4616.41,4207.18,4240,4195.38,4268.72,4605.64,4346.67,1
4282.56,3981.03,4248.72,4110.77,4344.1,4615.38,4077.44,4614.87,4200.51,4236.41,4193.85,4268.72,4602.56,4343.59,1
4280,3982.56,4249.74,4117.44,4342.56,4611.79,4068.72,4606.67,4190.77,4229.74,4194.36,4265.13,4600.51,4347.18,1
4284.1,3981.03,4252.31,4117.44,4342.05,4610.26,4068.21,4607.69,4192.82,4234.36,4201.03,4271.28,4607.18,4349.23,1
4284.1,3973.85,4251.28,4108.72,4341.54,4612.82,4076.41,4613.33,4194.36,4235.9,4201.03,4275.9,4606.67,4343.59,1
4279.49,3970.26,4247.69,4103.59,4339.49,4616.41,4077.44,4612.82,4187.69,4229.74,4194.87,4271.28,4601.03,4339.49,1
4282.05,3970.26,4249.74,4104.1,4339.49,4615.38,4072.82,4613.33,4198.46,4233.85,4197.44,4272.31,4605.64,4344.62,1
4289.74,3971.28,4255.9,4106.15,4345.13,4616.41,4076.41,4619.49,4212.31,4246.15,4206.67,4281.54,4612.82,4354.87,1
4291.28,3976.41,4257.95,4110.26,4349.74,4620.51,4082.05,4620,4202.05,4245.13,4210.26,4286.67,4613.33,4360.51,1
4286.15,3978.46,4253.85,4111.79,4346.67,4617.95,4080,4616.41,4191.79,4234.87,4203.08,4280,4608.72,4353.33,1
4278.97,3969.74,4242.56,4102.05,4337.95,4613.85,4075.38,4612.31,4188.21,4224.62,4189.23,4262.56,4595.38,4336.41,1
4274.36,3963.59,4233.33,4093.33,4337.44,4616.92,4069.23,4602.56,4180,4216.41,4175.9,4249.23,4584.62,4326.15,1
4273.33,3968.21,4231.28,4098.46,4341.03,4614.36,4066.67,4597.44,4184.1,4216.92,4175.9,4253.85,4586.67,4332.82,1
4273.85,3974.36,4236.41,4105.13,4340,4606.67,4070.26,4604.62,4193.33,4222.05,4188.21,4266.15,4593.85,4340.51,1
4271.28,3971.79,4240.51,4098.46,4338.97,4607.18,4072.82,4608.72,4188.21,4222.05,4191.28,4265.13,4591.28,4334.36,1
4269.74,3965.13,4237.95,4091.28,4337.44,4608.72,4072.31,4605.64,4194.36,4226.15,4185.64,4257.44,4585.13,4328.72,1
4265.64,3963.08,4234.36,4092.31,4332.82,4606.67,4071.28,4607.18,4204.62,4235.9,4190.26,4258.46,4590.77,4333.33,1
4260.51,3960,4230.77,4088.72,4330.26,4606.67,4070.26,4610.26,4195.38,4230.77,4196.92,4258.97,4597.44,4332.31,1
4264.62,3958.46,4230.26,4084.1,4333.85,4605.64,4067.69,4609.74,4189.23,4221.54,4195.9,4256.92,4597.44,4329.23,1
4265.64,3965.13,4231.28,4083.59,4332.31,4600.51,4063.59,4605.13,4190.26,4225.13,4192.31,4257.95,4597.44,4329.23,1
4260.51,3966.15,4231.28,4083.59,4327.18,4598.97,4058.46,4595.38,4180.51,4222.05,4189.23,4256.92,4598.97,4329.74,1
4262.56,3960.51,4232.31,4086.15,4328.72,4600,4058.46,4587.69,4172.31,4213.33,4189.23,4254.87,4598.97,4331.79,1
4269.74,3964.62,4235.9,4090.77,4333.85,4605.13,4065.13,4590.26,4174.87,4215.9,4192.82,4260.51,4601.03,4335.9,1
4270.26,3973.33,4242.05,4094.36,4337.44,4613.33,4071.79,4600,4186.15,4222.56,4194.36,4267.18,4607.18,4339.49,1
4264.1,3969.74,4245.13,4092.82,4332.82,4616.41,4073.85,4602.05,4193.33,4223.08,4191.79,4266.15,4604.62,4338.97,1
4264.1,3965.13,4243.59,4090.26,4332.31,4613.85,4070.26,4600,4187.69,4225.13,4194.87,4263.08,4602.05,4342.05,1
4275.38,3970.77,4246.15,4095.38,4341.03,4613.85,4067.69,4605.64,4191.28,4234.36,4204.1,4272.31,4611.79,4353.33,1
4286.67,3975.9,4258.46,4104.1,4343.59,4617.95,4074.87,4614.87,4205.64,4244.62,4210.77,4285.64,4620.51,4361.03,1
4280.51,3971.28,4261.03,4100.51,4334.87,4618.97,4084.1,4613.85,4203.08,4243.59,4207.18,4283.08,4612.31,4349.23,1
4264.62,3961.54,4248.21,4089.23,4331.28,4619.49,4087.69,4612.82,4193.85,4231.28,4196.92,4268.72,4600,4335.38,1
4259.49,3961.54,4242.05,4090.26,4334.87,4618.97,4085.64,4618.46,4199.49,4227.69,4193.33,4264.1,4598.46,4336.92,1
4265.13,3966.67,4245.13,4092.31,4331.79,4613.85,4075.38,4614.36,4199.49,4233.33,4192.82,4267.18,4597.95,4337.44,1
4265.64,3966.67,4245.13,4090.26,4331.79,4613.85,4070.77,4607.18,4187.69,4230.77,4192.31,4267.69,4595.9,4336.41,1
4268.72,3971.79,4245.13,4098.97,4342.05,4618.46,4075.38,4610.77,4185.13,4228.21,4200.51,4270.77,4603.59,4348.21,1
4278.97,3980,4248.21,4104.62,4342.56,4618.46,4073.85,4608.72,4191.28,4233.33,4207.18,4276.41,4613.85,4356.41,1
4277.95,3976.92,4244.62,4094.87,4332.82,4614.36,4065.64,4601.03,4193.85,4232.82,4198.97,4272.82,4607.18,4345.64,1
4265.13,3969.74,4235.9,4088.72,4329.74,4610.26,4062.05,4599.49,4189.23,4225.64,4189.23,4265.64,4595.38,4337.44,1
4260.51,3968.21,4235.9,4093.33,4331.28,4607.18,4062.05,4603.59,4188.72,4225.64,4192.31,4267.18,4598.46,4340,1
4267.18,3969.74,4244.62,4096.41,4331.79,4609.74,4061.54,4607.18,4193.33,4230.77,4197.44,4272.31,4604.62,4344.1,1
4270.26,3974.36,4247.69,4096.41,4331.79,4612.31,4060,4609.74,4192.82,4229.23,4196.92,4272.82,4599.49,4346.67,1
4266.15,3971.79,4245.64,4095.38,4329.74,4610.77,4059.49,4609.74,4193.85,4226.15,4195.38,4274.36,4596.92,4349.23,1
4263.59,3964.1,4243.08,4091.28,4327.69,4611.79,4063.59,4606.67,4195.38,4231.28,4195.38,4272.82,4604.1,4348.72,1
4265.13,3964.1,4240.51,4088.72,4331.28,4615.38,4066.15,4603.59,4185.64,4232.31,4194.36,4261.54,4605.64,4347.18,1
4268.21,3972.31,4240,4091.28,4335.9,4615.38,4064.1,4595.38,4174.87,4221.54,4192.82,4260,4602.05,4347.18,1
4270.77,3976.92,4243.59,4096.41,4335.9,4614.87,4065.13,4588.21,4176.41,4214.87,4192.82,4264.62,4598.46,4346.15,1
4269.74,3973.85,4245.13,4094.36,4332.31,4617.44,4067.69,4591.28,4181.03,4214.87,4193.85,4261.54,4595.38,4346.15,1
4267.18,3968.21,4244.62,4089.74,4330.77,4612.82,4063.08,4595.38,4184.62,4216.92,4196.92,4262.56,4600.51,4348.72,1
4264.62,3968.21,4245.64,4090.77,4332.82,4608.21,4061.54,4598.97,4187.69,4223.59,4198.46,4267.69,4606.15,4344.62,1
4262.56,3969.74,4244.1,4094.36,4332.82,4614.36,4068.21,4605.64,4187.18,4227.69,4195.38,4262.56,4598.46,4338.46,1
4262.05,3964.62,4236.92,4092.82,4330.26,4618.97,4071.79,4607.69,4188.21,4224.1,4188.72,4253.85,4588.21,4336.92,1
4262.56,3959.49,4233.33,4090.77,4332.82,4615.38,4072.31,4607.18,4194.87,4223.59,4182.56,4256.92,4589.23,4336.92,1
4257.44,3963.59,4233.85,4091.79,4336.92,4615.38,4074.36,4608.72,4196.92,4225.13,4184.62,4257.95,4590.77,4337.95,1
4252.82,3967.69,4233.85,4091.28,4334.36,4618.97,4072.31,4603.08,4187.69,4223.08,4187.69,4254.87,4590.77,4337.95,1
4258.97,3970.26,4236.41,4093.33,4330.26,4612.82,4066.15,4592.31,4179.49,4224.62,4187.18,4258.46,4594.36,4338.46,1
4265.64,3975.38,4240.51,4095.38,4331.28,4606.15,4066.15,4590.26,4176.92,4223.08,4187.69,4262.56,4596.41,4343.59,1
4263.08,3975.9,4234.87,4092.82,4333.85,4608.21,4068.72,4589.74,4173.33,4215.38,4190.77,4260,4597.44,4343.08,1
4257.95,3970.77,4230.77,4089.74,4332.82,4609.74,4063.59,4586.15,4172.82,4215.38,4191.28,4256.41,4597.95,4337.95,1
4255.38,3968.21,4234.87,4090.77,4330.77,4607.69,4061.54,4586.67,4180,4218.97,4187.18,4261.03,4597.95,4338.46,1
4250.77,3968.72,4233.85,4090.77,4329.74,4606.15,4065.13,4588.72,4177.95,4213.85,4182.05,4262.05,4593.85,4337.95,1
4253.33,3971.28,4237.44,4092.31,4330.77,4603.08,4062.56,4588.21,4175.9,4210.26,4182.05,4261.03,4591.28,4336.41,1
4268.21,3979.49,4253.33,4100.51,4332.31,4601.54,4062.05,4591.79,4188.21,4221.54,4193.33,4269.74,4600,4347.69,1
4273.33,3984.1,4257.95,4107.18,4334.36,4607.69,4071.79,4596.41,4188.21,4230.26,4198.46,4277.95,4611.79,4354.87,1
4267.18,3978.46,4249.23,4106.67,4336.41,4613.85,4074.87,4600,4177.95,4224.1,4194.36,4275.9,4606.15,4344.62,1
4265.13,3974.87,4252.82,4103.59,4333.85,4613.85,4072.82,4608.21,4190.26,4219.49,4193.33,4273.33,4594.87,4338.46,1
4271.28,3978.97,4261.03,4105.64,4335.38,4615.9,4075.38,4611.28,4201.54,4223.59,4195.38,4275.9,4601.03,4348.21,1
4274.36,3985.13,4256.92,4109.23,4343.08,4617.44,4070.77,4600.51,4185.64,4225.13,4192.82,4275.38,4605.64,4353.85,1
4270.26,3983.59,4244.62,4103.08,4341.54,4614.87,4062.56,4595.38,4178.46,4220,4187.18,4269.23,4598.46,4341.03,1
4265.13,3979.49,4236.41,4097.44,4337.44,4612.82,4065.13,4604.62,4189.23,4220.51,4185.64,4263.08,4596.41,4332.82,1
4263.59,3979.49,4238.97,4100.51,4337.95,4612.82,4073.85,4607.69,4188.21,4223.08,4189.23,4260,4601.54,4338.46,1
4263.08,3978.46,4239.49,4097.44,4335.9,4609.74,4074.36,4602.56,4187.18,4222.05,4189.23,4260,4604.1,4341.03,1
4259.49,3974.36,4234.36,4092.82,4336.41,4604.62,4065.64,4597.95,4191.28,4223.08,4189.23,4262.56,4600.51,4338.97,1
4260.51,3978.97,4235.9,4102.05,4342.56,4605.64,4062.56,4595.38,4186.67,4222.05,4193.33,4266.15,4598.97,4341.03,1
4267.18,3986.15,4239.49,4107.18,4345.13,4611.79,4067.69,4601.54,4190.77,4222.05,4194.36,4267.69,4601.54,4340,1
4263.08,3980.51,4233.85,4097.44,4341.54,4616.41,4070.77,4608.21,4200,4224.62,4185.64,4261.03,4602.05,4332.31,1
4253.33,3979.49,4230.77,4095.38,4341.03,4613.85,4071.28,4603.08,4191.79,4224.62,4180.51,4253.33,4597.44,4328.21,1
4254.36,3988.72,4234.87,4105.64,4342.05,4608.21,4070.26,4593.33,4177.95,4217.44,4181.54,4253.85,4597.95,4329.23,1
4257.95,3990.26,4232.82,4108.21,4342.56,4605.13,4067.69,4588.72,4173.33,4210.77,4177.95,4253.85,4596.92,4326.15,1
4257.95,3988.21,4233.33,4105.13,4344.1,4605.64,4067.69,4587.69,4172.82,4206.67,4175.38,4251.28,4591.79,4327.18,1
4259.49,3988.72,4236.41,4105.64,4341.54,4606.67,4070.77,4591.28,4179.49,4205.64,4179.49,4255.38,4591.28,4328.72,1
4255.9,3984.62,4233.85,4100,4337.44,4606.15,4068.72,4594.87,4185.13,4208.72,4180,4257.44,4590.26,4324.1,1
4253.85,3980.51,4233.33,4095.38,4339.49,4606.67,4065.13,4591.28,4180,4211.79,4178.97,4256.41,4592.31,4324.62,1
4261.03,3986.67,4239.49,4103.08,4342.05,4607.18,4063.59,4587.69,4177.95,4213.33,4180,4260.51,4597.95,4329.74,1
4260,3988.72,4238.46,4104.62,4337.95,4603.08,4062.05,4589.23,4176.41,4209.23,4174.87,4258.97,4593.33,4328.21,1
4254.87,3987.18,4234.36,4096.92,4338.46,4603.08,4065.13,4591.28,4177.44,4208.72,4174.87,4254.87,4590.77,4328.72,1
4264.1,3990.77,4242.56,4101.54,4344.1,4606.15,4071.79,4602.05,4192.82,4218.97,4190.26,4265.64,4604.62,4342.56,1
4278.46,3996.41,4252.31,4111.28,4343.59,4605.64,4073.85,4612.82,4203.59,4230.77,4200.51,4280,4615.9,4355.38,1
4279.49,3997.95,4250.77,4108.21,4340.51,4604.1,4071.28,4604.62,4192.31,4229.74,4198.46,4282.05,4614.87,4351.28,1
4272.31,3996.41,4248.21,4105.13,4343.08,4605.13,4067.18,4591.79,4183.08,4222.56,4196.92,4278.46,4616.41,4344.62,1
4271.28,3999.49,4249.74,4115.38,4347.18,4605.64,4065.13,4594.36,4194.36,4227.69,4197.44,4280,4618.46,4347.18,1
4273.33,4002.05,4250.26,4118.46,4348.72,4608.21,4067.18,4605.13,4199.49,4236.92,4197.95,4284.1,4618.97,4349.23,1
4272.82,3999.49,4249.74,4113.33,4346.15,4607.18,4070.26,4603.59,4183.59,4227.69,4197.44,4281.03,4622.56,4345.64,1
4270.26,3995.38,4248.72,4113.85,4343.59,4600.51,4072.82,4595.9,4173.33,4211.28,4191.28,4273.33,4616.41,4337.95,1
4266.15,3990.77,4248.21,4112.31,4345.13,4601.54,4074.87,4600.51,4184.1,4213.85,4184.62,4271.28,4600.51,4333.85,1
4268.21,3989.23,4250.26,4108.72,4344.1,4605.64,4074.36,4603.08,4190.77,4222.56,4187.18,4272.82,4600,4341.54,1
4280,3993.85,4253.33,4114.87,4340,4606.15,4068.72,4596.41,4187.69,4223.59,4193.33,4276.92,4617.44,4357.44,1
4289.23,4001.03,4253.85,4120.51,4343.59,4608.72,4066.15,4595.9,4195.9,4228.72,4198.46,4282.56,4630.26,4366.67,1
4288.72,4001.03,4250.77,4113.85,4344.62,4613.33,4068.21,4597.95,4196.92,4230.26,4196.92,4277.95,4629.23,4365.13,1
4288.21,3998.46,4249.23,4107.69,4334.87,4611.28,4068.72,4597.95,4187.18,4222.56,4192.82,4271.28,4625.64,4363.59,1
4291.28,3998.46,4256.41,4110.26,4334.36,4606.67,4068.72,4607.69,4197.95,4224.1,4194.87,4277.44,4629.23,4366.15,1
4292.31,3998.97,4264.62,4113.33,4340.51,4609.23,4070.77,4618.97,4212.82,4234.36,4202.56,4284.62,4632.31,4368.72,1
4291.79,3998.97,4260,4115.9,4337.44,4613.33,4071.28,4616.41,4206.67,4236.41,4204.62,4284.1,4629.74,4365.13,1
4290.77,4000,4248.72,4115.9,4336.41,4612.31,4067.18,4606.67,4195.38,4232.82,4203.08,4279.49,4631.28,4362.05,1
4289.74,4001.54,4246.15,4112.31,4342.05,4611.79,4066.15,4600.51,4191.79,4229.74,4204.62,4276.92,4636.41,4367.69,1
4292.82,4002.05,4254.87,4113.85,4344.62,4615.9,4067.69,4600.51,4190.77,4228.72,4206.15,4281.54,4637.44,4370.77,1
4294.36,4000.51,4263.08,4118.97,4343.59,4614.36,4068.72,4605.13,4194.36,4228.21,4201.03,4285.13,4632.82,4366.67,1
4289.74,3997.95,4259.49,4116.92,4341.54,4607.18,4068.21,4602.05,4192.82,4224.62,4193.85,4279.49,4627.18,4364.62,1
4287.69,3997.95,4256.92,4115.38,4340,4607.18,4067.69,4592.31,4180.51,4218.97,4192.82,4276.41,4624.62,4365.64,1
4295.38,4000.51,4261.54,4118.46,4340.51,4607.69,4068.72,4595.38,4180,4218.46,4194.87,4277.95,4625.64,4366.15,1
4291.28,3994.87,4257.44,4112.31,4334.87,4602.56,4068.21,4605.64,4195.9,4216.92,4190.77,4276.41,4619.49,4359.49,1
4274.87,3986.15,4249.74,4104.1,4331.28,4600,4067.69,4602.56,4193.85,4211.28,4184.62,4271.79,4611.79,4350.77,1
4276.92,3990.77,4253.33,4109.23,4337.44,4607.18,4069.74,4591.79,4177.95,4212.31,4188.72,4270.77,4617.95,4356.41,1
4289.74,3996.92,4258.46,4115.38,4342.05,4612.31,4072.82,4596.92,4185.64,4222.05,4195.9,4274.87,4628.72,4366.15,1
4289.74,3998.97,4258.97,4119.49,4341.54,4610.77,4073.33,4608.72,4201.54,4231.79,4201.54,4282.56,4634.87,4366.15,1
4283.59,4005.64,4261.54,4124.62,4345.13,4612.82,4070.77,4605.64,4196.41,4229.74,4204.1,4284.62,4636.92,4360,1
4283.08,4008.72,4263.08,4124.62,4349.23,4617.44,4070.26,4603.59,4192.31,4223.59,4201.54,4276.92,4632.82,4355.9,1
4285.64,4001.54,4260,4121.54,4347.69,4612.82,4070.77,4606.15,4196.41,4224.62,4197.44,4271.28,4626.67,4354.36,1
4282.56,3998.46,4258.46,4118.46,4344.62,4609.74,4067.69,4598.97,4186.67,4221.54,4190.77,4271.28,4620.51,4352.31,1
4277.44,4000,4260.51,4113.85,4343.59,4613.85,4065.64,4591.79,4178.46,4210.77,4182.05,4271.79,4612.31,4349.23,1
4280,3996.41,4262.05,4108.72,4343.59,4610.26,4066.67,4592.82,4184.62,4206.67,4183.59,4273.33,4611.28,4351.79,1
4287.69,3992.31,4260,4106.15,4340,4602.05,4066.15,4596.41,4189.23,4213.85,4192.82,4276.92,4619.49,4356.92,1
4288.21,3992.82,4261.03,4108.72,4338.46,4608.21,4068.21,4604.1,4189.74,4220.51,4192.31,4281.54,4623.59,4356.92,1
4285.64,3993.85,4260.51,4108.21,4341.54,4614.36,4073.33,4608.72,4185.13,4217.44,4189.74,4280.51,4618.97,4354.87,1
4285.13,3993.33,4252.82,4102.56,4341.03,4607.18,4072.82,4599.49,4180,4211.28,4193.85,4276.92,4613.33,4355.9,1
4283.08,3993.85,4248.21,4102.05,4335.9,4600,4065.64,4587.69,4177.95,4214.36,4191.79,4275.38,4613.85,4353.85,1
4284.1,3998.97,4248.21,4104.62,4336.92,4602.05,4064.62,4589.74,4177.95,4215.9,4187.69,4273.85,4617.44,4352.31,1
4291.79,4003.59,4250.26,4102.56,4343.59,4609.74,4074.87,4600.51,4184.62,4214.87,4196.92,4277.44,4620.51,4359.49,1
4290.26,3995.9,4251.79,4098.46,4343.08,4615.9,4082.05,4610.26,4197.44,4224.1,4208.21,4286.15,4625.13,4362.56,1
4277.44,3984.1,4249.23,4093.85,4337.44,4616.92,4081.54,4611.28,4194.36,4225.64,4199.49,4284.62,4621.54,4348.72,1
4274.87,3987.69,4247.18,4093.33,4338.46,4615.38,4076.41,4606.15,4182.05,4215.38,4186.67,4271.28,4609.74,4341.03,1
4282.56,3993.33,4248.72,4096.92,4342.56,4613.33,4070.26,4603.08,4192.31,4214.36,4188.21,4269.23,4609.74,4347.69,1
4281.03,3987.18,4248.72,4095.38,4340,4613.85,4069.74,4600.51,4198.46,4217.44,4190.26,4273.85,4615.9,4345.64,1
4272.82,3983.08,4248.72,4090.26,4338.46,4614.36,4071.79,4601.54,4186.15,4216.41,4189.23,4270.77,4615.9,4338.97,1
4271.79,3987.18,4248.21,4088.72,4340.51,4611.28,4071.79,4609.23,4186.15,4223.59,4193.85,4272.82,4617.95,4346.15,1
4280,3990.26,4248.21,4093.33,4338.46,4608.72,4069.74,4608.21,4192.82,4228.72,4198.97,4283.08,4624.62,4356.41,1
4287.69,3992.31,4255.38,4100,4336.92,4614.36,4068.21,4598.97,4186.67,4221.54,4196.92,4283.08,4625.13,4355.9,1
4287.18,3997.44,4258.46,4098.46,4336.92,4615.38,4068.21,4595.38,4177.95,4215.38,4194.36,4273.85,4622.56,4350.77,1
4282.56,3994.87,4250.26,4091.79,4334.87,4607.18,4064.1,4596.41,4179.49,4212.31,4193.85,4273.85,4620,4347.18,1
4279.49,3988.72,4246.67,4092.31,4332.82,4602.05,4060.51,4594.87,4189.74,4216.41,4195.38,4278.46,4617.95,4350.77,1
4283.59,3994.36,4252.82,4097.95,4335.9,4604.1,4063.08,4598.97,4194.87,4226.15,4198.46,4277.95,4624.62,4354.36,1
4284.62,3996.92,4251.28,4092.82,4337.44,4611.28,4066.67,4606.67,4190.26,4223.59,4198.46,4271.79,4623.08,4344.62,1
4270.77,3986.67,4239.49,4081.54,4336.92,4614.36,4067.18,4607.18,4185.64,4212.31,4191.79,4264.1,4610.77,4334.87,1
4266.15,3985.64,4236.41,4084.1,4340.51,4614.87,4065.64,4610.77,4193.85,4216.92,4192.82,4267.18,4613.85,4343.59,1
4281.54,4000,4246.67,4094.87,4342.56,4614.87,4058.97,4612.31,4195.9,4229.23,4204.62,4278.97,4630.77,4356.41,1
4288.21,4004.62,4252.82,4094.36,4340.51,4609.74,4050.77,4601.54,4187.18,4227.69,4209.74,4281.03,4633.33,4356.41,1
4281.03,4000,4247.69,4093.33,4341.03,4609.23,4054.36,4598.46,4188.72,4226.67,4200,4274.36,4626.67,4351.28,1
4280,3997.44,4244.1,4100,4338.97,4614.87,4061.03,4605.64,4193.85,4230.77,4194.36,4271.79,4625.64,4346.15,1
4282.05,3996.41,4245.64,4097.44,4336.92,4612.31,4056.92,4602.56,4189.74,4226.67,4202.05,4271.79,4624.62,4346.67,1
4284.62,4001.03,4246.67,4092.31,4340.51,4607.69,4053.33,4600.51,4191.28,4226.15,4206.15,4271.79,4625.64,4351.79,1
4288.21,4006.67,4248.72,4097.95,4345.13,4614.36,4055.38,4609.23,4199.49,4233.33,4204.62,4275.38,4630.26,4348.21,1
4285.13,4004.62,4248.72,4101.03,4345.13,4617.44,4051.28,4606.15,4189.74,4227.69,4202.05,4275.38,4626.15,4342.56,1
4280,4003.08,4246.67,4098.97,4341.54,4612.82,4049.23,4596.92,4184.1,4216.92,4197.44,4270.77,4618.46,4338.97,1
4283.59,4005.13,4247.18,4096.92,4336.92,4610.77,4055.9,4607.69,4203.08,4220.51,4199.49,4269.23,4619.49,4338.46,1
4283.08,4005.13,4247.69,4096.41,4339.49,4609.23,4056.41,4616.41,4201.54,4226.15,4203.59,4271.79,4623.59,4343.08,1
4278.97,4005.64,4249.23,4098.97,4343.59,4608.72,4048.72,4601.54,4183.59,4224.62,4202.56,4276.41,4625.13,4350.77,1
4285.64,4009.23,4250.77,4101.03,4343.08,4611.28,4047.69,4590.26,4187.69,4228.72,4207.18,4281.54,4631.79,4356.41,1
4293.85,4009.23,4251.28,4103.08,4345.13,4614.87,4049.74,4601.54,4200,4235.38,4216.92,4283.59,4636.92,4355.9,1
4287.18,4008.72,4250.26,4105.64,4348.21,4615.9,4048.21,4608.21,4195.38,4233.33,4207.69,4276.41,4630.77,4346.67,1
4277.95,4007.69,4249.23,4100,4340.51,4611.79,4045.13,4595.38,4183.59,4224.62,4192.31,4268.21,4619.49,4335.38,1
4276.41,4001.54,4248.21,4092.31,4336.41,4605.64,4042.05,4587.69,4175.38,4212.82,4189.74,4267.69,4611.28,4330.77,1
4273.33,3993.85,4247.69,4089.74,4340,4606.67,4042.05,4592.82,4173.33,4203.59,4186.67,4266.67,4606.15,4329.23,1
4269.74,3994.87,4249.74,4090.26,4342.56,4612.31,4048.21,4597.44,4177.95,4205.13,4186.15,4265.13,4609.23,4331.28,1
4276.92,4001.03,4250.26,4092.31,4343.08,4610.77,4048.72,4596.41,4178.46,4216.41,4191.28,4268.72,4616.41,4337.44,1
4280,4002.56,4248.21,4093.33,4342.05,4609.74,4045.13,4592.31,4176.41,4220,4192.82,4269.23,4616.41,4335.9,1
4272.82,3997.44,4248.21,4090.77,4336.41,4613.85,4048.21,4593.33,4174.87,4210.77,4187.18,4264.1,4609.74,4328.72,1
4274.36,3993.85,4248.72,4092.31,4332.82,4611.28,4051.28,4595.9,4177.44,4207.18,4186.15,4265.13,4605.13,4331.28,1
4280,3997.95,4250.77,4095.38,4338.46,4606.15,4050.26,4592.82,4181.54,4212.31,4189.74,4271.79,4607.69,4337.44,1
4276.92,4003.59,4252.82,4091.79,4343.08,4607.69,4052.31,4586.67,4178.46,4217.44,4191.28,4273.85,4614.87,4337.44,1
4275.38,4001.03,4251.28,4091.28,4342.56,4610.77,4051.79,4589.23,4177.44,4218.97,4193.85,4268.72,4618.46,4334.87,1
4277.95,4000.51,4247.69,4095.38,4340.51,4611.79,4051.28,4594.36,4180,4216.92,4195.38,4264.62,4613.33,4334.87,1
4274.87,4005.64,4247.18,4095.38,4342.05,4612.82,4053.33,4590.77,4177.44,4215.9,4192.31,4266.67,4609.74,4332.82,1
4273.33,4003.59,4249.74,4093.33,4342.56,4613.33,4055.9,4590.26,4182.05,4219.49,4191.28,4270.77,4613.85,4329.74,1
4277.44,3999.49,4250.26,4092.82,4340,4615.9,4059.49,4599.49,4193.33,4224.1,4197.95,4270.77,4618.97,4334.87,1
4280.51,4003.08,4252.31,4096.92,4341.03,4617.95,4057.44,4601.54,4193.33,4228.72,4206.67,4273.33,4625.64,4345.64,1
4281.54,4007.69,4254.87,4102.56,4341.03,4613.85,4052.82,4596.41,4186.67,4230.77,4207.69,4275.9,4630.26,4346.67,1
4283.59,4007.18,4253.85,4102.05,4336.41,4607.69,4053.33,4593.33,4184.62,4225.64,4199.49,4273.33,4624.62,4340,1
4281.03,3997.44,4250.26,4094.87,4332.31,4602.05,4050.77,4590.77,4178.97,4216.41,4193.33,4270.77,4613.85,4333.85,1
4270.26,3986.15,4248.72,4086.67,4328.72,4598.97,4046.67,4587.18,4172.82,4211.28,4192.82,4269.74,4608.21,4327.69,1
4263.59,3986.15,4248.72,4086.15,4328.21,4600.51,4051.28,4588.72,4172.31,4211.28,4192.31,4267.18,4607.69,4326.15,1
4271.28,3997.44,4249.74,4096.92,4336.92,4607.18,4056.92,4594.87,4177.44,4214.36,4191.28,4267.69,4609.74,4333.85,1
4279.49,4004.62,4250.77,4105.64,4346.67,4615.9,4054.87,4598.97,4186.67,4216.92,4191.79,4268.21,4613.85,4336.41,1
4277.44,4004.1,4249.23,4102.05,4346.67,4617.44,4052.31,4597.95,4188.72,4220.51,4195.9,4270.26,4616.92,4338.97,1
4277.95,4005.64,4249.74,4103.59,4343.08,4613.85,4050.26,4596.92,4183.59,4226.67,4203.59,4278.46,4623.59,4347.69,1
4282.56,4008.72,4251.79,4109.23,4340,4612.82,4048.21,4595.38,4181.54,4225.64,4207.18,4280.51,4627.18,4345.64,1
4275.9,4006.15,4249.23,4103.59,4335.38,4609.74,4049.74,4594.87,4183.08,4216.92,4198.97,4269.74,4615.9,4326.67,1
4264.62,4000,4242.05,4095.9,4334.36,4605.64,4051.79,4596.41,4185.13,4213.33,4189.74,4263.08,4605.64,4317.95,1
4261.54,3998.97,4238.97,4097.95,4337.44,4610.77,4053.33,4596.92,4188.72,4221.54,4190.26,4264.1,4608.72,4325.64,1
4269.74,4002.56,4243.59,4102.56,4339.49,4617.95,4053.85,4597.95,4193.33,4226.15,4193.85,4264.1,4614.87,4334.87,1
4278.97,4007.18,4249.23,4106.15,4338.97,4617.95,4053.33,4600.51,4193.85,4224.1,4197.44,4270.26,4618.97,4338.46,1
4278.97,4007.18,4253.33,4106.67,4337.44,4613.33,4051.28,4596.92,4186.67,4223.08,4197.95,4273.33,4620.51,4334.87,1
4276.92,4005.13,4257.95,4106.67,4336.92,4607.69,4050.26,4596.41,4184.1,4224.1,4193.85,4268.21,4617.44,4332.31,1
4278.97,4007.69,4262.05,4110.26,4338.97,4605.13,4053.33,4603.59,4188.21,4225.64,4194.36,4268.72,4616.41,4337.44,1
4281.03,4010.26,4263.08,4113.33,4340.51,4609.74,4055.38,4600.51,4181.54,4219.49,4195.38,4272.82,4614.36,4336.92,1
4279.49,4008.21,4264.1,4111.28,4341.54,4615.9,4057.95,4589.74,4170.26,4208.21,4189.74,4269.23,4607.69,4328.72,1
4277.95,4010.26,4263.59,4110.26,4342.56,4620,4061.03,4594.87,4173.85,4206.15,4185.13,4263.08,4605.13,4326.67,1
4277.95,4011.79,4263.08,4110.26,4344.1,4622.56,4061.03,4605.13,4188.21,4215.38,4189.74,4265.13,4610.77,4331.28,1
4278.97,4010.77,4262.56,4109.74,4343.59,4620.51,4055.38,4604.62,4192.82,4221.03,4193.85,4269.74,4615.9,4333.33,1
4282.56,4011.28,4263.08,4113.85,4343.59,4617.44,4053.85,4605.13,4193.85,4224.1,4198.46,4274.87,4620,4338.46,1
4285.64,4014.36,4265.64,4123.08,4346.15,4615.38,4057.95,4614.87,4204.1,4234.87,4207.69,4280.51,4625.64,4343.59,1
4284.1,4014.36,4267.69,4122.56,4341.54,4613.85,4056.41,4618.97,4208.21,4240,4209.74,4284.62,4629.74,4340,1
4275.38,4005.64,4265.13,4111.79,4332.82,4613.85,4058.46,4612.31,4195.38,4231.28,4200,4283.59,4623.08,4330.26,1
4267.18,3998.46,4262.56,4106.15,4329.23,4619.49,4065.13,4609.74,4186.67,4218.97,4193.33,4274.36,4610.77,4324.62,1
4270.26,4002.56,4261.54,4107.69,4332.31,4625.64,4064.1,4611.28,4192.82,4218.46,4193.33,4267.69,4608.72,4323.08,1
4272.82,4007.69,4254.36,4106.67,4337.95,4623.59,4054.87,4603.59,4190.26,4222.56,4191.28,4268.72,4615.9,4325.13,1
4270.77,4006.67,4251.79,4111.79,4339.49,4616.92,4050.26,4593.85,4178.46,4217.95,4190.77,4271.28,4617.95,4332.31,1
4273.85,4006.67,4264.62,4120,4336.41,4614.36,4051.79,4596.41,4180.51,4212.82,4194.87,4275.38,4617.95,4337.44,1
4282.05,4008.72,4271.79,4117.95,4335.38,4614.87,4052.31,4604.1,4189.23,4216.41,4195.38,4280.51,4620,4336.41,1
4281.54,4008.72,4265.64,4115.38,4339.49,4620,4052.82,4604.62,4191.28,4222.56,4193.33,4280,4618.46,4333.85,1
4275.38,4011.28,4262.05,4122.56,4342.56,4624.62,4054.36,4601.54,4189.74,4223.59,4196.92,4272.82,4618.46,4334.36,1
4275.9,4013.33,4264.62,4123.08,4342.05,4624.1,4055.9,4598.97,4190.26,4223.59,4198.97,4271.79,4621.03,4335.9,1
4277.44,4009.23,4263.59,4113.33,4340.51,4621.03,4055.9,4600.51,4192.31,4225.13,4195.38,4276.41,4619.49,4336.41,1
4275.9,4007.18,4263.08,4107.18,4340,4618.46,4053.33,4604.62,4193.85,4225.13,4194.36,4274.87,4616.92,4335.38,1
4277.95,4010.26,4263.59,4110.77,4340,4614.87,4050.26,4604.62,4191.28,4222.05,4196.41,4268.21,4617.95,4335.38,1
4284.1,4017.44,4264.62,4120.51,4343.08,4614.87,4049.23,4602.05,4187.69,4219.49,4201.54,4273.33,4621.54,4342.05,1
4285.64,4019.49,4265.13,4125.13,4344.1,4616.92,4050.77,4603.59,4188.72,4224.62,4205.64,4285.64,4624.1,4344.1,1
4278.46,4015.38,4264.1,4118.97,4337.95,4615.38,4049.74,4609.23,4195.9,4229.23,4202.56,4284.1,4621.03,4333.85,1
4270.26,4007.69,4261.54,4111.28,4334.87,4615.9,4048.21,4608.72,4203.08,4227.18,4194.87,4275.38,4612.82,4324.62,1
4263.59,4000,4259.49,4106.67,4333.85,4618.46,4049.74,4602.56,4201.54,4225.64,4191.28,4272.31,4606.15,4322.56,1
4261.03,3997.95,4256.41,4104.1,4330.77,4620,4048.72,4602.05,4195.9,4226.15,4189.23,4271.28,4605.13,4325.64,1
4271.28,4006.67,4258.97,4110.77,4337.44,4620.51,4047.18,4608.21,4196.92,4228.72,4196.41,4280.51,4615.9,4340.51,1
4283.59,4015.9,4271.28,4121.54,4343.59,4619.49,4053.33,4613.33,4202.56,4234.87,4209.23,4291.79,4628.72,4349.23,1
4284.62,4014.36,4274.36,4122.05,4337.95,4614.87,4052.31,4611.79,4200.51,4237.95,4210.26,4291.28,4627.69,4342.56,1
4287.18,4015.38,4270.77,4123.08,4336.92,4614.36,4043.59,4606.67,4194.36,4233.33,4206.67,4284.62,4624.62,4342.05,1
4294.36,4026.67,4271.79,4132.82,4344.1,4621.54,4044.62,4601.54,4191.79,4228.21,4207.18,4282.05,4628.21,4346.67,1
4290.77,4030.77,4270.77,4135.38,4343.59,4623.59,4046.15,4601.54,4193.33,4227.18,4204.62,4281.03,4629.74,4346.67,1
4283.59,4025.13,4263.08,4128.21,4340.51,4616.92,4041.03,4606.67,4196.41,4227.18,4201.03,4277.95,4625.13,4343.59,1
4286.67,4024.1,4260.51,4125.64,4338.46,4612.82,4041.03,4613.33,4202.56,4227.69,4205.13,4277.44,4623.59,4341.03,1
4286.15,4026.15,4265.13,4126.15,4335.38,4612.82,4045.13,4611.28,4202.05,4229.23,4207.18,4276.92,4625.13,4338.46,1
4273.85,4021.03,4261.03,4122.05,4333.85,4610.77,4043.08,4601.03,4190.26,4230.26,4199.49,4270.77,4619.49,4330.77,1
4263.59,4013.85,4250.26,4117.95,4335.38,4607.69,4040,4599.49,4186.67,4224.62,4192.31,4264.62,4609.74,4323.08,1
4266.67,4016.41,4252.31,4118.97,4335.38,4609.23,4041.54,4601.03,4192.82,4220,4193.33,4266.67,4608.21,4325.64,1
4270.26,4021.03,4264.1,4122.56,4332.82,4614.87,4043.59,4596.41,4192.31,4221.54,4195.9,4271.79,4612.31,4329.74,1
4267.18,4017.44,4263.08,4122.05,4332.31,4617.95,4043.59,4596.41,4186.67,4216.92,4188.72,4271.79,4608.21,4322.05,1
4266.67,4017.44,4257.44,4120,4335.9,4614.87,4042.05,4598.46,4181.54,4209.74,4187.69,4267.69,4605.13,4323.08,1
4271.79,4026.15,4264.1,4124.62,4340.51,4614.36,4040,4593.33,4180.51,4217.95,4200,4267.18,4615.38,4331.28,1
4271.79,4025.64,4265.64,4126.67,4340,4620,4040,4594.87,4189.74,4228.21,4203.59,4268.21,4621.03,4328.72,1
4272.31,4020,4258.97,4122.56,4338.46,4622.05,4042.05,4604.62,4197.44,4228.21,4197.95,4267.18,4618.97,4327.69,1
4278.46,4023.59,4260,4126.67,4338.97,4617.95,4042.56,4607.69,4195.9,4228.72,4198.46,4270.26,4622.05,4335.38,1
4280.51,4028.21,4264.62,4134.87,4339.49,4614.36,4038.97,4601.54,4192.31,4228.21,4198.46,4271.79,4620.51,4334.87,1
4276.41,4025.64,4258.46,4132.31,4340.51,4612.82,4034.87,4596.41,4189.74,4221.54,4191.79,4268.72,4611.79,4328.72,1
4272.82,4023.08,4254.36,4124.1,4339.49,4613.33,4033.33,4594.87,4189.74,4221.03,4192.82,4266.67,4608.72,4326.67,1
4269.74,4021.54,4255.9,4123.08,4336.92,4616.92,4037.95,4599.49,4192.82,4224.62,4197.95,4270.26,4611.28,4327.69,1
4270.77,4018.97,4254.36,4123.59,4336.92,4616.41,4042.05,4603.08,4195.9,4222.05,4195.9,4267.18,4609.23,4328.72,1
4271.79,4016.92,4254.36,4120,4337.44,4616.41,4044.1,4598.46,4192.31,4217.44,4193.33,4261.03,4605.13,4325.64,1
4268.21,4018.97,4260,4119.49,4340,4625.64,4048.21,4593.85,4189.23,4218.97,4198.46,4264.62,4610.77,4324.62,1
4272.82,4022.05,4265.13,4124.1,4345.13,4629.23,4049.74,4597.44,4192.31,4225.13,4205.64,4272.82,4622.05,4331.28,1
4280,4020,4264.62,4124.1,4343.08,4620,4045.13,4605.64,4195.38,4228.21,4206.67,4275.38,4626.67,4335.9,1
4275.38,4014.36,4257.95,4114.36,4333.85,4615.38,4041.03,4602.56,4188.72,4226.15,4204.62,4270.77,4622.05,4333.85,1
4269.74,4013.85,4248.72,4107.69,4329.74,4614.87,4040.51,4593.85,4179.49,4221.54,4200,4266.67,4617.95,4328.21,1
4270.26,4015.38,4245.13,4109.23,4330.26,4608.72,4040,4596.41,4184.1,4220,4195.38,4266.67,4615.9,4323.59,1
4273.33,4014.36,4246.15,4106.67,4329.23,4608.72,4041.03,4602.05,4191.79,4222.56,4196.41,4266.15,4615.38,4325.64,1
4275.38,4015.9,4245.64,4105.13,4331.79,4616.41,4047.18,4601.54,4189.74,4226.15,4200.51,4264.1,4615.9,4330.77,1
4273.33,4017.95,4246.15,4108.72,4334.36,4619.49,4049.74,4604.1,4193.85,4225.13,4200,4260.51,4612.82,4326.15,1
4269.74,4015.9,4246.15,4108.21,4332.31,4620,4047.69,4612.31,4204.62,4224.62,4196.92,4258.46,4609.23,4319.49,1
4271.28,4018.97,4247.69,4106.15,4333.85,4621.03,4044.62,4608.21,4201.54,4232.31,4196.41,4258.97,4614.36,4324.62,1
4275.9,4023.59,4249.23,4108.72,4338.46,4616.92,4043.08,4595.9,4187.18,4235.9,4198.46,4262.05,4620,4332.31,1
4276.41,4019.49,4249.23,4109.74,4337.44,4614.87,4046.67,4592.31,4180,4231.28,4200.51,4263.59,4618.46,4331.79,1
4273.33,4014.36,4249.23,4108.21,4332.82,4617.44,4051.79,4590.77,4177.44,4225.13,4196.41,4264.1,4613.85,4327.69,1
4267.69,4014.87,4250.77,4105.64,4330.77,4617.44,4049.23,4590.26,4176.41,4216.92,4186.15,4259.49,4608.72,4323.08,1
4265.64,4015.38,4245.64,4104.62,4331.28,4617.44,4044.1,4593.33,4183.59,4214.87,4180.51,4252.82,4604.1,4318.46,1
4265.64,4013.85,4237.44,4104.62,4331.79,4619.49,4045.13,4594.36,4188.72,4219.49,4180,4251.28,4602.56,4315.38,1
4265.13,4015.38,4239.49,4104.1,4331.79,4617.44,4049.23,4595.38,4189.74,4218.97,4180.51,4253.85,4603.59,4320.51,1
4271.28,4020.51,4247.69,4106.15,4334.36,4616.41,4047.18,4597.95,4193.33,4219.49,4187.69,4260.51,4611.79,4332.82,1
4275.9,4023.08,4250.26,4108.72,4336.41,4618.97,4045.13,4597.44,4187.69,4226.15,4195.9,4269.23,4620,4338.46,1
4271.28,4017.95,4247.18,4107.69,4332.82,4618.46,4050.26,4592.31,4172.82,4224.1,4194.87,4268.72,4616.41,4332.31,1
4267.69,4013.33,4247.18,4104.62,4331.28,4614.36,4051.79,4589.23,4172.31,4214.87,4190.77,4264.1,4608.21,4327.69,1
4269.23,4014.87,4248.21,4104.1,4334.36,4615.38,4049.23,4592.31,4184.1,4215.38,4193.85,4265.64,4610.26,4333.85,1
4269.74,4016.41,4248.72,4104.1,4334.87,4617.44,4047.69,4598.46,4191.28,4228.21,4197.95,4269.74,4617.95,4341.03,1
4271.79,4019.49,4249.74,4105.64,4333.33,4617.44,4045.13,4604.62,4203.08,4241.54,4199.49,4271.28,4618.97,4337.44,1
4274.36,4021.54,4247.18,4106.15,4336.41,4618.97,4047.18,4612.31,4214.36,4240.51,4198.97,4267.18,4613.85,4331.79,1
4273.85,4020,4245.64,4110.26,4338.46,4619.49,4047.18,4609.74,4201.03,4229.23,4195.38,4258.97,4608.21,4332.82,1
4275.9,4021.54,4256.41,4116.92,4335.38,4616.41,4042.05,4594.87,4180,4220,4192.31,4260,4604.62,4336.41,1
4285.64,4026.15,4266.67,4116.41,4335.38,4617.95,4045.13,4593.33,4185.13,4220.51,4193.85,4269.74,4606.67,4338.46,1
4283.08,4024.1,4258.97,4111.28,4338.46,4623.08,4052.31,4601.03,4192.82,4226.67,4196.41,4269.23,4611.28,4333.85,1
4268.21,4017.44,4247.18,4108.72,4337.44,4621.54,4046.15,4595.9,4178.46,4225.64,4194.36,4254.36,4611.28,4324.1,1
4264.1,4012.82,4247.18,4107.18,4332.31,4612.82,4037.44,4585.64,4171.79,4220,4190.26,4247.18,4607.18,4322.05,1
4264.1,4008.72,4247.69,4105.64,4326.15,4606.15,4036.41,4583.59,4175.9,4215.9,4185.13,4251.28,4603.08,4323.59,1
4262.05,4010.77,4244.62,4105.13,4328.21,4607.18,4037.44,4583.08,4172.82,4206.67,4180,4253.33,4598.46,4322.05,1
4266.15,4015.9,4246.67,4109.23,4334.87,4612.31,4041.54,4583.08,4173.33,4202.56,4181.54,4254.36,4597.44,4326.15,1
4269.74,4016.92,4249.74,4113.85,4338.97,4614.36,4047.69,4591.79,4190.26,4213.85,4189.23,4257.44,4604.1,4331.79,1
4269.74,4018.97,4249.74,4114.36,4338.97,4621.54,4053.33,4608.21,4208.21,4224.1,4192.82,4260.51,4609.74,4332.82,1
4273.33,4022.05,4250.26,4116.41,4337.95,4628.21,4057.44,4614.87,4205.13,4225.13,4193.85,4263.59,4610.26,4335.9,1
4278.97,4024.62,4252.31,4119.49,4338.97,4623.08,4054.87,4603.08,4185.64,4226.67,4196.92,4267.69,4612.31,4340,1
4277.44,4023.59,4252.31,4118.46,4340,4615.38,4049.74,4587.69,4175.38,4224.1,4195.9,4265.64,4614.36,4334.87,1
4275.38,4023.08,4250.26,4116.41,4338.46,4614.87,4047.18,4583.59,4178.46,4220.51,4193.85,4261.03,4610.77,4334.36,1
4277.44,4027.18,4251.28,4117.95,4337.44,4614.87,4045.13,4586.15,4176.92,4222.56,4198.97,4259.49,4611.28,4342.56,1
4276.41,4026.67,4252.82,4116.92,4338.46,4613.33,4041.54,4586.67,4175.38,4222.05,4200,4258.97,4616.41,4337.44,1
4264.62,4013.33,4246.15,4105.13,4333.33,4612.82,4037.44,4586.67,4180,4212.82,4185.64,4254.36,4606.15,4319.49,1
4254.87,4002.56,4234.87,4098.97,4327.69,4611.79,4033.85,4588.72,4182.56,4209.23,4178.97,4245.13,4596.41,4316.41,1
4258.97,4006.15,4231.28,4100,4331.28,4614.36,4035.38,4594.36,4193.33,4220.51,4188.72,4242.56,4606.15,4327.69,1
4261.03,4008.72,4231.79,4100,4334.87,4619.49,4040.51,4598.97,4202.05,4230.77,4193.33,4248.21,4611.79,4328.72,1
4255.9,4010.26,4231.28,4098.46,4332.31,4618.46,4043.08,4597.95,4189.23,4224.1,4191.28,4251.28,4606.67,4323.08,1
4257.95,4014.36,4237.95,4102.05,4329.23,4611.28,4042.56,4593.85,4176.41,4216.41,4192.31,4254.36,4609.23,4325.13,1
4265.64,4011.79,4247.18,4105.64,4331.79,4607.69,4042.05,4589.74,4179.49,4217.44,4191.79,4260.51,4610.26,4331.28,1
4267.69,4006.67,4249.74,4105.64,4334.36,4611.28,4041.54,4588.72,4182.05,4216.92,4189.74,4261.03,4605.13,4332.31,1
4267.18,4010.26,4243.08,4104.1,4332.82,4613.85,4041.03,4592.31,4180.51,4216.41,4190.77,4255.9,4608.21,4331.79,1
4269.74,4015.38,4238.97,4102.56,4334.36,4613.85,4043.59,4592.82,4178.46,4217.44,4192.31,4256.41,4612.82,4332.82,1
4268.21,4015.9,4241.54,4104.62,4335.9,4615.38,4045.13,4585.13,4173.85,4212.31,4189.74,4257.44,4607.69,4329.23,1
4266.15,4016.41,4245.64,4108.21,4334.36,4615.9,4041.54,4586.67,4182.56,4211.79,4189.23,4256.92,4606.67,4329.74,1
4275.38,4024.1,4255.38,4116.41,4338.46,4614.87,4045.13,4601.54,4200,4227.18,4200.51,4265.64,4618.46,4343.59,1
4286.67,4031.28,4262.56,4125.13,4345.64,4617.44,4049.74,4606.15,4194.87,4235.38,4210.26,4275.9,4625.64,4348.72,1
4282.05,4027.18,4255.9,4120.51,4341.54,4616.41,4044.62,4601.03,4188.72,4227.69,4205.64,4268.21,4621.03,4337.95,1
4272.31,4022.56,4245.64,4112.31,4337.44,4611.28,4039.49,4602.05,4200,4229.23,4202.56,4257.95,4621.54,4335.9,1
4274.87,4029.23,4247.18,4114.36,4343.08,4615.38,4040.51,4603.08,4201.54,4238.97,4208.72,4263.08,4628.21,4346.15,1
4277.44,4033.85,4253.85,4117.95,4345.13,4621.03,4044.62,4598.97,4190.77,4235.38,4207.18,4265.13,4625.64,4343.59,1
4275.38,4029.23,4258.46,4118.97,4341.54,4619.49,4050.26,4601.54,4197.44,4228.21,4199.49,4258.46,4618.46,4335.38,1
4278.97,4027.18,4264.1,4123.08,4343.08,4618.46,4053.33,4607.18,4207.69,4232.31,4201.54,4264.62,4618.97,4342.05,1
4280.51,4027.69,4264.62,4121.03,4342.56,4617.95,4051.28,4601.54,4194.36,4232.82,4205.64,4273.85,4622.56,4349.74,1
4278.46,4025.64,4260.51,4115.38,4334.87,4616.41,4048.21,4594.87,4184.1,4225.64,4205.64,4270.77,4622.05,4346.67,1
4283.59,4025.13,4264.1,4118.46,4334.87,4616.41,4046.15,4597.44,4189.74,4227.69,4208.21,4272.82,4624.1,4348.72,1
4289.23,4028.72,4270.77,4122.56,4340,4616.92,4045.64,4604.62,4197.44,4233.85,4211.79,4283.08,4630.77,4355.38,1
4285.13,4026.15,4269.23,4118.97,4336.41,4616.41,4043.08,4609.23,4207.69,4235.38,4211.79,4283.08,4629.74,4348.72,1
4277.95,4018.97,4262.05,4114.36,4331.28,4616.41,4041.54,4612.82,4214.36,4235.9,4207.69,4277.44,4620.51,4338.97,1
4272.31,4016.41,4259.49,4111.28,4331.79,4618.46,4046.15,4615.9,4207.18,4232.31,4200,4270.26,4613.33,4336.92,1
4268.72,4018.46,4262.05,4114.36,4332.82,4617.44,4046.67,4612.31,4198.46,4225.64,4192.82,4260.51,4607.18,4333.85,1
4272.82,4018.46,4261.54,4119.49,4335.9,4613.33,4042.05,4601.54,4192.82,4222.56,4191.28,4258.46,4603.59,4332.31,1
4272.31,4018.97,4254.87,4116.92,4342.05,4615.38,4044.62,4592.31,4183.08,4219.49,4190.26,4262.56,4603.59,4332.31,1
4264.1,4023.08,4246.67,4114.36,4344.1,4623.59,4049.74,4596.92,4185.64,4216.92,4189.74,4260.51,4603.59,4328.72,1
4264.1,4023.08,4246.15,4118.46,4343.59,4623.59,4044.62,4603.59,4197.95,4222.56,4193.33,4259.49,4609.23,4334.36,1
4275.38,4024.1,4254.36,4123.08,4345.13,4616.92,4037.95,4599.49,4196.92,4227.18,4200.51,4264.1,4620.51,4344.62,1
4277.95,4025.64,4260.51,4122.56,4342.56,4616.92,4036.92,4595.9,4185.64,4216.92,4196.41,4264.62,4614.36,4335.9,1
4268.72,4022.56,4262.05,4120,4336.92,4619.49,4036.92,4597.95,4190.26,4213.85,4185.64,4263.59,4602.56,4330.26,1
4270.26,4025.13,4263.59,4125.64,4340,4616.92,4035.38,4603.59,4209.23,4230.26,4193.85,4269.23,4614.87,4347.18,1
4282.05,4031.79,4265.13,4135.38,4346.67,4613.33,4036.41,4609.23,4212.31,4238.46,4208.72,4272.82,4628.21,4354.87,1
4283.59,4030.77,4267.18,4130.77,4342.05,4611.79,4038.97,4605.64,4190.77,4228.21,4202.05,4273.85,4618.97,4344.62,1
4278.46,4026.67,4268.21,4126.67,4333.85,4611.28,4042.56,4596.92,4176.92,4220,4190.77,4273.85,4611.79,4341.54,1
4283.08,4031.28,4268.21,4137.44,4337.95,4612.31,4048.21,4597.44,4186.15,4223.59,4195.38,4271.28,4620.51,4346.67,1
4284.62,4032.31,4265.64,4136.41,4343.59,4614.87,4047.18,4601.54,4192.31,4223.59,4198.46,4271.28,4622.56,4346.67,1
4278.97,4024.1,4263.59,4122.56,4339.49,4614.36,4044.62,4600,4187.69,4220,4193.33,4270.77,4615.9,4344.1,1
4281.03,4023.59,4263.08,4125.64,4335.38,4611.28,4046.67,4601.03,4189.23,4219.49,4192.31,4266.67,4614.36,4344.62,1
4286.15,4029.74,4264.1,4138.97,4338.97,4612.31,4047.69,4604.62,4198.46,4225.13,4194.87,4264.62,4618.46,4345.64,1
4286.15,4032.82,4267.18,4139.49,4344.1,4617.44,4044.62,4608.72,4206.15,4235.38,4199.49,4269.74,4621.54,4344.62,1
4279.49,4027.69,4262.56,4128.72,4342.05,4620.51,4043.59,4613.85,4208.72,4235.9,4200,4271.79,4616.41,4340,1
4269.23,4018.46,4254.36,4118.97,4334.36,4616.41,4041.54,4613.85,4208.72,4228.72,4194.87,4266.15,4609.23,4338.97,1
4269.23,4018.97,4256.41,4126.15,4335.9,4614.36,4038.46,4612.31,4208.72,4231.28,4198.46,4265.64,4615.38,4346.67,1
4279.49,4027.69,4264.62,4135.9,4344.1,4619.49,4043.08,4612.82,4210.26,4241.54,4207.69,4273.33,4628.21,4352.31,1
4281.03,4027.69,4262.56,4127.69,4341.03,4620,4044.1,4611.79,4203.59,4242.56,4210.77,4275.38,4630.77,4351.28,1
4277.44,4024.62,4259.49,4123.59,4333.85,4613.33,4042.05,4609.23,4198.46,4232.82,4203.59,4267.18,4623.08,4349.23,1
4280,4028.72,4260.51,4131.79,4336.41,4612.31,4046.67,4612.31,4206.15,4228.72,4197.95,4264.62,4617.44,4345.13,1
4277.44,4028.72,4255.38,4131.79,4337.95,4615.9,4048.21,4615.9,4206.67,4229.74,4194.87,4267.69,4615.9,4341.03,1
4269.23,4021.54,4252.82,4128.21,4334.87,4615.9,4040.51,4610.26,4190.77,4225.13,4189.74,4263.59,4612.31,4336.41,1
4273.33,4024.1,4258.46,4134.36,4337.44,4614.36,4035.9,4597.95,4181.03,4218.97,4188.21,4262.05,4610.77,4334.36,1
4280.51,4032.31,4261.54,4137.44,4343.08,4617.44,4041.54,4595.38,4189.23,4221.54,4192.31,4265.64,4616.41,4340,1
4280.51,4032.82,4259.49,4135.9,4341.54,4620,4048.21,4607.18,4200,4227.18,4195.38,4266.67,4618.97,4348.72,1
4281.03,4032.82,4260,4137.44,4341.03,4618.46,4045.13,4616.92,4210.26,4232.82,4200.51,4265.64,4625.13,4353.33,1
4284.62,4036.92,4261.03,4136.41,4345.13,4619.49,4040,4622.05,4222.05,4243.59,4211.79,4271.79,4637.44,4357.44,1
4292.31,4040.51,4261.03,4137.44,4348.72,4620,4040,4624.62,4222.56,4252.31,4217.44,4281.54,4644.62,4366.67,1
4300.51,4042.05,4268.21,4141.54,4346.67,4615.9,4043.08,4612.82,4203.08,4246.15,4214.36,4283.59,4638.46,4369.74,1
4300.51,4038.97,4276.41,4140,4341.54,4612.82,4047.18,4600,4186.67,4229.23,4206.67,4277.44,4630.26,4362.56,1
4292.31,4029.74,4272.82,4137.44,4337.44,4612.82,4044.62,4600.51,4184.1,4216.92,4196.92,4271.28,4625.13,4354.36,1
4286.67,4023.08,4263.59,4136.41,4333.85,4612.82,4037.95,4598.97,4187.18,4213.33,4192.31,4271.79,4617.44,4347.18,1
4285.64,4026.67,4262.56,4135.9,4336.41,4612.82,4038.97,4601.54,4195.9,4221.54,4194.87,4274.36,4613.33,4347.18,1
4285.64,4030.26,4265.13,4136.92,4340,4615.38,4045.13,4606.67,4195.9,4227.18,4196.41,4270.77,4616.41,4349.23,1
4282.05,4026.67,4264.1,4137.95,4336.92,4614.87,4044.1,4599.49,4180.51,4215.9,4192.31,4263.08,4618.97,4346.15,1
4281.54,4028.21,4262.56,4136.92,4334.36,4607.18,4035.38,4594.36,4183.08,4210.77,4195.38,4264.1,4620,4349.74,1
4289.23,4036.41,4264.62,4136.92,4338.97,4602.56,4028.21,4600.51,4202.05,4227.69,4206.15,4273.85,4627.18,4358.97,1
4291.79,4034.87,4264.1,4132.31,4337.95,4605.13,4028.72,4601.03,4198.97,4234.36,4205.13,4276.41,4630.77,4356.41,1
4284.1,4022.56,4256.41,4123.59,4331.28,4606.15,4035.38,4596.92,4184.62,4220.51,4195.38,4267.18,4622.05,4344.1,1
4277.44,4017.95,4249.23,4121.03,4333.85,4608.72,4041.03,4598.97,4189.74,4213.85,4192.82,4259.49,4615.9,4343.59,1
4280.51,4025.64,4250.26,4124.62,4340,4616.92,4042.05,4598.97,4194.87,4221.03,4196.41,4261.54,4618.97,4351.28,1
4283.59,4030.26,4251.28,4125.13,4341.03,4621.54,4041.03,4596.41,4190.77,4224.1,4197.44,4266.15,4623.08,4352.82,1
4280,4028.72,4252.31,4122.05,4338.46,4615.9,4040,4600,4192.31,4220,4198.97,4266.15,4619.49,4345.64,1
4273.33,4024.1,4245.64,4115.9,4333.33,4610.77,4037.44,4599.49,4193.85,4217.44,4194.87,4258.46,4611.28,4335.38,1
4271.79,4019.49,4235.38,4111.79,4331.28,4611.28,4036.92,4594.36,4181.54,4215.38,4183.59,4245.64,4605.64,4329.23,1
4274.87,4018.46,4237.95,4112.31,4334.87,4612.82,4038.46,4593.33,4181.03,4213.85,4182.56,4241.54,4605.13,4330.26,1
4274.87,4021.03,4242.56,4111.28,4334.87,4613.85,4037.44,4596.92,4194.87,4216.92,4185.13,4249.23,4606.67,4332.31,1
4270.77,4015.38,4235.9,4105.13,4329.74,4614.87,4042.56,4600.51,4191.79,4215.9,4182.05,4254.87,4603.08,4326.15,1
4265.64,4007.18,4228.72,4103.59,4330.77,4617.44,4051.79,4598.97,4176.92,4206.67,4181.54,4253.33,4600,4323.59,1
4267.18,4014.36,4234.87,4109.74,4334.36,4615.9,4049.74,4595.9,4176.41,4204.1,4184.62,4253.33,4603.59,4330.77,1
4273.33,4023.08,4240.51,4113.85,4333.33,4609.74,4043.08,4597.95,4186.15,4211.28,4182.56,4253.85,4606.67,4333.33,1
4273.33,4019.49,4235.38,4109.74,4332.82,4608.21,4044.62,4601.03,4188.21,4211.79,4178.46,4250.77,4604.62,4328.72,1
4269.74,4017.95,4234.36,4105.13,4333.33,4612.31,4044.62,4598.97,4190.26,4210.26,4185.13,4251.79,4605.64,4335.38,1
4276.92,4023.59,4244.62,4110.77,4335.9,4616.41,4039.49,4598.97,4200,4221.54,4200.51,4267.18,4619.49,4353.85,1
4291.79,4027.18,4259.49,4122.05,4343.08,4616.41,4044.62,4605.64,4205.13,4238.97,4212.82,4285.13,4631.28,4361.54,1
4297.44,4029.23,4266.15,4124.1,4344.62,4618.46,4055.9,4608.21,4198.97,4241.03,4209.23,4285.64,4628.72,4354.36,1
4289.23,4026.67,4262.05,4117.44,4336.41,4618.46,4057.44,4609.23,4195.9,4227.18,4196.41,4270.77,4617.95,4345.64,1
4277.95,4018.97,4251.28,4110.77,4332.82,4615.38,4053.85,4611.79,4193.85,4217.95,4193.85,4262.05,4611.79,4341.03,1
4278.97,4018.46,4246.67,4107.69,4334.87,4615.9,4052.31,4609.23,4190.26,4220,4197.95,4264.1,4614.36,4340.51,1
4282.05,4022.05,4247.69,4108.21,4333.33,4615.38,4047.69,4604.62,4192.82,4226.67,4199.49,4266.15,4620,4343.08,1
4278.97,4020.51,4245.13,4107.18,4332.82,4615.38,4046.15,4609.74,4199.49,4227.18,4197.44,4263.59,4620.51,4343.08,1
4278.97,4017.95,4246.67,4105.64,4336.41,4617.44,4049.74,4614.87,4201.03,4224.62,4190.77,4258.97,4610.26,4337.95,1
4283.08,4021.54,4250.77,4115.38,4335.9,4616.41,4048.72,4612.31,4197.95,4224.1,4186.15,4254.36,4603.59,4334.87,1
4283.08,4025.64,4250.77,4123.08,4334.87,4613.33,4045.13,4608.72,4197.95,4224.1,4192.31,4258.97,4614.36,4342.56,1
4284.1,4026.15,4251.28,4116.41,4334.87,4611.79,4045.64,4603.08,4191.79,4223.08,4200.51,4271.79,4623.59,4350.77,1
4286.15,4026.15,4257.44,4113.33,4331.28,4610.77,4043.08,4592.82,4180,4222.56,4197.95,4274.87,4618.97,4347.18,1
4285.13,4028.21,4262.56,4119.49,4332.31,4612.82,4040.51,4591.79,4178.97,4221.54,4193.33,4267.18,4615.38,4342.56,1
4284.1,4029.23,4265.13,4121.54,4337.95,4620,4047.69,4598.46,4188.21,4216.41,4194.87,4263.08,4616.92,4340.51,1
4282.56,4024.1,4261.03,4120,4343.08,4621.03,4055.38,4603.08,4193.33,4216.92,4190.26,4263.08,4612.82,4340,1
4281.54,4022.56,4256.92,4118.46,4344.1,4619.49,4051.28,4605.64,4195.38,4225.64,4191.28,4268.72,4613.85,4345.13,1
4285.64,4025.13,4260.51,4111.28,4342.56,4621.03,4044.1,4610.26,4199.49,4231.79,4203.08,4276.92,4624.62,4351.28,1
4286.67,4024.62,4263.59,4110.26,4342.56,4622.56,4044.1,4609.23,4195.38,4231.79,4208.21,4274.87,4627.69,4348.21,1
4282.05,4024.62,4262.05,4118.97,4344.1,4624.62,4050.77,4607.69,4199.49,4231.79,4202.05,4268.72,4621.54,4344.1,1
4282.05,4026.67,4261.54,4123.08,4345.13,4622.56,4053.33,4615.9,4214.87,4233.33,4195.9,4268.72,4615.9,4343.59,1
4282.56,4025.64,4259.49,4118.97,4341.03,4618.46,4047.18,4616.41,4203.08,4226.67,4191.79,4268.21,4613.33,4343.08,1
4278.46,4025.13,4254.87,4118.46,4340.51,4620,4044.1,4603.08,4183.59,4220,4190.26,4265.13,4616.41,4344.62,1
4280,4028.21,4252.31,4122.56,4345.64,4621.54,4047.69,4599.49,4193.85,4224.62,4193.85,4260.51,4620,4344.62,1
4281.03,4026.67,4250.77,4123.59,4348.21,4617.44,4047.69,4607.69,4207.18,4228.72,4191.79,4255.38,4616.92,4338.97,1
4275.38,4019.49,4246.67,4116.41,4344.62,4615.38,4047.18,4608.21,4200,4227.69,4186.67,4255.38,4612.82,4335.9,1
4273.85,4016.92,4246.67,4108.72,4343.59,4620,4051.79,4608.72,4198.97,4228.21,4190.77,4260,4613.85,4340,1
4277.95,4020.51,4253.33,4108.21,4343.59,4623.59,4060.51,4615.38,4206.15,4230.77,4196.41,4262.56,4616.41,4343.59,1
4279.49,4022.05,4256.92,4111.79,4338.46,4621.54,4061.03,4614.87,4202.56,4229.23,4194.36,4265.13,4614.87,4344.1,1
4280.51,4020,4257.44,4112.82,4333.85,4616.92,4053.85,4610.77,4201.03,4229.23,4194.36,4266.67,4613.33,4343.59,1
4279.49,4015.9,4255.38,4108.72,4333.33,4616.41,4052.82,4606.67,4194.87,4227.69,4196.92,4263.59,4611.28,4340,1
4271.28,4011.28,4247.69,4104.1,4331.79,4615.9,4051.28,4602.05,4189.23,4224.1,4191.28,4262.56,4605.64,4337.44,1
4269.74,4010.77,4248.21,4106.67,4331.79,4611.79,4046.67,4607.18,4195.9,4222.56,4187.18,4266.15,4603.59,4339.49,1
4278.97,4018.97,4258.97,4112.82,4334.36,4606.15,4043.08,4607.69,4190.77,4221.03,4193.33,4269.74,4611.79,4346.15,1
4287.69,4026.15,4266.67,4115.38,4335.9,4603.08,4040,4594.36,4178.97,4222.05,4198.46,4273.85,4618.46,4352.82,1
4286.15,4019.49,4264.1,4111.79,4334.87,4609.23,4040.51,4592.82,4185.13,4224.62,4194.36,4275.9,4613.33,4349.74,1
4275.9,4008.72,4255.9,4107.18,4332.31,4617.95,4048.21,4608.21,4195.9,4223.08,4188.72,4269.74,4605.64,4338.97,1
4272.82,4009.23,4250.77,4106.67,4330.26,4615.9,4052.31,4612.82,4191.79,4222.05,4187.18,4264.62,4603.59,4335.38,1
4277.95,4014.36,4255.38,4110.26,4333.33,4612.82,4052.31,4609.74,4196.92,4223.59,4189.74,4267.69,4605.64,4341.03,1
4278.97,4014.87,4261.54,4111.79,4337.44,4617.95,4054.87,4611.79,4208.72,4227.18,4194.87,4268.72,4612.31,4341.54,1
4273.85,4013.33,4257.44,4109.23,4335.9,4615.9,4051.28,4608.21,4197.44,4226.15,4193.33,4264.62,4612.82,4338.46,1
4274.36,4015.38,4250.77,4109.23,4334.36,4607.69,4043.59,4602.56,4185.64,4225.64,4192.82,4266.15,4608.72,4343.08,1
4276.41,4014.87,4250.77,4110.26,4334.87,4608.21,4042.56,4601.03,4188.21,4223.59,4194.36,4266.15,4610.26,4343.08,1
4273.33,4011.79,4252.82,4109.74,4334.87,4610.77,4045.64,4603.08,4191.28,4220,4190.26,4261.03,4611.28,4335.38,1
4272.82,4014.36,4252.82,4111.28,4334.36,4608.21,4046.15,4605.64,4189.23,4217.95,4189.74,4261.54,4609.23,4335.38,1
4276.41,4019.49,4253.33,4112.31,4335.9,4607.18,4044.1,4601.03,4184.1,4214.87,4194.36,4263.08,4613.33,4341.54,1
4281.54,4020,4261.03,4109.23,4337.44,4608.72,4042.05,4593.33,4179.49,4215.38,4193.85,4265.13,4622.56,4344.62,1
4280,4018.97,4264.62,4111.28,4336.92,4608.72,4042.05,4594.36,4183.59,4218.97,4192.82,4272.31,4620,4345.13,1
4276.92,4015.9,4263.59,4115.38,4334.36,4608.21,4043.08,4603.08,4194.36,4223.59,4194.36,4274.36,4611.28,4344.1,1
4280.51,4010.77,4264.62,4112.31,4330.77,4609.23,4041.54,4603.59,4191.79,4223.59,4195.38,4267.18,4613.33,4342.05,1
4279.49,4009.23,4256.92,4108.21,4333.33,4607.69,4037.44,4597.95,4181.54,4221.54,4194.87,4263.59,4617.44,4340,1
4270.26,4008.72,4246.15,4107.69,4334.36,4604.62,4034.36,4596.41,4177.95,4219.49,4192.82,4260,4611.79,4335.38,1
4270.26,4006.67,4246.67,4108.72,4328.72,4604.1,4032.82,4597.95,4177.44,4211.79,4185.64,4256.92,4603.08,4332.82,1
4280.51,4011.79,4256.92,4116.41,4330.77,4607.69,4033.85,4600.51,4181.54,4209.74,4186.67,4262.05,4605.64,4341.03,1
4284.1,4018.97,4264.62,4124.1,4339.49,4613.33,4037.44,4599.49,4186.67,4215.9,4196.92,4272.31,4613.85,4350.77,1
4284.1,4018.97,4265.64,4122.56,4339.49,4614.87,4038.46,4596.41,4185.64,4220,4198.46,4277.95,4619.49,4352.31,1
4282.56,4011.79,4263.59,4120,4332.31,4609.23,4039.49,4593.33,4176.92,4218.46,4193.33,4275.38,4617.95,4344.1,1
4276.41,4007.18,4263.08,4120,4330.77,4607.18,4040,4591.28,4165.13,4208.72,4187.69,4266.67,4608.21,4335.38,1
4273.85,4006.67,4262.56,4120,4331.79,4607.69,4038.97,4587.18,4160,4197.95,4183.08,4261.03,4600,4333.33,1
4271.79,4006.67,4257.44,4121.03,4331.28,4604.1,4037.95,4587.18,4170.77,4198.97,4180,4260.51,4596.92,4333.33,1
4268.21,4004.62,4251.28,4120.51,4328.72,4606.15,4040.51,4597.95,4188.21,4209.23,4182.56,4258.46,4601.54,4332.31,1
4272.31,4007.69,4246.15,4116.92,4332.82,4614.87,4044.1,4608.72,4200.51,4221.03,4193.33,4257.95,4611.28,4335.9,1
4280,4015.38,4249.74,4117.95,4341.03,4617.95,4046.15,4609.74,4202.56,4233.33,4201.54,4264.62,4620,4346.15,1
4283.08,4016.41,4261.03,4122.05,4342.05,4615.38,4047.18,4601.54,4189.74,4233.85,4198.97,4267.69,4621.54,4346.15,1
4283.59,4011.28,4260.51,4120,4338.97,4612.31,4044.1,4592.82,4176.92,4217.44,4187.18,4263.08,4613.33,4334.87,1
4281.03,4007.69,4250.77,4113.85,4337.44,4611.28,4040,4585.64,4168.72,4201.03,4179.49,4257.44,4602.05,4326.15,1
4270.77,4005.64,4245.64,4109.23,4333.33,4609.23,4038.46,4582.05,4159.49,4196.92,4175.38,4253.33,4592.82,4323.08,1
4270.77,4005.13,4248.21,4108.21,4334.36,4603.59,4037.44,4588.21,4166.15,4203.08,4176.41,4254.87,4594.36,4327.69,1
4281.54,4012.31,4253.33,4109.74,4338.97,4603.08,4038.46,4596.92,4184.62,4211.79,4187.69,4263.08,4604.62,4338.46,1
4286.15,4017.44,4254.87,4109.74,4336.41,4608.72,4039.49,4597.95,4190.26,4218.97,4195.9,4270.26,4611.79,4344.1,1
4283.59,4010.77,4254.87,4109.23,4332.82,4612.82,4040,4602.05,4190.26,4220.51,4193.33,4269.74,4612.82,4338.97,1
4284.62,4006.15,4260.51,4110.77,4334.87,4613.85,4044.1,4612.31,4198.97,4219.49,4191.28,4266.67,4609.23,4336.92,1
4285.13,4008.21,4262.05,4110.77,4335.38,4609.74,4048.21,4611.28,4195.38,4219.49,4191.28,4267.18,4605.13,4337.95,1
4280,4005.13,4255.38,4106.67,4331.79,4607.18,4049.23,4597.44,4179.49,4215.38,4185.13,4264.1,4600.51,4334.36,1
4277.95,4002.05,4255.9,4105.13,4331.28,4613.85,4052.82,4598.97,4179.49,4213.33,4184.62,4265.13,4599.49,4335.9,1
4283.08,4006.67,4265.13,4107.18,4335.9,4618.97,4055.9,4612.82,4196.41,4222.05,4195.38,4274.36,4607.18,4345.64,1
4286.67,4008.72,4262.56,4108.72,4335.38,4612.31,4051.28,4614.36,4198.46,4229.23,4198.46,4276.41,4612.82,4346.67,1
4283.59,4005.64,4250.77,4106.15,4331.28,4603.08,4042.05,4602.05,4178.97,4221.54,4190.77,4267.18,4608.21,4336.41,1
4280,4004.62,4244.1,4100,4330.77,4604.1,4038.97,4596.92,4174.36,4213.33,4185.13,4259.49,4600.51,4329.74,1
4273.85,3999.49,4243.59,4094.36,4330.26,4607.69,4041.03,4598.46,4179.49,4213.85,4186.67,4254.87,4599.49,4325.64,1
4270.77,3999.49,4247.18,4096.41,4328.72,4604.62,4039.49,4595.9,4175.9,4218.46,4188.21,4253.85,4604.1,4331.28,1
4285.64,4016.41,4257.95,4111.28,4334.87,4603.59,4041.54,4601.54,4189.74,4227.18,4196.92,4267.18,4615.9,4350.77,1
4300,4022.05,4266.67,4118.97,4339.49,4613.33,4051.79,4612.82,4205.64,4230.77,4208.21,4283.08,4627.18,4358.97,1
4293.33,4010.26,4266.67,4112.82,4335.38,4618.46,4058.46,4615.38,4194.36,4227.18,4206.67,4282.05,4622.05,4347.18,1
4284.62,4007.18,4264.1,4109.23,4331.79,4614.36,4052.82,4611.28,4176.41,4218.46,4195.9,4271.28,4609.74,4336.92,1
4283.08,4010.77,4255.9,4110.26,4332.31,4612.31,4044.1,4603.08,4174.87,4208.21,4189.23,4263.08,4603.59,4334.87,1
4279.49,4008.21,4249.74,4107.69,4332.82,4613.85,4044.62,4600.51,4181.03,4205.64,4189.74,4262.05,4600,4333.85,1
4278.97,4006.15,4257.44,4106.15,4332.31,4615.38,4047.18,4608.21,4184.62,4208.21,4187.69,4264.62,4594.87,4331.28,1
4280,4004.62,4264.62,4109.74,4330.77,4612.31,4043.08,4603.08,4173.85,4204.1,4179.49,4261.54,4590.77,4325.13,1
4278.97,4003.59,4260,4113.33,4331.79,4606.67,4038.46,4584.62,4163.08,4200.51,4176.41,4256.92,4589.74,4324.62,1
4281.54,4006.15,4253.33,4111.79,4332.31,4605.64,4038.97,4586.67,4174.36,4209.23,4186.67,4257.95,4593.33,4333.33,1
4280,4004.1,4249.74,4106.67,4326.67,4609.23,4041.54,4599.49,4185.13,4215.9,4190.77,4260,4598.46,4334.87,1
4276.41,4001.03,4249.74,4105.13,4325.13,4611.28,4040.51,4598.46,4184.62,4216.92,4187.69,4263.59,4603.08,4334.87,1
4282.05,4007.69,4251.28,4111.28,4330.26,4610.77,4041.54,4601.03,4189.23,4225.13,4199.49,4266.67,4609.74,4343.59,1
4290.26,4014.87,4251.28,4113.85,4331.28,4615.38,4044.1,4616.92,4197.95,4231.79,4212.82,4266.67,4621.54,4351.79,1
4293.33,4017.95,4250.26,4112.82,4332.31,4618.97,4043.59,4626.15,4209.74,4236.92,4215.38,4273.85,4632.82,4357.44,1
4294.87,4020,4249.74,4111.28,4335.38,4616.41,4040.51,4622.05,4211.28,4242.56,4215.38,4279.49,4633.33,4357.44,1
4288.72,4018.97,4246.15,4110.26,4335.38,4617.44,4041.54,4613.85,4199.49,4243.08,4214.36,4270.26,4623.08,4350.26,1
4278.46,4009.74,4236.92,4108.72,4331.79,4616.92,4044.1,4609.74,4192.82,4234.36,4205.64,4258.97,4613.85,4338.97,1
4272.82,4001.03,4232.31,4104.1,4327.69,4611.28,4042.56,4606.15,4186.67,4222.56,4192.82,4255.9,4604.62,4334.36,1
4277.44,4004.1,4246.15,4107.18,4327.69,4611.28,4042.56,4600.51,4176.92,4215.9,4191.79,4260,4601.54,4342.05,1
4288.21,4008.72,4264.1,4116.92,4327.69,4610.26,4047.18,4601.03,4178.97,4215.38,4197.95,4272.31,4605.64,4345.64,1
4289.74,4004.1,4266.15,4115.38,4325.64,4603.08,4047.18,4607.69,4186.15,4214.36,4193.85,4275.9,4603.59,4339.49,1
4281.03,3998.97,4259.49,4106.67,4321.03,4604.1,4043.08,4607.69,4185.13,4210.26,4187.18,4267.69,4594.36,4334.87,1
4277.44,4001.03,4258.97,4107.18,4321.03,4607.69,4041.54,4600,4180,4212.31,4188.21,4265.64,4593.33,4335.9,1
4282.05,4006.15,4264.1,4114.36,4324.62,4604.1,4043.08,4594.87,4176.92,4215.9,4192.82,4270.26,4601.03,4341.54,1
4287.18,4008.72,4267.18,4116.92,4324.62,4604.1,4046.15,4596.92,4178.46,4218.46,4197.95,4275.9,4607.18,4348.72,1
4292.31,4011.79,4266.67,4118.97,4324.1,4607.18,4048.21,4603.08,4186.67,4222.05,4205.64,4281.54,4613.85,4354.36,1
4296.41,4016.41,4268.72,4121.54,4325.64,4605.13,4044.62,4605.64,4188.72,4224.62,4210.26,4285.64,4620,4358.97,1
4295.38,4014.87,4266.15,4121.54,4327.69,4606.15,4038.46,4599.49,4183.59,4224.1,4208.72,4280,4621.03,4356.92,1
4288.21,4008.72,4254.36,4115.9,4329.74,4614.36,4038.46,4595.9,4188.21,4224.62,4207.18,4271.79,4617.95,4348.21,1
4280.51,4009.74,4244.62,4109.23,4332.31,4618.97,4042.05,4601.54,4197.44,4229.23,4205.13,4268.72,4616.92,4344.1,1
4281.54,4014.87,4243.08,4115.38,4334.36,4617.44,4037.44,4603.59,4197.44,4234.36,4202.05,4266.67,4617.44,4346.15,1
4291.28,4017.95,4247.18,4122.56,4338.46,4617.44,4032.31,4601.03,4195.9,4234.36,4204.1,4270.26,4618.97,4354.87,1
4297.95,4023.59,4257.95,4124.1,4342.05,4620,4035.38,4607.18,4202.05,4236.92,4211.79,4278.46,4625.64,4363.59,1
4292.82,4022.56,4257.95,4122.56,4334.36,4612.31,4036.41,4614.36,4206.15,4236.92,4209.74,4274.87,4623.59,4351.79,1
4280.51,4008.72,4246.15,4117.95,4324.62,4602.56,4032.31,4613.85,4202.56,4229.23,4196.92,4260,4609.74,4337.95,1
4278.97,4000,4248.72,4112.31,4324.62,4606.15,4037.95,4609.74,4197.95,4227.69,4193.33,4257.95,4606.15,4344.62,1
4283.59,4002.05,4256.92,4109.23,4327.18,4612.82,4046.15,4604.1,4192.82,4227.18,4195.9,4268.21,4607.69,4348.21,1
4280,4002.05,4254.36,4110.26,4323.08,4612.31,4043.59,4601.03,4183.08,4215.38,4192.31,4269.74,4601.54,4338.97,1
4275.9,4000.51,4255.38,4114.87,4320.51,4605.64,4040,4594.87,4174.87,4209.23,4188.21,4267.18,4600,4337.44,1
4280,4004.62,4263.59,4120.51,4323.59,4603.08,4040.51,4589.23,4174.87,4212.82,4192.82,4271.79,4608.72,4344.1,1
4284.1,4008.21,4263.59,4121.54,4327.18,4605.13,4044.62,4593.33,4176.41,4210.26,4195.9,4274.36,4611.28,4347.69,1
4284.62,4008.72,4262.56,4120,4327.18,4607.18,4048.21,4597.44,4175.38,4208.72,4189.23,4270.26,4606.15,4347.69,1
4287.69,4010.77,4265.13,4121.03,4326.15,4609.23,4047.69,4591.28,4179.49,4213.85,4186.67,4269.74,4606.67,4348.72,1
4287.69,4009.23,4260,4119.49,4326.15,4614.36,4044.62,4594.87,4189.23,4219.49,4192.82,4269.74,4612.31,4352.82,1
4288.21,4005.64,4255.9,4116.92,4324.62,4615.9,4042.05,4604.62,4191.28,4220,4193.33,4268.72,4613.33,4352.82,1
4291.28,4008.21,4260.51,4117.95,4323.59,4608.72,4042.05,4600,4183.59,4215.9,4192.82,4271.79,4610.26,4351.79,1
4289.23,4011.79,4264.62,4121.54,4324.1,4602.05,4040,4588.72,4173.33,4215.9,4200.51,4273.85,4616.41,4355.38,1
4289.23,4014.36,4258.46,4122.56,4326.67,4603.59,4035.38,4584.1,4171.28,4214.87,4204.62,4272.31,4623.08,4356.92,1
4291.28,4015.38,4250.77,4123.08,4332.31,4611.28,4035.38,4587.18,4180.51,4215.9,4201.03,4271.79,4620.51,4352.82,1
4277.95,4009.23,4246.67,4117.44,4330.26,4618.46,4038.46,4595.38,4186.67,4219.49,4195.9,4268.21,4612.31,4340,1
4262.56,3998.97,4241.54,4108.72,4323.59,4617.95,4042.05,4600,4186.15,4215.38,4187.69,4257.95,4602.56,4327.69,1
4272.31,4001.03,4246.15,4113.33,4325.64,4609.23,4040.51,4594.87,4189.23,4216.92,4189.23,4257.95,4601.03,4336.41,1
4286.15,4006.67,4259.49,4122.56,4329.74,4599.49,4030.77,4591.28,4188.21,4228.72,4200,4269.74,4610.26,4350.26,1
4285.13,4004.1,4266.15,4123.59,4327.18,4598.46,4026.67,4591.28,4178.46,4223.59,4200,4275.38,4613.85,4348.21,1
4282.56,4004.62,4265.13,4123.08,4327.69,4603.59,4034.87,4588.21,4172.31,4203.59,4187.69,4268.72,4606.67,4341.54,1
4280,4004.62,4263.08,4122.56,4328.21,4605.64,4041.03,4586.67,4163.59,4193.33,4180,4260.51,4595.38,4337.44,1
4277.95,3998.97,4262.56,4120.51,4326.15,4603.59,4037.95,4583.59,4154.36,4188.21,4178.97,4261.03,4589.74,4337.44,1
4281.54,3998.97,4264.1,4121.03,4327.18,4606.15,4037.44,4580.51,4164.1,4195.38,4184.62,4268.72,4598.97,4344.62,1
4282.05,4000.51,4264.62,4121.54,4325.64,4609.23,4041.03,4586.67,4180.51,4212.31,4190.77,4273.85,4608.72,4347.69,1
4281.54,4000.51,4263.08,4121.03,4325.64,4606.67,4043.59,4597.44,4186.67,4218.97,4193.85,4273.85,4609.74,4348.72,1
4292.82,4010.77,4268.72,4130.77,4334.36,4608.21,4045.13,4604.62,4194.36,4223.08,4202.05,4276.41,4616.41,4358.97,1
4298.97,4020,4270.26,4136.92,4332.82,4615.38,4044.1,4609.23,4201.03,4228.21,4205.64,4276.41,4622.56,4358.46,1
4291.79,4013.33,4264.62,4128.21,4324.62,4614.87,4042.56,4607.18,4191.79,4224.1,4194.36,4272.82,4611.79,4345.13,1
4284.1,4002.05,4260,4120.51,4324.62,4612.82,4044.1,4602.56,4185.64,4217.44,4182.56,4267.69,4601.54,4335.9,1
4276.41,3995.9,4251.79,4118.97,4324.62,4616.92,4046.67,4606.67,4188.72,4210.77,4176.92,4258.46,4595.38,4330.26,1
4269.74,3996.92,4243.08,4114.36,4324.1,4615.9,4043.08,4607.18,4183.08,4204.62,4173.85,4252.82,4589.23,4326.15,1
4273.33,4001.54,4243.59,4111.79,4325.64,4611.79,4036.41,4596.92,4183.59,4207.69,4177.44,4256.41,4594.87,4332.31,1
4278.97,3999.49,4249.23,4113.85,4323.59,4612.31,4035.38,4590.26,4189.23,4213.85,4184.1,4258.97,4603.08,4339.49,1
4274.36,3992.31,4248.21,4110.26,4318.46,4609.74,4039.49,4591.28,4179.49,4208.21,4184.1,4260,4597.95,4335.38,1
4271.28,3991.79,4248.72,4107.69,4316.41,4603.08,4040.51,4588.21,4168.72,4203.08,4181.03,4265.64,4593.33,4332.31,1
4273.85,3991.79,4255.9,4113.33,4312.31,4603.08,4042.56,4585.64,4175.9,4205.64,4180.51,4267.18,4593.85,4329.23,1
4273.33,3988.21,4259.49,4118.46,4309.74,4608.21,4048.72,4594.36,4186.15,4202.05,4179.49,4263.59,4589.74,4323.59,1
4275.38,3990.26,4260.51,4122.05,4317.95,4608.72,4046.67,4602.56,4189.23,4201.54,4180,4263.08,4592.82,4329.23,1
4278.97,3991.28,4263.08,4121.54,4321.03,4605.13,4036.41,4599.49,4184.62,4208.72,4184.1,4266.15,4598.46,4335.9,1
4274.36,3988.72,4260,4115.38,4313.85,4601.03,4035.9,4592.82,4172.31,4206.67,4183.59,4267.69,4593.33,4330.77,1
4270.77,3989.23,4254.87,4115.38,4309.74,4601.03,4042.05,4591.28,4171.28,4196.92,4177.44,4263.08,4589.23,4327.18,1
4272.31,3988.21,4255.38,4117.95,4314.87,4606.15,4043.08,4595.38,4178.97,4196.41,4174.87,4256.41,4590.77,4328.21,1
4270.77,3987.18,4252.31,4113.85,4320,4611.28,4042.56,4594.36,4174.36,4199.49,4176.41,4255.38,4590.26,4326.15,1
4270.26,3991.79,4245.64,4113.33,4321.54,4610.77,4043.59,4589.74,4169.74,4196.92,4176.41,4258.97,4591.79,4326.67,1
4272.31,3995.9,4248.21,4120.51,4326.67,4610.77,4042.05,4592.82,4180.51,4200.51,4177.95,4258.97,4596.92,4328.72,1
4271.28,3995.38,4250.26,4122.56,4332.82,4614.36,4040.51,4601.03,4191.79,4207.69,4178.97,4257.95,4598.46,4325.13,1
4273.85,3997.95,4244.62,4120,4332.82,4615.9,4043.59,4602.56,4193.33,4213.33,4179.49,4261.03,4600.51,4328.21,1
4282.05,4005.64,4249.23,4122.05,4329.23,4613.85,4045.64,4602.56,4197.44,4218.97,4191.79,4266.15,4610.77,4342.56,1
4287.18,4011.28,4262.05,4130.26,4328.72,4612.82,4046.15,4603.59,4196.92,4221.03,4200.51,4272.82,4617.44,4347.18,1
4287.69,4007.69,4264.62,4134.36,4326.67,4614.36,4045.64,4602.05,4190.77,4218.97,4193.85,4276.41,4611.28,4336.92,1
4284.62,3998.46,4253.33,4124.1,4321.03,4613.33,4043.08,4597.95,4188.72,4216.41,4186.15,4269.74,4601.03,4329.23,1
4275.38,3991.28,4244.62,4111.28,4318.46,4611.28,4044.62,4598.46,4188.21,4212.82,4182.56,4259.49,4596.92,4327.18,1
4269.74,3990.77,4243.59,4112.82,4320,4614.36,4046.67,4603.59,4185.64,4205.64,4178.46,4261.03,4597.95,4324.1,1
4274.36,3995.9,4246.67,4120.51,4322.56,4615.9,4042.05,4604.62,4189.23,4209.23,4183.08,4268.72,4602.56,4327.69,1
4285.64,4003.59,4252.31,4125.64,4324.62,4609.23,4038.46,4603.08,4195.9,4222.56,4196.41,4273.85,4612.82,4340.51,1
4286.15,4009.23,4260.51,4127.69,4327.18,4604.62,4039.49,4603.08,4196.41,4222.56,4199.49,4276.41,4617.95,4345.13,1
4277.44,4003.59,4262.56,4126.15,4327.18,4610.26,4041.03,4602.56,4193.85,4213.33,4192.31,4276.41,4612.82,4333.85,1
4277.95,3994.36,4255.9,4124.1,4321.03,4614.36,4041.54,4601.03,4191.28,4214.87,4188.72,4270.77,4603.08,4325.64,1
4281.54,3995.38,4250.26,4122.05,4321.54,4613.33,4040,4601.54,4191.79,4221.03,4191.79,4264.1,4602.56,4331.28,1
4281.54,4003.59,4250.77,4121.54,4328.21,4614.87,4040.51,4600,4192.31,4222.05,4194.36,4264.62,4610.26,4336.92,1
4282.05,4005.64,4250.77,4129.23,4327.18,4618.46,4044.62,4595.9,4189.23,4221.03,4195.9,4266.67,4610.77,4333.33,1
4282.05,4003.08,4247.69,4133.85,4325.13,4616.41,4050.26,4602.05,4189.23,4218.97,4195.38,4263.59,4607.69,4328.21,1
4280,4003.59,4246.67,4126.15,4331.79,4617.44,4054.36,4612.31,4192.82,4220,4191.79,4263.59,4608.72,4326.67,1
4278.46,4002.05,4249.23,4123.59,4329.23,4623.59,4056.92,4615.38,4195.9,4218.46,4190.77,4266.15,4608.21,4324.62,1
4276.92,4000.51,4253.33,4129.74,4321.54,4623.59,4056.41,4615.38,4199.49,4216.41,4191.28,4263.59,4604.62,4324.62,1
4278.97,4002.05,4260.51,4132.31,4324.62,4616.41,4046.15,4608.72,4196.92,4217.44,4192.31,4267.69,4603.08,4330.77,1
4286.15,4005.13,4263.59,4132.82,4328.72,4609.74,4035.38,4595.9,4178.97,4217.44,4192.82,4277.44,4606.15,4337.44,1
4287.69,4006.15,4263.59,4138.46,4327.69,4610.26,4036.92,4589.23,4170.26,4214.36,4196.41,4276.92,4612.82,4342.05,1
4286.15,4003.59,4262.56,4138.97,4327.69,4613.85,4041.54,4591.28,4182.05,4215.9,4198.97,4271.28,4617.95,4341.03,1
4286.67,3999.49,4263.59,4134.36,4326.67,4613.33,4038.46,4589.23,4185.13,4215.38,4196.41,4275.38,4613.85,4334.36,1
4286.67,3996.92,4267.18,4134.87,4326.67,4611.79,4034.87,4587.69,4179.49,4211.28,4193.85,4282.56,4608.72,4336.41,1
4287.69,4001.03,4268.72,4136.92,4329.74,4613.85,4037.44,4593.85,4185.64,4212.82,4192.82,4281.54,4608.72,4341.03,1
4285.13,4000,4265.13,4132.82,4325.13,4615.9,4039.49,4601.54,4202.05,4213.33,4189.23,4273.85,4605.64,4335.38,1
4281.54,3991.79,4263.08,4124.62,4318.46,4615.38,4042.05,4611.28,4205.64,4211.28,4181.54,4271.79,4597.95,4327.69,1
4284.62,3991.28,4266.15,4124.62,4320,4615.9,4045.13,4614.36,4195.38,4212.31,4184.1,4278.97,4599.49,4334.36,1
4282.56,3994.87,4261.54,4125.13,4321.54,4614.36,4044.1,4602.56,4188.21,4210.77,4192.31,4284.62,4608.21,4340.51,1
4266.15,3989.23,4250.26,4120,4314.36,4609.74,4041.03,4592.31,4184.1,4209.23,4189.23,4276.92,4605.64,4327.18,1
4256.41,3980,4242.05,4116.41,4310.77,4607.69,4040.51,4592.82,4180.51,4208.21,4180,4258.97,4595.9,4311.79,1
4262.56,3980,4236.92,4117.44,4315.9,4610.77,4040,4595.9,4185.64,4209.74,4178.46,4253.85,4598.46,4315.9,1
4265.13,3985.13,4236.41,4118.97,4320.51,4615.9,4040,4597.95,4195.9,4213.33,4186.15,4262.05,4607.69,4326.15,1
4265.64,3989.74,4242.56,4121.03,4323.08,4615.38,4041.03,4599.49,4196.41,4219.49,4192.31,4262.56,4610.77,4327.18,1
4270.77,3993.33,4246.67,4128.21,4325.64,4610.77,4038.46,4599.49,4192.82,4226.15,4186.67,4255.9,4609.74,4322.56,1
4272.82,3998.46,4247.18,4136.41,4328.72,4610.26,4036.92,4601.03,4194.87,4226.67,4182.05,4258.46,4609.23,4325.13,1
4276.41,4002.56,4251.28,4137.44,4329.23,4611.79,4041.54,4604.1,4199.49,4222.56,4188.72,4265.64,4611.28,4328.72,1
4278.97,3999.49,4253.33,4134.36,4324.62,4612.82,4044.1,4602.05,4200,4222.05,4190.77,4265.64,4612.31,4326.15,1
4274.87,3994.36,4250.26,4136.41,4326.67,4614.87,4041.54,4595.9,4191.28,4224.1,4187.18,4264.1,4607.69,4324.62,1
4273.33,3997.44,4250.77,4138.46,4330.77,4616.41,4042.56,4594.87,4191.28,4217.44,4185.64,4266.15,4606.67,4325.64,1
4275.9,4000.51,4251.28,4135.38,4328.72,4615.9,4047.69,4601.03,4199.49,4211.28,4184.1,4266.15,4608.21,4324.1,1
4277.95,3998.46,4252.31,4135.38,4328.21,4615.38,4046.15,4604.62,4197.44,4216.92,4184.62,4266.15,4610.26,4329.23,1
4281.54,3999.49,4258.97,4141.03,4333.33,4614.87,4042.05,4598.97,4186.67,4222.56,4192.31,4271.79,4616.41,4341.03,1
4285.13,4004.1,4262.05,4142.56,4329.23,4610.77,4043.08,4595.9,4184.62,4220.51,4197.44,4273.33,4620.51,4342.56,1
4283.08,4004.62,4260.51,4140,4326.67,4613.33,4044.1,4601.03,4190.77,4221.54,4196.92,4273.85,4622.05,4340.51,1
4281.03,4001.54,4261.03,4141.03,4336.41,4622.05,4047.69,4608.72,4199.49,4228.72,4199.49,4273.85,4627.69,4338.97,1
4272.82,3993.85,4252.31,4136.41,4336.41,4625.13,4050.26,4611.79,4205.13,4226.15,4195.38,4260.51,4621.54,4326.15,1
4265.64,3987.69,4240.51,4126.67,4328.21,4622.05,4044.62,4609.74,4204.62,4218.97,4185.64,4249.23,4606.15,4318.46,1
4271.28,3993.33,4243.59,4131.28,4332.31,4620,4037.95,4610.77,4207.18,4227.69,4186.15,4255.38,4609.74,4327.69,1
4275.38,3998.46,4248.72,4141.54,4337.95,4617.95,4041.03,4612.31,4207.18,4236.41,4192.82,4262.56,4621.54,4333.85,1
4272.31,3993.33,4246.15,4135.38,4331.28,4612.82,4043.59,4608.72,4196.92,4230.26,4197.44,4260.51,4620,4330.26,1
4277.44,3991.28,4247.69,4127.69,4328.21,4611.28,4040,4603.08,4190.77,4223.59,4202.56,4267.18,4618.46,4333.33,1
4286.15,3996.41,4251.79,4128.21,4330.26,4614.36,4043.59,4600,4185.13,4219.49,4203.59,4277.95,4620,4336.92,1
4286.15,3994.87,4249.74,4123.08,4329.74,4615.38,4051.28,4599.49,4183.08,4212.82,4193.85,4276.41,4611.28,4334.87,1
4283.08,3992.82,4248.72,4120,4330.26,4617.95,4052.82,4603.08,4195.38,4213.33,4192.82,4273.33,4606.67,4335.38,1
4277.44,3991.79,4246.15,4119.49,4327.69,4622.05,4052.82,4605.64,4197.95,4215.38,4197.44,4270.77,4609.23,4334.36,1
4275.38,3989.74,4241.54,4114.87,4323.59,4620.51,4055.9,4604.1,4192.31,4214.36,4193.85,4266.67,4609.23,4333.33,1
4283.59,3995.38,4245.64,4116.92,4330.26,4615.9,4053.85,4602.56,4201.54,4223.08,4198.46,4270.26,4617.95,4344.1,1
4292.82,4007.69,4253.85,4125.64,4340,4613.33,4045.13,4604.62,4210.77,4232.82,4209.74,4279.49,4630.77,4354.36,1
4292.31,4009.74,4253.33,4125.13,4335.38,4612.82,4039.49,4604.1,4204.1,4232.31,4205.64,4274.87,4628.21,4346.67,1
4283.08,4001.03,4245.13,4117.44,4327.69,4614.36,4041.03,4600.51,4198.97,4228.72,4195.9,4261.54,4618.97,4333.33,1
4272.31,3994.36,4234.87,4110.77,4328.21,4614.87,4044.1,4593.85,4194.36,4224.1,4192.82,4256.92,4615.38,4326.67,1
4267.69,3989.74,4227.18,4105.64,4325.64,4612.82,4041.03,4588.21,4183.59,4215.38,4186.67,4249.74,4611.28,4322.05,1
4269.74,3986.15,4227.18,4105.13,4321.54,4613.85,4040.51,4590.26,4183.08,4212.82,4182.56,4243.59,4608.21,4322.56,1
4271.28,3989.74,4230.26,4106.15,4324.1,4616.41,4044.62,4595.9,4190.26,4218.46,4187.18,4248.21,4612.82,4328.21,1
4273.85,3995.38,4234.87,4107.18,4327.69,4609.74,4046.15,4597.95,4194.87,4225.13,4191.28,4256.92,4616.92,4333.33,1
4278.97,3995.9,4242.05,4109.74,4327.69,4602.05,4043.59,4597.44,4189.23,4223.59,4191.79,4262.56,4615.9,4334.87,1
4278.46,3993.33,4244.1,4107.69,4324.62,4598.97,4041.54,4594.36,4188.72,4217.44,4191.28,4265.64,4611.79,4334.87,1
4279.49,3993.85,4250.77,4104.62,4322.05,4600,4042.05,4596.92,4204.62,4221.54,4193.85,4271.28,4612.31,4339.49,1
4283.59,3992.31,4262.05,4107.18,4320.51,4603.59,4042.05,4604.1,4206.15,4227.69,4197.44,4281.54,4613.85,4343.59,1
4280,3988.21,4257.95,4108.21,4321.03,4602.56,4040,4597.44,4184.62,4219.49,4196.41,4284.62,4610.77,4342.56,1
4276.92,3987.69,4247.69,4107.18,4322.05,4600,4037.95,4583.59,4169.74,4207.18,4192.31,4275.38,4607.69,4341.54,1
4281.54,3992.82,4248.21,4113.85,4324.1,4608.72,4041.03,4588.72,4173.33,4207.69,4192.82,4271.28,4610.77,4340.51,1
4286.15,3996.92,4249.74,4120,4324.1,4616.41,4046.67,4600.51,4180.51,4211.79,4193.85,4275.9,4611.79,4338.97,1
4287.69,3995.38,4248.21,4114.36,4322.56,4607.18,4041.54,4595.38,4182.56,4209.74,4191.79,4276.41,4609.23,4340,1
4284.1,3992.82,4248.21,4108.21,4325.13,4598.97,4035.9,4590.26,4180,4208.21,4189.74,4275.9,4608.72,4340,1
4280,3994.87,4248.72,4110.77,4325.13,4601.03,4036.92,4592.82,4178.97,4212.31,4188.21,4271.28,4609.74,4334.87,1
4280.51,3994.87,4248.21,4111.28,4321.54,4600.51,4038.97,4596.41,4192.31,4217.44,4187.18,4266.67,4609.23,4333.33,1
4280.51,3989.23,4248.21,4106.67,4320,4604.1,4046.67,4606.15,4203.59,4219.49,4187.69,4269.74,4606.15,4333.85,1
4275.38,3986.67,4248.72,4105.13,4320.51,4612.82,4052.31,4611.28,4200,4222.05,4191.79,4272.82,4606.67,4336.41,1
4274.87,3989.23,4245.64,4106.67,4320.51,4613.85,4047.18,4603.08,4192.31,4222.05,4189.74,4266.15,4608.72,4336.92,1
4275.9,3991.28,4238.97,4104.62,4323.59,4610.26,4044.62,4595.9,4184.62,4215.9,4182.56,4257.95,4607.69,4332.31,1
4277.95,3993.85,4238.46,4106.15,4327.69,4606.67,4048.21,4592.82,4175.9,4208.21,4178.97,4257.95,4604.62,4329.74,1
4283.59,3998.97,4254.87,4116.41,4327.18,4602.05,4042.56,4581.54,4171.79,4204.62,4179.49,4265.64,4601.54,4333.33,1
4286.67,3997.95,4265.64,4121.03,4326.15,4600,4037.44,4574.36,4172.31,4204.62,4184.62,4275.9,4601.03,4337.44,1
4280.51,3991.28,4255.9,4110.26,4325.13,4604.62,4044.62,4579.49,4171.79,4203.08,4188.72,4278.97,4601.03,4337.44,1
4275.9,3989.23,4245.64,4103.59,4321.54,4605.64,4044.62,4581.03,4163.59,4197.44,4183.59,4273.33,4596.92,4332.31,1
4278.97,3987.69,4243.08,4109.23,4320.51,4602.56,4033.85,4580,4163.59,4195.38,4176.92,4265.64,4592.82,4329.23,1
4280,3976.92,4242.05,4108.72,4322.56,4604.1,4033.85,4588.72,4180.51,4204.62,4179.49,4261.54,4597.44,4329.74,1
4276.41,3961.54,4242.56,4103.59,4323.08,4605.64,4041.54,4604.1,4196.41,4212.82,4184.1,4262.56,4602.05,4328.72,1
4276.41,3959.49,4244.62,4104.62,4321.54,4603.59,4037.44,4609.23,4195.9,4213.85,4187.18,4269.74,4600.51,4332.31,1
4278.97,3965.13,4245.13,4106.15,4323.08,4606.67,4035.38,4609.74,4197.44,4218.46,4191.79,4272.82,4602.56,4335.38,1
4280,3965.13,4246.67,4105.13,4326.15,4614.36,4045.13,4612.31,4207.18,4227.18,4191.79,4270.77,4608.72,4338.46,1
4282.56,3966.15,4250.26,4106.67,4325.13,4615.9,4049.23,4608.72,4203.08,4229.74,4191.79,4272.31,4612.82,4343.59,1
4283.59,3966.67,4248.72,4107.69,4322.05,4615.9,4045.64,4605.64,4200,4226.67,4191.79,4274.87,4610.77,4341.54,1
4278.46,3962.56,4247.69,4103.59,4323.59,4614.36,4042.05,4607.18,4203.08,4222.56,4186.15,4269.74,4602.56,4332.31,1
4276.92,3961.54,4247.69,4103.08,4322.56,4606.67,4041.03,4600.51,4185.13,4212.82,4177.95,4264.1,4594.87,4327.69,1
4279.49,3966.67,4246.67,4105.64,4321.03,4602.05,4041.03,4586.15,4166.15,4203.59,4177.44,4266.67,4596.92,4333.85,1
4283.08,3969.74,4251.28,4106.67,4324.1,4603.08,4039.49,4579.49,4169.23,4203.59,4183.08,4273.33,4603.59,4339.49,1
4283.08,3968.21,4261.03,4106.15,4324.62,4600,4040,4580.51,4171.28,4203.59,4183.08,4274.36,4604.62,4338.46,1
4280.51,3967.18,4265.13,4106.67,4321.54,4599.49,4044.62,4582.56,4170.77,4198.97,4178.97,4273.85,4599.49,4334.36,1
4282.56,3968.21,4260.51,4107.69,4323.08,4610.26,4047.69,4595.9,4190.77,4203.08,4182.05,4276.92,4598.46,4337.95,1
4289.23,3973.33,4263.59,4108.72,4323.59,4618.97,4045.64,4610.77,4203.08,4216.92,4192.31,4280.51,4607.18,4343.08,1
4284.62,3972.31,4264.62,4108.21,4321.54,4613.85,4044.1,4606.67,4190.77,4215.9,4189.23,4277.44,4606.15,4335.38,1
4273.33,3966.67,4252.31,4104.62,4323.59,4608.72,4043.59,4600,4191.28,4207.69,4178.97,4269.23,4596.41,4330.77,1
4275.38,3973.85,4246.15,4109.23,4329.74,4612.82,4043.08,4614.36,4215.38,4221.54,4188.21,4270.26,4603.08,4337.95,1
4284.1,3982.05,4248.72,4114.36,4332.82,4617.95,4045.64,4623.59,4215.38,4235.38,4200,4274.36,4615.38,4341.03,1
4280.51,3978.97,4248.72,4108.72,4332.82,4618.97,4045.13,4604.62,4183.08,4225.13,4194.36,4270.77,4611.28,4338.97,1
4278.97,3973.33,4252.31,4110.26,4330.77,4612.82,4042.05,4583.59,4170.77,4213.33,4188.72,4269.74,4603.08,4338.97,1
4286.67,3976.92,4261.03,4119.49,4326.15,4601.54,4038.97,4579.49,4178.97,4213.85,4190.26,4273.85,4605.13,4340,1
4287.69,3980.51,4262.05,4115.38,4321.03,4598.46,4039.49,4582.05,4173.85,4207.69,4188.72,4270.77,4608.72,4338.97,1
4277.95,3966.67,4260,4105.64,4320,4606.15,4048.21,4586.15,4176.41,4203.59,4185.13,4266.67,4603.08,4332.82,1
4272.82,3955.9,4261.54,4106.67,4323.08,4611.28,4057.44,4598.46,4198.46,4213.33,4181.03,4272.82,4591.28,4329.74,1
4276.41,3968.72,4260,4111.28,4322.05,4613.85,4060,4609.74,4198.97,4211.79,4174.87,4273.85,4581.03,4334.36,1
4282.56,3984.62,4258.97,4115.38,4319.49,4616.41,4062.56,4608.72,4182.56,4197.95,4170.77,4263.08,4577.95,4338.46,1
4291.79,3991.28,4260.51,4121.54,4325.13,4615.38,4061.03,4601.54,4181.54,4197.95,4176.92,4265.13,4585.64,4345.13,1
4302.56,4000,4268.72,4123.08,4330.26,4613.85,4055.38,4599.49,4191.28,4207.69,4187.69,4282.56,4596.92,4358.97,1
4308.72,4004.1,4279.49,4124.62,4330.26,4613.85,4056.92,4603.08,4193.85,4212.82,4190.26,4293.85,4603.59,4365.64,1
4310.77,3995.38,4275.38,4125.64,4332.31,4614.87,4061.03,4606.67,4192.82,4215.9,4189.23,4290.26,4603.59,4361.03,1
4306.15,3994.36,4265.64,4123.08,4333.85,4615.38,4061.54,4612.31,4196.92,4218.46,4191.28,4283.08,4601.54,4354.87,1
4298.46,3997.95,4262.56,4122.05,4329.74,4616.92,4058.97,4613.33,4203.59,4220,4190.26,4275.38,4600.51,4351.79,1
4293.33,3997.44,4256.92,4122.56,4331.28,4621.54,4054.87,4606.15,4205.64,4224.1,4189.74,4270.77,4603.08,4350.26,1
4293.33,4000.51,4248.21,4122.56,4338.97,4624.62,4053.33,4600.51,4197.95,4223.59,4196.92,4273.33,4605.64,4350.77,1
4293.33,4005.13,4248.72,4123.59,4338.97,4623.08,4055.38,4601.03,4191.28,4219.49,4194.87,4268.72,4602.56,4346.67,1
4293.33,4006.15,4250.26,4126.15,4331.79,4616.92,4054.87,4601.03,4190.77,4217.44,4181.54,4256.41,4598.46,4341.54,1
4294.36,4002.05,4249.23,4125.64,4328.21,4608.21,4051.28,4599.49,4185.13,4212.82,4177.95,4258.97,4595.38,4346.15,1
4294.87,3997.44,4254.87,4123.08,4326.67,4604.62,4051.28,4595.9,4175.38,4202.56,4183.59,4272.31,4596.41,4353.85,1
4292.82,3997.44,4262.56,4123.08,4325.64,4602.56,4050.77,4588.21,4175.38,4197.44,4183.08,4275.9,4596.92,4352.31,1
4289.74,3997.95,4265.13,4124.62,4328.21,4602.56,4049.74,4583.59,4180.51,4201.54,4177.44,4268.72,4592.31,4346.15,1
4290.77,3995.38,4261.54,4124.1,4327.69,4610.77,4053.33,4591.28,4178.97,4200.51,4174.87,4264.62,4584.1,4343.08,1
4288.21,3987.18,4259.49,4120,4320,4617.44,4057.44,4598.46,4177.95,4193.33,4172.82,4265.64,4574.36,4339.49,1
4281.03,3980,4264.62,4117.44,4315.9,4608.72,4057.44,4595.9,4188.72,4196.92,4174.36,4270.77,4572.31,4337.95,1
4278.46,3978.97,4267.18,4112.82,4314.36,4601.54,4056.41,4599.49,4195.38,4207.18,4179.49,4280,4577.44,4341.03,1
4282.05,3980.51,4264.62,4108.72,4311.28,4604.62,4056.92,4606.15,4183.08,4200.51,4176.92,4283.08,4577.44,4340.51,1
4286.15,3982.05,4265.13,4113.33,4311.28,4603.59,4056.92,4603.59,4173.85,4189.23,4171.79,4279.49,4573.33,4338.46,1
4286.15,3984.62,4265.64,4117.95,4314.36,4598.97,4055.9,4600.51,4184.1,4197.44,4175.9,4274.87,4580,4343.59,1
4288.72,3990.77,4264.1,4118.46,4317.95,4601.54,4050.77,4602.56,4196.41,4211.28,4182.56,4274.87,4592.31,4351.28,1
4291.28,3997.44,4264.1,4120,4322.05,4607.69,4049.23,4603.59,4198.97,4215.38,4184.1,4274.87,4596.41,4349.23,1
4286.67,3997.44,4258.97,4117.44,4323.59,4608.72,4053.33,4598.97,4190.77,4211.79,4182.56,4268.72,4590.77,4338.97,1
4279.49,3990.77,4248.72,4112.31,4321.03,4603.59,4048.72,4593.33,4180,4204.1,4173.33,4258.46,4582.05,4332.31,1
4280,3989.74,4246.15,4112.82,4322.56,4600.51,4037.95,4592.31,4177.44,4196.92,4165.64,4253.33,4578.46,4331.79,1
4282.05,3993.85,4249.23,4111.28,4325.13,4605.13,4040,4596.41,4183.08,4200,4170.77,4255.38,4577.95,4334.87,1
4278.97,3992.31,4248.72,4113.33,4322.56,4607.69,4050.26,4600.51,4188.21,4209.74,4179.49,4258.97,4583.59,4336.41,1
4279.49,3991.28,4249.74,4120.51,4320,4606.67,4052.31,4599.49,4188.21,4212.82,4179.49,4262.56,4591.79,4339.49,1
4281.54,3993.85,4257.95,4116.92,4320.51,4606.67,4048.72,4591.28,4180.51,4203.08,4176.41,4266.67,4588.21,4344.62,1
4282.05,3995.38,4265.13,4113.33,4321.03,4605.13,4047.18,4586.15,4175.9,4197.95,4178.97,4270.77,4584.62,4345.64,1
4289.23,3999.49,4266.67,4122.05,4320.51,4601.54,4042.56,4590.26,4180.51,4203.08,4185.64,4277.44,4590.26,4347.69,1
4294.87,4000,4265.13,4125.13,4317.44,4599.49,4041.54,4595.38,4178.97,4202.05,4184.1,4278.97,4589.23,4348.21,1
4287.69,3992.31,4264.1,4117.95,4315.9,4601.03,4047.18,4597.44,4176.92,4194.87,4174.87,4272.31,4580,4341.03,1
4284.1,3992.82,4264.62,4119.49,4322.56,4606.67,4053.85,4598.46,4181.03,4196.41,4174.87,4269.74,4584.62,4340,1
4292.82,4003.08,4266.67,4127.69,4330.77,4607.18,4052.31,4596.41,4185.64,4202.05,4180.51,4274.87,4592.82,4350.26,1
4293.33,4004.1,4267.18,4127.69,4330.26,4604.1,4048.72,4597.44,4189.74,4202.56,4180,4274.87,4587.18,4348.72,1
4285.13,3993.33,4262.05,4122.05,4324.62,4606.15,4050.26,4601.54,4187.69,4200,4174.87,4267.69,4577.95,4332.31,1
4284.1,3989.74,4258.97,4122.05,4323.08,4604.1,4050.77,4594.87,4177.44,4197.95,4172.31,4264.62,4578.46,4330.77,1
4291.28,3994.87,4263.59,4127.69,4324.1,4600.51,4050.26,4587.69,4173.85,4196.41,4177.44,4268.72,4584.1,4344.1,1
4290.77,3992.82,4262.56,4124.62,4321.03,4604.1,4050.77,4593.85,4182.56,4197.95,4176.41,4266.15,4583.08,4342.05,1
4282.05,3986.15,4251.79,4110.77,4317.44,4605.64,4048.21,4599.49,4189.74,4199.49,4167.69,4254.87,4575.9,4329.23,1
4274.87,3982.56,4246.15,4108.21,4318.46,4597.95,4045.64,4600,4189.74,4203.59,4168.72,4250.77,4576.92,4329.23,1
4276.92,3987.18,4247.69,4114.36,4322.56,4596.41,4048.21,4600.51,4189.23,4210.26,4176.41,4258.46,4582.56,4337.95,1
4281.54,3991.79,4250.26,4114.36,4327.18,4605.13,4052.31,4595.9,4188.72,4209.23,4177.95,4265.64,4583.08,4340,1
4278.46,3987.69,4248.72,4105.64,4327.18,4609.23,4051.28,4592.82,4181.54,4199.49,4173.85,4260.51,4577.95,4334.36,1
4269.74,3976.92,4237.95,4095.38,4322.05,4604.62,4048.21,4590.26,4168.21,4190.26,4168.21,4252.82,4573.33,4325.64,1
4266.67,3973.33,4229.74,4092.82,4316.41,4598.97,4047.69,4582.05,4160.51,4184.1,4161.54,4249.74,4568.72,4319.49,1
4276.92,3981.03,4239.49,4099.49,4316.92,4595.9,4048.72,4580.51,4159.49,4180,4161.54,4250.77,4568.21,4326.15,1
4291.28,3989.74,4255.9,4110.26,4323.59,4596.92,4049.23,4586.67,4167.18,4188.21,4171.79,4262.56,4580.51,4341.03,1
4299.49,3993.85,4264.1,4116.41,4330.77,4599.49,4053.33,4592.82,4181.54,4206.67,4183.59,4277.95,4595.38,4349.74,1
4298.46,3994.87,4262.56,4114.36,4333.85,4603.08,4058.46,4598.97,4189.23,4217.95,4191.79,4280,4599.49,4352.82,1
4293.85,3993.85,4254.36,4108.21,4331.28,4607.69,4060.51,4605.13,4190.77,4220,4193.85,4273.33,4600,4350.26,1
4288.72,3993.33,4247.69,4105.64,4328.72,4609.74,4064.62,4607.18,4192.31,4217.44,4188.21,4270.26,4597.95,4341.03,1
4282.05,3989.23,4246.15,4108.21,4328.21,4605.13,4066.15,4605.64,4190.26,4209.23,4180.51,4266.67,4588.72,4333.85,1
4284.1,3990.26,4253.33,4109.23,4330.26,4603.08,4064.62,4604.1,4185.64,4206.67,4182.05,4267.18,4587.18,4340,1
4291.28,3997.44,4263.59,4109.74,4333.85,4610.77,4064.62,4607.69,4189.74,4211.79,4187.69,4273.33,4595.38,4347.18,1
4291.79,3993.33,4255.9,4106.15,4331.79,4615.9,4064.62,4613.33,4198.46,4212.82,4184.62,4271.79,4597.44,4347.18,1
4287.69,3985.64,4246.15,4101.03,4330.26,4614.87,4065.13,4613.85,4198.97,4214.36,4183.59,4267.18,4595.38,4347.18,1
4288.72,3988.21,4255.38,4103.59,4333.33,4608.21,4062.56,4609.23,4192.82,4218.46,4188.72,4271.79,4593.33,4347.18,1
4294.36,3995.9,4269.74,4112.31,4333.33,4599.49,4053.85,4600.51,4187.18,4216.92,4189.23,4278.46,4593.85,4349.23,1
4301.03,3999.49,4274.36,4118.97,4331.28,4600.51,4048.72,4597.95,4189.23,4214.87,4189.74,4285.13,4602.56,4353.85,1
4304.1,3997.44,4277.44,4121.54,4332.31,4603.59,4052.31,4604.1,4193.33,4220,4194.36,4288.72,4606.15,4355.9,1
4297.95,3992.82,4274.36,4117.95,4331.28,4600.51,4055.38,4604.1,4191.79,4215.9,4193.33,4283.59,4596.41,4350.26,1
4287.18,3989.23,4265.13,4107.18,4327.18,4599.49,4055.9,4602.05,4188.21,4205.64,4185.64,4276.92,4588.21,4345.13,1
4285.64,3989.74,4269.23,4107.18,4327.69,4601.54,4058.97,4607.18,4186.15,4208.21,4187.69,4281.03,4591.79,4347.18,1
4296.41,3991.79,4278.46,4119.49,4333.85,4606.15,4061.54,4613.33,4196.92,4218.46,4195.9,4288.21,4598.46,4352.31,1
4299.49,3994.36,4272.82,4123.59,4338.46,4612.31,4058.46,4612.82,4209.23,4222.05,4196.92,4286.67,4602.05,4356.41,1
4291.79,3997.95,4263.08,4118.46,4337.44,4612.82,4051.79,4603.08,4192.31,4215.9,4191.79,4277.44,4600,4351.79,1
4292.82,3996.92,4264.62,4120.51,4333.85,4607.69,4046.67,4590.26,4169.74,4207.69,4184.1,4271.79,4594.36,4345.13,1
4295.9,3993.33,4267.18,4121.54,4332.31,4604.1,4045.13,4586.67,4173.33,4202.05,4177.95,4271.28,4589.74,4344.62,1
4292.31,3991.28,4264.1,4117.95,4335.38,4602.05,4046.15,4592.31,4181.03,4197.95,4176.41,4270.26,4587.18,4345.13,1
4291.79,3995.38,4264.1,4119.49,4341.54,4605.13,4050.26,4597.44,4184.62,4205.13,4178.46,4271.28,4591.79,4346.15,1
4294.36,3998.46,4264.1,4120.51,4342.56,4614.87,4057.95,4608.21,4200,4219.49,4182.05,4276.92,4596.41,4351.28,1
4293.85,3993.85,4263.08,4113.33,4340,4618.97,4065.64,4621.54,4213.85,4225.64,4190.26,4278.46,4595.9,4353.33,1
4291.79,3989.23,4263.08,4110.77,4342.56,4617.44,4068.72,4623.59,4217.44,4228.72,4190.77,4274.36,4596.41,4347.69,1
4293.85,3993.33,4263.08,4115.9,4343.08,4616.92,4068.72,4617.95,4214.87,4232.82,4184.1,4275.38,4596.41,4345.64,1
4304.1,4006.15,4270.26,4121.03,4341.54,4618.97,4065.13,4609.23,4197.95,4226.67,4186.67,4278.97,4592.82,4356.92,1
4321.54,4023.08,4277.95,4127.69,4341.03,4616.92,4057.44,4598.46,4175.38,4215.38,4189.74,4278.97,4593.85,4372.82,1
4337.44,4040,4280,4136.41,4336.92,4612.31,4053.85,4590.77,4167.69,4205.64,4183.59,4283.08,4595.38,4380,1
4345.13,4049.74,4278.46,4140.51,4332.82,4606.67,4053.33,4587.69,4164.1,4197.95,4178.46,4282.56,4587.69,4377.95,1
4355.38,4054.87,4279.49,4142.56,4333.85,4603.08,4050.26,4587.18,4162.56,4189.74,4175.9,4275.9,4576.92,4384.1,1
4369.23,4065.13,4280.51,4143.59,4334.36,4600.51,4047.69,4590.77,4174.36,4188.21,4173.85,4276.92,4576.92,4397.44,1
4376.92,4071.28,4282.05,4141.54,4328.72,4600,4049.74,4596.92,4185.13,4193.85,4173.85,4283.08,4581.54,4399.49,1
4383.59,4075.9,4290.26,4146.67,4328.72,4602.05,4052.82,4599.49,4184.62,4195.38,4172.82,4284.1,4578.97,4401.54,1
4398.97,4089.74,4298.46,4157.44,4332.82,4603.59,4051.28,4597.95,4180,4193.33,4174.87,4288.72,4574.87,4415.9,1
4406.67,4096.92,4298.46,4156.92,4330.77,4601.03,4049.23,4595.38,4176.92,4194.36,4180,4296.92,4577.44,4421.03,1
4401.54,4090.26,4294.36,4151.28,4327.18,4600,4047.18,4591.79,4173.33,4194.87,4175.9,4292.31,4577.44,4413.85,1
4401.54,4091.28,4293.85,4152.31,4329.23,4602.05,4048.21,4587.18,4171.28,4191.28,4173.33,4286.15,4570.26,4413.85,1
4402.05,4096.41,4293.33,4155.38,4329.74,4603.08,4050.77,4582.56,4166.67,4186.15,4173.85,4287.69,4566.67,4415.9,1
4395.9,4090.77,4293.85,4156.41,4326.15,4600.51,4054.87,4580,4158.97,4178.97,4164.62,4287.69,4561.03,4408.72,1
4394.36,4088.72,4298.46,4154.36,4327.18,4599.49,4060.51,4582.56,4163.08,4174.87,4156.92,4284.62,4551.79,4406.15,1
4397.44,4095.9,4299.49,4155.38,4334.36,4603.08,4058.46,4589.23,4174.87,4180.51,4166.15,4286.15,4554.87,4411.28,1
4395.9,4100.51,4296.92,4162.05,4336.41,4605.13,4053.85,4594.87,4183.08,4188.72,4176.92,4287.18,4567.69,4413.85,1
4392.82,4098.97,4295.38,4163.59,4335.9,4602.05,4052.82,4601.54,4190.26,4195.9,4177.44,4286.15,4574.36,4412.82,1
4389.23,4092.82,4295.9,4156.41,4334.87,4598.97,4050.26,4603.59,4188.21,4196.92,4174.36,4290.26,4570.26,4407.18,1
4383.59,4088.72,4300,4152.82,4335.38,4600,4045.13,4599.49,4183.08,4192.82,4174.36,4293.33,4565.64,4402.05,1
4381.03,4087.69,4303.59,4154.36,4336.92,4602.05,4043.08,4595.38,4186.15,4198.46,4178.97,4290.77,4569.74,4404.1,1
4380.51,4084.62,4299.49,4154.36,4339.49,4602.05,4043.08,4590.26,4189.23,4208.21,4183.08,4290.26,4576.41,4403.59,1
4373.33,4074.36,4294.36,4153.33,4338.46,4600.51,4039.49,4584.62,4178.46,4202.56,4181.54,4291.28,4572.82,4395.38,1
4363.08,4068.72,4295.9,4153.85,4334.36,4601.03,4038.46,4583.59,4167.18,4188.72,4174.87,4285.64,4562.05,4386.15,1
4356.92,4071.79,4294.87,4153.85,4336.92,4603.08,4048.21,4589.74,4175.38,4188.21,4168.72,4281.54,4556.41,4380.51,1
4351.79,4069.74,4290.77,4154.36,4343.08,4604.62,4057.95,4592.82,4183.59,4192.31,4166.67,4284.62,4557.95,4375.38,1
4345.64,4058.46,4289.74,4153.85,4343.59,4606.15,4058.46,4591.79,4181.03,4191.79,4166.15,4283.08,4555.9,4377.44,1
4343.59,4055.38,4293.33,4153.85,4340,4608.72,4058.46,4594.87,4186.67,4193.85,4163.59,4281.54,4549.74,4378.46,1
4340.51,4057.95,4296.41,4154.36,4338.46,4610.26,4065.13,4601.03,4192.31,4193.33,4163.59,4285.13,4547.69,4367.69,1
4335.9,4052.31,4294.87,4152.31,4336.92,4612.31,4068.21,4604.1,4185.13,4189.23,4165.64,4284.62,4549.23,4359.49,1
4332.82,4047.69,4287.69,4151.28,4333.33,4609.23,4063.08,4601.54,4184.1,4188.72,4165.64,4281.03,4545.13,4362.56,1
4330.77,4046.67,4281.54,4154.36,4336.41,4605.64,4055.38,4596.92,4188.72,4193.85,4160,4278.46,4544.62,4361.54,1
4327.18,4043.08,4281.03,4151.79,4342.05,4609.23,4051.79,4594.87,4181.03,4194.36,4161.03,4275.9,4548.21,4351.79,1
4323.59,4038.97,4283.08,4141.54,4340,4613.33,4055.9,4600.51,4182.05,4190.26,4169.23,4280,4545.64,4352.31,1
4319.49,4034.87,4282.05,4138.97,4337.95,4612.31,4061.03,4605.13,4192.31,4192.31,4170.77,4287.69,4545.64,4361.54,1
4316.92,4033.85,4279.49,4144.62,4343.59,4612.82,4061.54,4601.54,4190.26,4198.97,4165.13,4287.18,4551.28,4357.95,1
4315.38,4034.87,4281.03,4143.59,4345.13,4613.85,4060.51,4598.46,4186.15,4200,4163.59,4280.51,4547.69,4344.62,1
4306.67,4028.21,4279.49,4136.41,4336.41,4611.28,4059.49,4596.41,4182.56,4192.82,4161.54,4276.41,4541.03,4345.13,1
4292.82,4014.87,4269.23,4131.28,4332.82,4609.74,4055.9,4592.82,4174.36,4189.74,4157.44,4272.82,4540,4342.56,1
4283.08,4006.67,4262.56,4126.15,4332.31,4611.79,4055.9,4596.92,4177.95,4187.69,4152.82,4265.64,4531.79,4321.03,1
4272.82,3998.97,4258.97,4115.9,4325.64,4612.31,4063.59,4609.74,4187.18,4181.03,4145.64,4258.46,4516.92,4307.69,1
4263.08,3989.74,4249.23,4106.15,4321.03,4606.67,4066.15,4610.26,4180.51,4174.36,4138.46,4255.9,4510.26,4308.72,1
4267.18,3990.26,4249.23,4107.18,4323.59,4603.59,4062.56,4597.44,4172.82,4174.87,4141.03,4257.44,4511.79,4307.69,1
4276.92,3994.87,4263.08,4116.41,4330.26,4608.72,4064.62,4596.92,4181.54,4184.62,4151.28,4262.05,4522.56,4313.33,1
4276.41,3994.87,4266.67,4120,4335.38,4614.87,4069.74,4605.64,4192.31,4191.79,4161.54,4271.79,4533.85,4323.08,1
4274.87,3995.9,4261.54,4120,4336.41,4616.41,4071.28,4607.18,4194.87,4195.9,4162.56,4275.9,4536.92,4326.67,1
4275.38,3995.38,4264.62,4118.97,4335.9,4616.41,4072.82,4604.1,4194.36,4203.59,4161.03,4273.33,4536.92,4328.72,1
4267.69,3990.77,4264.1,4111.79,4335.38,4620,4074.36,4602.56,4191.28,4204.1,4161.54,4272.31,4536.92,4320.51,1
4259.49,3983.08,4253.33,4104.1,4333.33,4619.49,4065.64,4596.41,4182.05,4193.33,4157.44,4268.21,4532.82,4307.69,1
4255.38,3980.51,4247.18,4104.1,4329.74,4611.79,4053.85,4592.31,4180,4190.77,4151.79,4259.49,4528.72,4306.15,1
4248.72,3981.03,4246.15,4104.62,4328.21,4610.26,4057.95,4604.1,4191.28,4195.38,4149.74,4254.87,4525.64,4302.56,1
4246.67,3979.49,4245.64,4103.08,4331.28,4615.38,4067.18,4612.82,4195.9,4193.33,4150.77,4257.44,4523.59,4300.51,1
4255.38,3982.05,4252.82,4106.67,4336.41,4616.92,4069.74,4604.1,4186.67,4191.79,4155.9,4262.56,4528.72,4310.77,1
4261.03,3985.64,4262.56,4109.23,4336.41,4616.41,4071.79,4596.41,4177.95,4192.82,4160,4268.21,4536.92,4311.79,1
4255.38,3981.03,4257.95,4106.67,4332.31,4615.9,4070.26,4595.38,4181.03,4188.72,4155.38,4269.23,4529.74,4298.97,1
4248.72,3976.41,4248.21,4105.13,4333.33,4613.85,4065.13,4597.95,4186.15,4182.05,4148.21,4261.03,4519.49,4293.33,1
4250.77,3976.41,4251.28,4106.15,4334.87,4620.51,4068.21,4605.64,4192.31,4184.62,4151.28,4258.46,4524.62,4300,1
4248.21,3965.64,4252.31,4102.56,4332.31,4628.72,4072.31,4609.74,4197.44,4195.9,4154.87,4258.97,4528.21,4297.44,0
4241.54,3966.15,4245.64,4103.59,4337.95,4620.51,4068.21,4601.54,4188.72,4198.46,4150.26,4253.85,4522.05,4292.31,0
4253.33,4001.54,4254.87,4119.49,4345.64,4610.77,4060.51,4591.28,4175.9,4192.82,4146.67,4254.36,4520.51,4298.97,0
4267.18,4027.69,4265.64,4129.74,4339.49,4609.74,4055.9,4586.15,4169.74,4183.08,4142.05,4257.95,4513.33,4297.95,0
4253.85,4027.18,4248.21,4122.05,4332.31,4607.69,4052.82,4583.59,4165.13,4165.64,4125.64,4246.67,4485.64,4275.38,0
4238.97,4032.82,4232.31,4123.08,4340.51,4604.62,4053.33,4580.51,4157.95,4152.82,4112.31,4229.74,4464.1,4259.49,0
4245.13,4047.18,4241.03,4134.36,4348.72,4612.31,4053.85,4585.13,4163.59,4160,4111.28,4228.21,4456.92,4263.59,0
4250.26,4047.18,4250.26,4138.46,4346.67,4620,4051.79,4597.44,4178.97,4169.74,4109.23,4232.31,4450.26,4260.51,0
4242.56,4037.44,4244.62,4133.33,4346.15,4616.92,4051.79,4596.41,4172.82,4166.67,4104.62,4228.72,4447.18,4248.72,0
4233.85,4033.33,4234.87,4125.64,4349.23,4613.85,4054.36,4585.64,4157.95,4162.56,4103.59,4223.59,4447.18,4248.21,0
4233.85,4034.87,4233.33,4126.67,4348.72,4616.41,4053.33,4582.56,4156.92,4162.56,4106.15,4224.1,4451.28,4255.9,0
4238.46,4033.85,4242.05,4136.92,4345.13,4615.9,4048.21,4584.62,4166.67,4164.62,4111.28,4229.74,4459.49,4263.59,0
4241.03,4031.28,4248.72,4138.97,4343.59,4613.33,4047.69,4589.74,4173.85,4170.26,4118.46,4233.85,4467.18,4267.18,0
4240.51,4030.77,4248.21,4129.74,4343.59,4615.38,4051.79,4596.92,4177.95,4177.95,4123.08,4237.95,4471.79,4264.62,0
4238.97,4026.67,4247.69,4124.62,4345.13,4615.38,4054.36,4593.33,4179.49,4178.97,4120.51,4241.03,4472.31,4262.05,0
4234.87,4022.56,4240,4125.13,4347.18,4613.85,4055.38,4587.69,4172.31,4171.28,4115.38,4236.92,4462.05,4261.03,0
4229.74,4024.1,4230.26,4122.05,4343.59,4613.85,4054.36,4588.21,4164.1,4162.05,4111.79,4227.69,4454.36,4247.69,0
4224.1,4022.56,4230.77,4121.54,4339.49,4613.33,4052.82,4587.69,4166.15,4158.97,4107.18,4226.67,4456.41,4233.85,0
4221.03,4016.41,4231.79,4121.54,4341.03,4611.28,4053.85,4591.79,4169.74,4161.03,4105.64,4230.77,4453.85,4243.08,0
4225.64,4014.87,4231.28,4120.51,4341.54,4611.28,4053.33,4596.41,4168.72,4166.67,4115.9,4233.85,4460,4262.05,0
4235.9,4018.97,4239.49,4125.13,4340,4613.33,4054.36,4600,4175.9,4174.87,4128.72,4240.51,4477.44,4271.28,0
4241.03,4024.62,4248.72,4136.41,4347.18,4617.95,4062.05,4607.69,4191.79,4187.18,4133.33,4251.28,4484.62,4275.9,0
4243.59,4027.69,4250.77,4139.49,4350.77,4620,4062.05,4614.36,4199.49,4196.92,4136.92,4256.41,4481.54,4277.95,0
4241.54,4024.1,4248.21,4133.33,4344.1,4615.9,4052.31,4609.23,4189.23,4191.28,4137.95,4250.26,4483.59,4275.38,0
4235.38,4021.03,4245.64,4133.85,4345.13,4615.9,4051.28,4603.08,4182.05,4178.46,4134.36,4242.56,4484.1,4268.21,0
4233.33,4026.67,4245.64,4137.44,4351.28,4619.49,4058.97,4605.13,4185.13,4179.49,4132.82,4244.1,4481.54,4263.08,0
4241.03,4031.28,4248.21,4137.44,4349.23,4615.38,4060,4601.03,4184.1,4187.69,4132.31,4248.72,4485.64,4268.21,0
4247.69,4031.79,4250.77,4140,4342.05,4612.82,4057.95,4596.41,4186.15,4190.26,4135.38,4250.26,4486.15,4276.41,0
4244.62,4027.69,4251.79,4138.97,4340,4614.87,4060,4602.05,4190.77,4187.69,4139.49,4251.28,4484.62,4278.97,0
4243.59,4025.13,4251.28,4135.38,4342.05,4615.38,4060,4602.05,4180.51,4183.59,4135.38,4252.31,4485.64,4281.54,0
4251.79,4033.85,4250.26,4137.44,4347.69,4615.38,4055.9,4592.31,4172.31,4181.03,4130.77,4249.23,4488.72,4281.54,0
4249.74,4040.51,4248.21,4140,4351.28,4617.44,4053.33,4591.28,4182.05,4181.03,4131.28,4244.62,4487.18,4273.33,0
4236.41,4036.41,4246.67,4137.95,4350.26,4617.44,4054.36,4597.44,4188.21,4184.1,4134.87,4242.56,4483.08,4269.23,0
4239.49,4035.38,4249.74,4139.49,4349.74,4615.9,4054.36,4595.9,4183.08,4187.18,4137.95,4245.64,4486.15,4275.38,0
4248.21,4037.95,4251.28,4140.51,4349.23,4615.9,4053.85,4592.31,4175.38,4184.62,4134.36,4246.15,4489.23,4277.44,0
4240.51,4032.31,4246.67,4133.33,4346.15,4617.95,4053.85,4594.87,4176.41,4180,4130.26,4242.56,4485.13,4275.38,0
4237.44,4026.67,4245.13,4133.33,4343.59,4617.44,4054.87,4600.51,4186.15,4183.59,4134.87,4245.13,4482.56,4278.97,0
4247.18,4027.69,4249.23,4138.46,4342.56,4613.85,4058.46,4596.92,4181.54,4185.64,4136.92,4250.77,4486.67,4281.54,0
4243.59,4025.13,4247.69,4135.9,4341.54,4612.82,4058.97,4590.77,4170.26,4180.51,4130.77,4246.15,4483.59,4271.28,0
4229.23,4017.44,4241.03,4127.18,4340,4616.41,4053.85,4592.82,4170.26,4175.9,4125.64,4236.41,4474.87,4260.51,0
4230.26,4015.38,4242.05,4123.59,4342.56,4614.87,4049.74,4588.72,4170.77,4173.85,4123.59,4233.85,4475.9,4266.15,0
4240,4021.03,4245.13,4129.74,4345.64,4612.31,4050.77,4584.62,4166.67,4173.33,4127.69,4238.97,4485.13,4269.23,0
4241.03,4026.15,4242.56,4135.9,4343.59,4614.36,4050.26,4592.31,4169.74,4175.9,4134.87,4243.08,4488.21,4264.1,0
4241.54,4023.59,4244.62,4137.44,4341.54,4614.36,4046.67,4595.9,4177.95,4180.51,4132.82,4245.64,4482.56,4269.23,0
4242.56,4020,4249.74,4132.82,4341.03,4611.28,4048.72,4595.9,4182.56,4181.54,4130.77,4244.62,4481.54,4279.49,0
4239.49,4020,4248.72,4126.15,4340,4613.85,4053.33,4605.13,4183.59,4180,4138.46,4243.08,4492.31,4281.54,0
4237.95,4020,4249.23,4129.23,4340,4617.95,4055.9,4608.21,4180.51,4177.95,4139.49,4245.13,4494.36,4279.49,0
4237.95,4017.95,4251.79,4133.85,4340,4616.92,4056.92,4603.59,4181.54,4183.59,4130.77,4249.74,4486.15,4277.95,0
4238.46,4020.51,4249.23,4131.28,4341.03,4616.41,4056.92,4604.1,4185.64,4189.23,4132.82,4250.77,4487.18,4276.92,0
4245.64,4026.67,4247.69,4130.26,4344.1,4616.92,4053.33,4602.56,4182.05,4185.13,4142.05,4252.31,4495.9,4284.62,0
4253.33,4026.67,4251.79,4136.41,4346.67,4614.36,4050.26,4594.36,4174.36,4184.62,4140.51,4255.38,4499.49,4296.41,0
4251.79,4026.15,4254.36,4140,4346.67,4614.36,4051.79,4586.15,4170.77,4188.72,4134.36,4252.82,4496.92,4290.77,0
4245.13,4023.59,4250.26,4135.9,4344.62,4613.85,4050.77,4577.95,4163.59,4180.51,4130.77,4243.08,4489.23,4269.23,0
4236.41,4011.28,4246.67,4129.23,4342.56,4610.77,4042.56,4573.33,4153.85,4165.64,4124.62,4235.9,4480.51,4258.97,0
4234.87,4009.74,4247.69,4129.23,4342.56,4611.28,4038.97,4578.46,4165.13,4170.26,4125.64,4238.97,4488.21,4275.9,0
4247.18,4021.03,4249.23,4137.44,4348.21,4615.9,4047.18,4588.72,4185.13,4186.67,4136.41,4249.74,4500,4290.77,0
4253.33,4024.1,4250.77,4140.51,4351.79,4624.62,4055.9,4595.9,4187.18,4188.21,4144.1,4256.41,4502.56,4285.13,0
4249.23,4022.05,4257.44,4137.95,4347.69,4631.79,4059.49,4598.97,4178.97,4183.59,4143.59,4255.9,4501.54,4279.49,0
4248.21,4023.59,4264.62,4141.54,4343.08,4630.26,4060.51,4598.46,4177.44,4184.1,4138.97,4254.87,4499.49,4284.62,0
4248.21,4021.54,4263.08,4140.51,4342.05,4622.56,4062.56,4596.92,4184.62,4190.26,4134.36,4253.85,4498.97,4287.69,0
4246.15,4017.95,4261.03,4136.41,4342.05,4618.46,4066.67,4601.03,4190.26,4196.41,4136.92,4253.85,4502.56,4279.49,0
4243.59,4011.79,4262.05,4138.46,4336.92,4616.92,4066.15,4605.64,4186.67,4198.46,4137.95,4251.28,4501.03,4268.72,0
4239.49,4004.1,4256.92,4131.79,4332.82,4615.38,4058.97,4604.1,4186.15,4194.36,4130.77,4244.1,4494.36,4270.77,0
4245.13,4012.82,4249.23,4124.1,4338.97,4616.41,4057.44,4603.08,4191.28,4191.28,4135.38,4245.64,4501.03,4284.62,0
4250.77,4022.56,4248.72,4131.28,4346.15,4620.51,4062.05,4605.13,4187.18,4188.72,4136.41,4247.69,4495.38,4273.33,0
4237.44,4008.21,4248.21,4135.38,4344.62,4625.64,4063.59,4604.62,4177.95,4182.05,4119.49,4238.97,4471.28,4251.28,0
4230.26,3997.44,4246.15,4131.28,4343.08,4623.59,4063.08,4605.64,4181.54,4183.08,4123.08,4235.38,4485.13,4269.23,0
4247.18,4002.05,4253.33,4132.31,4342.05,4617.44,4063.59,4609.23,4190.77,4190.77,4151.28,4246.67,4530.26,4305.13,0
4256.92,3992.31,4263.59,4129.23,4333.85,4618.46,4066.15,4610.26,4192.31,4198.46,4169.74,4263.59,4556.92,4315.9,0
4253.33,3972.31,4265.64,4118.46,4327.69,4620,4067.18,4610.77,4192.31,4212.31,4177.95,4275.38,4568.21,4315.9,0
4258.46,3965.13,4263.59,4118.97,4331.28,4618.97,4067.69,4619.49,4205.13,4226.15,4183.59,4278.46,4582.05,4325.13,0
4268.21,3966.15,4264.62,4123.08,4333.85,4621.54,4066.67,4628.72,4221.03,4232.82,4183.08,4278.46,4585.13,4329.23,0
4269.74,3967.18,4269.23,4120.51,4334.87,4626.15,4063.59,4630.26,4219.49,4230.77,4185.64,4280,4581.54,4323.59,0
4264.62,3966.15,4270.26,4120.51,4340,4627.69,4064.1,4626.67,4208.72,4222.05,4188.72,4276.92,4583.08,4323.59,0
4258.97,3960.51,4263.59,4119.49,4338.46,4626.67,4066.67,4624.1,4209.23,4219.49,4178.97,4268.72,4578.97,4321.03,0
4257.44,3960.51,4260,4117.95,4333.85,4624.62,4066.67,4623.59,4211.79,4224.62,4176.41,4269.23,4575.38,4309.74,0
4257.44,3962.56,4266.67,4121.03,4335.38,4621.54,4068.72,4620.51,4206.15,4226.67,4186.67,4278.46,4578.46,4311.28,0
4254.87,3957.44,4268.72,4120.51,4334.87,4625.64,4077.95,4621.54,4206.67,4222.05,4187.18,4284.62,4581.03,4325.64,0
4259.49,3958.97,4263.59,4118.46,4335.9,4631.79,4082.56,4627.18,4213.85,4222.56,4183.08,4284.1,4584.1,4330.26,0
4266.15,3963.08,4269.74,4120,4339.49,4625.64,4075.38,4625.64,4214.36,4229.23,4185.64,4282.56,4586.67,4327.18,0
4263.59,3958.46,4278.46,4121.03,4330.77,4615.9,4067.69,4622.05,4208.21,4228.72,4185.64,4281.54,4585.13,4323.08,0
4261.03,3954.87,4277.44,4120,4323.08,4615.9,4068.72,4623.59,4205.13,4222.05,4185.13,4282.56,4583.59,4323.08,0
4265.64,3957.95,4277.95,4122.56,4331.28,4623.08,4075.38,4626.67,4207.69,4223.08,4188.72,4287.69,4585.64,4326.67,0
4263.59,3957.44,4274.36,4117.95,4328.72,4626.15,4078.97,4629.23,4211.28,4229.74,4187.69,4286.67,4583.08,4318.46,0
4257.95,3952.82,4266.67,4109.74,4319.49,4626.67,4078.46,4629.74,4214.36,4229.23,4184.62,4281.03,4578.46,4314.36,0
4262.56,3953.85,4273.85,4116.92,4327.18,4624.1,4074.87,4620.51,4209.23,4225.64,4191.28,4283.08,4587.69,4328.72,0
4268.72,3958.97,4283.08,4126.67,4335.38,4621.03,4070.26,4612.82,4198.97,4225.13,4193.33,4287.69,4596.92,4331.79,0
4269.23,3965.64,4281.03,4124.1,4332.31,4625.13,4067.18,4614.87,4193.33,4218.97,4186.67,4288.21,4589.74,4322.05,0
4269.23,3965.64,4277.44,4121.54,4331.79,4624.62,4062.56,4609.23,4195.38,4213.33,4181.54,4287.18,4583.59,4321.54,0
4266.15,3958.46,4277.44,4124.62,4332.31,4615.38,4054.87,4600,4198.46,4217.95,4179.49,4282.05,4586.15,4322.05,0
4262.56,3964.1,4276.41,4128.21,4334.36,4615.9,4053.33,4603.08,4196.41,4228.21,4186.15,4278.46,4591.28,4319.49,0
4261.03,3972.31,4271.28,4128.21,4338.97,4626.15,4056.92,4610.26,4196.41,4227.69,4195.9,4282.05,4593.85,4322.05,0
4257.95,3966.15,4265.13,4127.69,4337.44,4627.69,4056.92,4611.28,4200,4220,4190.26,4280.51,4587.69,4320,0
4259.49,3965.13,4270.26,4132.31,4336.41,4622.05,4054.87,4610.77,4206.15,4223.08,4181.54,4275.9,4585.13,4323.08,0
4267.18,3977.44,4275.38,4140,4343.08,4623.59,4054.36,4612.31,4205.13,4227.18,4186.67,4276.92,4592.31,4332.31,0
4265.13,3976.41,4266.67,4133.85,4340.51,4628.72,4057.44,4612.31,4197.44,4217.44,4187.18,4278.46,4590.26,4311.28,0
4258.46,3963.08,4260.51,4121.54,4329.23,4627.18,4058.97,4609.74,4195.9,4210.77,4179.49,4279.49,4581.03,4291.28,0
4262.56,3965.64,4265.13,4125.64,4333.33,4625.13,4056.92,4608.21,4204.62,4217.95,4186.15,4281.03,4587.69,4318.97,0
4268.72,3971.79,4266.67,4130.26,4342.05,4629.74,4058.97,4614.87,4214.36,4229.23,4196.92,4282.56,4596.41,4340.51,0
4265.64,3965.13,4264.62,4123.08,4337.95,4632.82,4066.15,4621.03,4215.38,4233.85,4192.31,4282.05,4590.77,4325.13,0
4266.67,3965.64,4267.18,4125.13,4334.87,4630.26,4070.26,4616.92,4210.26,4230.77,4192.31,4280,4592.82,4328.72,0
4272.31,3972.82,4273.33,4132.82,4337.95,4631.28,4069.23,4615.38,4205.13,4232.82,4200,4280,4600,4338.46,0
4271.79,3969.74,4275.9,4130.26,4334.87,4631.28,4067.18,4616.92,4207.18,4235.9,4195.38,4285.13,4592.31,4325.13,0
4276.41,3967.18,4276.92,4130.26,4332.31,4626.67,4065.13,4615.9,4208.72,4229.23,4190.26,4292.82,4591.79,4332.31,0
4290.77,3974.87,4283.08,4137.95,4336.92,4628.72,4062.56,4616.41,4207.69,4228.21,4203.08,4300,4615.38,4358.46,0
4294.87,3974.87,4284.62,4136.41,4337.44,4631.28,4057.95,4616.41,4207.69,4239.49,4213.33,4298.97,4630.26,4360,0
4293.33,3969.74,4281.54,4133.85,4335.38,4630.77,4054.36,4613.85,4202.56,4237.44,4207.69,4289.74,4623.08,4350.77,0
4299.49,3973.85,4282.56,4138.46,4336.92,4632.31,4057.44,4615.9,4204.1,4227.69,4203.08,4288.21,4616.92,4349.74,0
4295.38,3968.72,4282.05,4135.9,4333.85,4633.33,4062.05,4618.46,4203.59,4228.72,4201.54,4295.38,4615.38,4344.62,0
4284.1,3959.49,4280,4131.79,4331.28,4626.67,4058.97,4610.26,4191.28,4226.67,4201.03,4296.41,4609.74,4340,0
4288.72,3966.67,4281.54,4136.41,4335.38,4624.62,4061.03,4607.69,4192.31,4222.05,4204.1,4293.85,4610.77,4344.62,0
4291.79,3968.72,4282.56,4133.85,4335.38,4632.82,4073.85,4621.54,4211.28,4229.74,4205.64,4291.28,4617.44,4347.18,0
4281.03,3960,4279.49,4126.15,4328.21,4636.92,4080.51,4630.77,4215.38,4236.41,4206.67,4291.28,4618.46,4344.1,0
4281.03,3961.03,4278.46,4130.77,4329.23,4632.31,4075.9,4627.69,4202.56,4231.28,4210.26,4293.85,4615.9,4341.03,0
4289.23,3969.23,4280.51,4138.97,4338.97,4630.26,4071.79,4620,4201.03,4225.13,4210.77,4297.95,4618.97,4348.72,0
4293.33,3969.74,4282.05,4137.95,4344.1,4633.85,4073.33,4621.54,4211.79,4227.69,4213.85,4303.08,4622.56,4353.85,0
4294.87,3968.72,4283.59,4137.95,4343.59,4632.31,4075.38,4627.18,4207.69,4233.33,4214.87,4303.08,4621.54,4347.18,0
4291.28,3967.18,4283.08,4141.03,4344.62,4632.82,4075.9,4621.03,4191.79,4227.18,4205.64,4296.41,4611.79,4341.03,0
4278.97,3960,4280.51,4135.38,4340.51,4636.92,4077.44,4618.46,4186.67,4211.79,4194.36,4289.74,4599.49,4334.87,0
4277.44,3955.38,4276.41,4126.67,4335.38,4635.9,4080,4624.1,4193.85,4211.79,4194.87,4289.23,4601.03,4337.95,0
4288.72,3957.95,4278.46,4125.64,4338.46,4635.38,4081.03,4623.08,4198.97,4226.67,4206.15,4294.87,4615.38,4345.64,0
4288.72,3963.59,4280,4126.15,4338.46,4637.95,4082.56,4622.56,4203.08,4231.79,4212.31,4300,4617.95,4343.59,0
4280,3963.59,4271.79,4124.1,4333.33,4635.9,4085.64,4631.79,4208.72,4227.18,4208.72,4297.44,4610.77,4340,0
4280,3958.97,4271.28,4123.59,4337.44,4634.87,4085.64,4634.36,4212.82,4234.87,4210.77,4291.79,4614.87,4348.21,0
4287.18,3960.51,4276.41,4122.05,4345.13,4636.92,4085.64,4630.26,4215.38,4245.13,4219.49,4291.28,4624.1,4358.46,0
4285.13,3962.05,4271.28,4118.97,4342.56,4637.95,4088.72,4632.82,4212.31,4238.97,4218.46,4292.82,4623.08,4353.33,0
4279.49,3956.41,4263.08,4116.92,4335.9,4636.92,4087.69,4639.49,4211.79,4233.33,4211.79,4294.36,4616.41,4343.08,0
4279.49,3955.9,4263.08,4112.82,4336.41,4634.36,4078.97,4638.97,4212.82,4240.51,4212.82,4291.28,4613.33,4342.05,0
4277.95,3961.54,4261.54,4106.67,4338.97,4629.74,4071.28,4626.15,4206.67,4241.54,4211.79,4282.05,4612.31,4343.08,0
4276.92,3961.03,4258.46,4106.67,4340.51,4629.23,4073.33,4623.59,4209.74,4233.33,4205.64,4278.97,4609.23,4341.03,0
4280.51,3961.03,4261.03,4107.69,4340,4628.72,4075.38,4635.38,4217.44,4234.36,4206.67,4282.56,4609.74,4340.51,0
4283.08,3963.59,4263.08,4106.67,4336.41,4628.72,4074.36,4636.92,4213.85,4241.54,4209.23,4285.13,4612.31,4340,0
4281.03,3962.05,4262.56,4108.21,4334.36,4630.77,4080,4630.77,4208.72,4241.54,4208.21,4284.62,4609.23,4337.95,0
4283.08,3965.64,4263.59,4107.69,4336.41,4632.31,4086.67,4634.36,4211.79,4238.97,4209.74,4284.62,4607.69,4344.62,0
4285.13,3968.21,4265.64,4105.64,4338.97,4633.33,4084.62,4637.95,4213.85,4242.05,4214.87,4284.1,4615.38,4354.36,0
4283.59,3963.08,4265.64,4106.67,4336.92,4634.36,4081.54,4636.41,4215.9,4246.67,4218.97,4289.23,4621.54,4354.87,0
4286.67,3962.05,4266.15,4107.69,4336.92,4637.95,4088.72,4641.03,4221.54,4246.15,4222.56,4295.9,4621.54,4353.85,0
4287.69,3961.54,4270.26,4107.69,4339.49,4637.44,4092.31,4645.13,4220,4247.69,4226.15,4297.44,4623.59,4349.74,0
4284.1,3961.03,4269.23,4106.67,4337.95,4631.28,4084.1,4638.97,4212.82,4248.72,4222.05,4295.38,4622.05,4344.1,0
4282.05,3964.62,4264.1,4105.13,4337.44,4630.77,4076.92,4630.77,4210.77,4243.08,4214.87,4289.23,4620,4346.67,0
4283.08,3966.15,4263.08,4105.13,4341.54,4632.82,4076.41,4626.15,4209.74,4240,4212.31,4283.59,4620.51,4351.79,0
4280,3965.64,4261.03,4105.13,4343.59,4632.31,4078.46,4626.15,4204.1,4241.54,4212.31,4284.1,4615.38,4348.72,0
4279.49,3971.79,4260,4104.62,4343.59,4632.31,4078.97,4630.77,4203.59,4238.97,4211.79,4286.15,4612.31,4344.1,0
4281.54,3972.82,4264.1,4106.67,4342.05,4633.85,4078.46,4634.36,4210.26,4238.46,4214.87,4288.21,4618.46,4348.72,0
4277.95,3970.26,4267.18,4107.18,4340,4630.77,4080,4634.87,4215.38,4247.18,4216.92,4289.23,4622.05,4354.87,0
4278.46,3974.87,4267.18,4108.72,4344.62,4630.77,4085.64,4640,4218.97,4253.33,4214.87,4288.21,4620.51,4354.87,0
4285.13,3975.38,4266.15,4115.9,4348.72,4633.33,4084.62,4641.03,4216.41,4248.72,4216.41,4287.69,4622.56,4353.85,0
4289.23,3974.87,4264.62,4116.92,4343.59,4633.33,4078.46,4632.31,4210.77,4247.18,4223.08,4289.23,4626.67,4357.95,0
4286.15,3977.44,4265.64,4108.21,4337.44,4631.79,4081.54,4629.74,4208.72,4251.28,4223.08,4293.33,4624.62,4358.46,0
4279.49,3969.23,4265.64,4104.62,4336.41,4631.28,4089.74,4637.44,4211.79,4245.64,4213.85,4293.33,4617.44,4350.77,0
4280,3962.05,4262.05,4105.64,4335.38,4631.79,4090.77,4640.51,4218.46,4241.03,4212.31,4288.21,4616.41,4348.72,0
4288.21,3969.23,4264.1,4106.15,4336.41,4631.79,4086.15,4635.9,4218.97,4251.79,4227.69,4289.74,4629.74,4358.46,0
4289.74,3976.92,4269.74,4107.69,4338.97,4629.74,4084.62,4634.36,4220,4265.64,4236.92,4299.49,4639.49,4365.64,0
4288.72,3974.87,4271.28,4109.23,4340,4628.72,4083.59,4636.41,4223.59,4262.05,4230.26,4303.59,4636.92,4363.59,0
4290.26,3971.28,4270.26,4109.74,4338.97,4626.67,4080,4632.31,4210.77,4247.18,4221.03,4296.41,4627.18,4358.46,0
4285.64,3972.31,4268.72,4109.74,4336.41,4623.59,4078.46,4623.59,4190.77,4235.38,4214.36,4289.23,4617.95,4356.92,0
4285.64,3976.41,4269.74,4110.26,4338.46,4624.1,4077.44,4623.59,4198.46,4230.77,4216.41,4293.33,4620,4360,0
4293.85,3977.95,4270.77,4110.26,4340,4623.59,4073.33,4628.21,4209.74,4233.33,4220.51,4298.46,4622.05,4356.41,0
4287.69,3973.85,4266.15,4107.18,4335.9,4620.51,4070.77,4619.49,4195.38,4234.36,4210.77,4289.23,4610.77,4344.62,0
4276.41,3970.26,4258.97,4103.08,4332.31,4622.05,4076.41,4612.31,4191.28,4229.74,4200.51,4276.92,4602.05,4343.59,0
4282.05,3974.36,4260,4104.62,4335.38,4626.15,4085.13,4622.05,4207.69,4232.31,4206.67,4281.03,4609.23,4354.87,0
4286.15,3974.87,4266.15,4107.18,4334.87,4621.03,4085.13,4628.21,4209.74,4240.51,4214.87,4286.15,4617.95,4355.9,0
4278.97,3970.77,4260,4103.08,4329.23,4615.38,4080,4618.46,4197.95,4239.49,4211.79,4282.05,4615.9,4349.74,0
4277.44,3970.26,4252.82,4098.97,4328.72,4621.03,4078.46,4615.38,4195.38,4231.79,4211.28,4282.05,4610.26,4351.28,0
4277.44,3971.28,4257.95,4100,4329.74,4625.13,4078.97,4621.54,4197.44,4228.21,4213.85,4286.67,4611.28,4349.74,0
4277.95,3971.28,4262.56,4104.1,4331.79,4623.08,4077.44,4623.59,4201.54,4232.31,4212.31,4287.18,4616.41,4350.77,0
4282.56,3974.36,4261.03,4106.15,4335.9,4622.56,4071.79,4618.46,4203.08,4236.92,4211.79,4285.13,4618.97,4357.44,0
4284.1,3980,4258.97,4106.15,4336.41,4625.13,4067.69,4615.9,4197.44,4233.33,4211.79,4282.05,4616.41,4355.9,0
4278.97,3977.44,4252.82,4105.13,4334.36,4625.64,4069.74,4619.49,4200,4226.15,4208.72,4281.03,4609.74,4347.18,0
4278.97,3975.38,4251.28,4105.64,4336.92,4624.1,4072.31,4627.18,4210.77,4227.18,4207.69,4284.1,4606.15,4348.72,0
4283.59,3980.51,4261.54,4108.21,4342.05,4624.62,4071.28,4629.74,4210.77,4234.36,4210.77,4286.15,4609.23,4356.41,0
4282.56,3981.03,4267.18,4109.23,4340.51,4625.64,4072.31,4627.69,4206.67,4235.9,4211.28,4285.64,4613.33,4353.33,0
4280.51,3976.92,4263.59,4107.69,4335.38,4627.18,4076.41,4626.67,4210.77,4233.33,4210.26,4286.15,4610.77,4350.77,0
4282.56,3976.92,4263.08,4108.72,4334.36,4625.64,4076.41,4626.67,4209.74,4231.28,4210.26,4286.15,4609.74,4356.92,0
4284.62,3977.95,4266.67,4109.74,4334.87,4618.97,4072.82,4625.13,4202.05,4234.36,4208.21,4285.64,4612.31,4355.9,0
4280.51,3970.26,4263.59,4104.1,4330.77,4612.31,4067.69,4618.46,4197.95,4234.87,4207.18,4282.56,4607.18,4343.08,0
4275.38,3964.1,4254.36,4097.95,4328.21,4611.79,4066.67,4610.26,4189.74,4226.67,4203.59,4274.87,4597.44,4338.97,0
4277.44,3969.74,4254.87,4101.54,4331.79,4611.28,4069.74,4607.69,4179.49,4220,4195.9,4272.82,4597.44,4346.15,0
4281.03,3975.9,4263.08,4109.74,4335.38,4609.74,4071.28,4607.18,4182.05,4219.49,4200,4280,4605.64,4344.62,0
4280.51,3973.85,4264.1,4110.26,4336.92,4613.85,4074.87,4613.33,4195.9,4224.62,4206.67,4281.54,4606.67,4337.44,0
4277.44,3972.31,4259.49,4105.64,4337.44,4618.97,4079.49,4624.1,4205.13,4231.28,4204.1,4280,4599.49,4340,0
4273.85,3973.85,4253.85,4101.54,4334.87,4620,4080.51,4625.64,4204.1,4231.28,4200,4280,4594.87,4346.67,0
4273.33,3971.79,4253.85,4101.54,4332.31,4621.03,4081.03,4622.05,4202.56,4230.26,4198.97,4277.44,4596.92,4339.49,0
4275.9,3970.77,4262.56,4107.18,4334.36,4619.49,4081.54,4625.13,4203.08,4229.74,4197.44,4274.87,4600.51,4334.87,0
4277.95,3976.41,4268.21,4109.23,4337.44,4619.49,4080,4629.74,4197.44,4227.69,4195.9,4276.41,4598.46,4343.08,0
4278.46,3980,4263.59,4107.18,4337.44,4623.59,4082.05,4630.77,4197.44,4226.15,4198.97,4281.03,4598.46,4346.15,0
4281.54,3978.46,4263.08,4108.21,4334.87,4623.59,4082.56,4631.79,4204.1,4232.82,4203.08,4285.13,4605.64,4345.13,0
4283.08,3977.95,4264.1,4109.23,4334.36,4617.95,4075.9,4626.67,4200.51,4234.36,4205.64,4284.62,4607.18,4347.69,0
4282.56,3980,4263.08,4108.72,4340,4615.9,4069.74,4618.46,4192.82,4226.15,4204.1,4282.56,4603.59,4348.72,0
4289.23,3981.03,4268.21,4112.82,4342.05,4617.95,4072.31,4623.08,4204.62,4228.21,4205.64,4285.64,4605.13,4351.79,0
4294.36,3982.05,4273.85,4116.92,4336.92,4620,4076.92,4632.31,4213.33,4237.95,4210.77,4290.26,4607.69,4356.41,0
4288.72,3982.05,4267.69,4111.28,4334.36,4618.97,4075.38,4630.26,4204.62,4233.33,4206.67,4287.18,4602.05,4344.62,0
4277.95,3970.77,4258.46,4098.97,4331.28,4615.38,4074.87,4630.77,4207.18,4227.18,4198.97,4279.49,4591.28,4329.74,0
4269.74,3955.9,4257.95,4093.33,4326.67,4615.38,4077.44,4635.9,4211.79,4226.67,4196.92,4275.38,4586.67,4335.38,0
4269.74,3956.92,4261.54,4097.95,4327.69,4617.95,4077.95,4629.74,4201.03,4221.54,4198.46,4278.46,4592.82,4345.64,0
4273.85,3966.67,4263.08,4101.54,4329.23,4616.92,4077.44,4625.13,4197.44,4218.46,4200,4283.59,4595.9,4344.62,0
4277.44,3969.74,4264.1,4100,4328.72,4616.41,4076.92,4629.74,4206.15,4222.56,4202.56,4287.69,4596.41,4346.67,0
4283.59,3975.38,4264.1,4104.1,4333.33,4618.97,4074.36,4627.69,4208.72,4226.67,4207.69,4290.26,4603.59,4356.92,0
4290.26,3984.62,4265.64,4109.23,4340,4617.95,4070.26,4623.59,4203.08,4231.28,4210.77,4290.77,4609.74,4358.97,0
4286.15,3981.54,4267.18,4112.82,4339.49,4613.85,4069.23,4627.69,4203.59,4234.36,4206.67,4286.15,4607.18,4349.74,0
4278.97,3974.36,4265.64,4115.9,4337.44,4614.87,4070.26,4629.23,4208.21,4231.79,4198.97,4276.92,4602.05,4336.92,0
4275.38,3973.33,4262.05,4111.28,4337.44,4618.97,4073.33,4629.23,4209.74,4227.69,4195.9,4269.74,4597.95,4334.36,0
4272.82,3972.31,4262.05,4103.59,4335.38,4622.05,4077.44,4633.33,4202.56,4228.21,4197.44,4274.87,4594.87,4341.54,0
4274.87,3972.31,4262.56,4105.13,4336.41,4624.62,4077.44,4631.79,4196.92,4227.18,4198.97,4282.05,4597.95,4347.18,0
4280.51,3980,4263.59,4113.85,4344.62,4628.21,4071.79,4629.23,4205.13,4224.1,4202.56,4284.62,4603.59,4350.26,0
4286.15,3991.79,4273.85,4121.03,4350.26,4627.69,4071.79,4636.41,4214.87,4230.77,4209.23,4286.15,4609.74,4354.87,0
4289.74,3991.79,4281.03,4123.08,4346.15,4626.15,4080,4650.26,4220,4245.64,4215.38,4289.74,4614.87,4354.36,0
4285.13,3982.05,4270.77,4118.46,4343.08,4628.72,4081.03,4657.95,4225.64,4251.28,4215.9,4291.79,4613.33,4351.79,0
4276.92,3976.41,4260.51,4112.31,4344.1,4631.79,4077.44,4653.33,4227.18,4248.21,4213.33,4288.72,4611.28,4347.18,0
4277.44,3976.41,4263.59,4109.23,4346.15,4631.28,4076.92,4647.18,4223.08,4243.59,4209.23,4282.56,4609.23,4343.59,0
4280,3976.41,4265.13,4109.23,4346.67,4631.79,4076.41,4641.03,4210.26,4232.82,4205.13,4278.46,4600.51,4346.15,0
4276.41,3976.41,4261.03,4111.28,4345.13,4631.28,4072.31,4632.31,4197.44,4227.18,4201.54,4279.49,4596.41,4345.64,0
4276.41,3981.54,4260,4114.36,4345.13,4626.15,4069.74,4626.67,4201.54,4232.31,4205.64,4282.05,4603.08,4339.49,0
4276.92,3983.59,4260,4119.49,4348.21,4625.13,4072.82,4628.21,4209.74,4232.31,4211.28,4281.03,4606.67,4341.54,0
4274.87,3982.56,4262.56,4123.08,4353.33,4628.72,4074.87,4628.72,4207.18,4234.36,4211.28,4278.97,4605.13,4346.67,0
4275.38,3986.67,4263.59,4122.05,4353.85,4632.31,4070.26,4624.62,4200.51,4235.38,4205.64,4275.9,4603.08,4340.51,0
4274.36,3986.15,4254.87,4114.87,4347.69,4630.26,4064.62,4621.54,4198.46,4222.56,4198.46,4268.72,4597.44,4333.85,0
4271.28,3980,4248.21,4108.72,4343.08,4626.67,4064.1,4624.62,4207.69,4219.49,4196.41,4265.13,4592.82,4339.49,0
4275.9,3980,4250.26,4107.69,4345.13,4627.18,4067.69,4632.31,4216.41,4234.87,4201.54,4271.79,4598.97,4344.62,0
4276.92,3981.54,4250.77,4109.23,4346.67,4628.21,4071.28,4635.9,4216.41,4242.56,4206.15,4275.38,4606.67,4335.9,0
4264.1,3975.38,4246.67,4105.13,4343.59,4627.18,4072.31,4632.82,4212.82,4238.97,4205.13,4265.64,4602.05,4324.62,0
4258.46,3968.21,4242.56,4101.03,4342.56,4626.15,4072.31,4632.82,4212.82,4236.41,4205.13,4259.49,4597.44,4330.26,0
4266.15,3968.21,4237.95,4098.97,4342.56,4630.26,4072.82,4636.41,4212.31,4239.49,4210.77,4264.62,4601.03,4338.97,0
4264.62,3968.21,4240,4091.79,4339.49,4630.26,4073.85,4634.87,4207.18,4241.03,4213.33,4269.23,4602.56,4332.82,0
4264.62,3971.28,4248.21,4092.82,4342.05,4621.54,4070.26,4628.21,4203.08,4236.41,4212.31,4272.82,4602.56,4333.85,0
4279.49,3982.56,4252.31,4107.69,4349.74,4617.95,4066.67,4626.15,4209.23,4238.46,4213.85,4277.95,4605.13,4346.67,0
4286.15,3985.64,4251.28,4108.21,4349.23,4624.1,4072.31,4630.26,4215.38,4246.67,4214.36,4283.08,4605.64,4345.13,0
4276.41,3976.41,4248.72,4091.28,4345.13,4627.69,4076.41,4630.77,4206.15,4240.51,4209.23,4284.1,4601.54,4336.92,0
4273.33,3973.33,4247.18,4092.31,4349.74,4627.18,4072.82,4630.26,4203.08,4230.26,4206.67,4280.51,4597.95,4341.03,0
4277.95,3981.03,4247.18,4103.59,4350.77,4624.62,4068.21,4632.31,4212.82,4237.44,4209.23,4276.92,4600,4345.13,0
4277.44,3985.64,4246.15,4099.49,4342.05,4620.51,4064.1,4626.67,4206.67,4240,4208.72,4273.85,4604.1,4340,0
4275.9,3984.62,4245.64,4094.36,4339.49,4618.97,4064.1,4622.05,4195.9,4230.26,4208.21,4273.85,4598.46,4337.44,0
4272.82,3979.49,4248.21,4098.46,4342.56,4620.51,4071.79,4629.23,4203.59,4229.74,4208.21,4279.49,4594.36,4340,0
4270.77,3974.87,4249.74,4102.56,4342.05,4620.51,4077.44,4638.46,4213.33,4240.51,4207.18,4280.51,4599.49,4342.05,0
4276.92,3979.49,4252.31,4105.13,4342.56,4625.13,4077.44,4642.05,4212.82,4244.1,4208.72,4279.49,4602.05,4345.13,0
4285.64,3986.15,4254.87,4107.69,4344.1,4626.15,4076.92,4640,4208.21,4238.46,4211.28,4282.56,4601.03,4346.67,0
4280,3983.08,4249.74,4105.13,4338.46,4615.38,4072.82,4633.85,4205.13,4236.41,4209.23,4278.46,4597.95,4344.1,0
4269.23,3978.46,4244.1,4100.51,4333.85,4612.31,4068.21,4630.26,4207.18,4240.51,4206.15,4268.72,4594.87,4340,0
4270.77,3978.97,4246.15,4097.44,4334.87,4617.44,4068.21,4626.15,4200,4235.9,4203.59,4262.56,4595.9,4332.82,0
4270.26,3977.95,4244.62,4094.87,4330.26,4612.82,4066.67,4619.49,4186.15,4221.54,4196.92,4260.51,4591.79,4327.18,0
4262.56,3972.82,4241.03,4091.28,4326.67,4607.69,4065.13,4620,4189.23,4218.97,4192.82,4260.51,4580.51,4323.59,0
4262.56,3970.77,4244.62,4090.77,4332.82,4611.79,4069.23,4624.62,4200,4226.15,4194.36,4263.59,4579.49,4324.1,0
4270.26,3975.9,4248.21,4097.95,4336.41,4614.87,4070.26,4624.62,4198.97,4224.1,4195.38,4267.69,4586.15,4331.28,0
4272.82,3982.56,4255.38,4103.59,4334.36,4616.92,4065.13,4626.15,4199.49,4222.56,4194.87,4274.36,4587.69,4337.95,0
4277.95,3984.62,4262.05,4105.13,4335.9,4624.62,4070.26,4630.26,4206.15,4228.21,4197.95,4280.51,4588.72,4341.54,0
4283.08,3983.08,4257.95,4105.64,4340.51,4625.64,4080,4629.74,4203.59,4228.72,4203.08,4280.51,4591.28,4344.1,0
4280.51,3984.62,4253.33,4104.1,4339.49,4618.46,4076.41,4629.23,4202.05,4230.26,4207.18,4279.49,4592.31,4344.62,0
4280,3991.28,4258.46,4104.62,4336.92,4616.41,4067.18,4625.64,4207.69,4241.54,4211.28,4282.56,4601.54,4348.21,0
4285.13,3994.36,4258.46,4107.69,4335.9,4618.97,4069.23,4622.05,4206.15,4240.51,4212.82,4284.1,4607.18,4353.33,0
4282.56,3987.69,4250.77,4104.62,4334.87,4619.49,4072.82,4625.13,4197.95,4229.74,4209.74,4278.46,4598.97,4348.21,0
4274.36,3980,4248.72,4097.95,4334.87,4616.92,4066.67,4623.59,4194.87,4230.26,4209.23,4275.9,4594.87,4344.62,0
4271.79,3979.49,4250.26,4100,4334.87,4615.9,4064.1,4619.49,4199.49,4233.85,4210.77,4278.46,4598.97,4348.72,0
4276.41,3985.13,4251.28,4105.13,4333.33,4616.92,4069.74,4625.64,4205.64,4234.36,4207.69,4278.97,4595.38,4345.13,0
4278.97,3985.64,4251.79,4105.64,4331.28,4614.36,4072.82,4629.74,4207.18,4233.85,4208.21,4278.46,4593.33,4339.49,0
4275.9,3981.03,4249.23,4099.49,4331.79,4611.28,4071.28,4628.72,4208.21,4229.74,4209.74,4275.38,4596.41,4336.92,0
4270.26,3979.49,4247.18,4093.85,4334.87,4616.41,4072.31,4633.33,4215.9,4235.38,4207.18,4271.28,4593.33,4335.9,0
4269.23,3983.59,4246.15,4096.92,4338.46,4622.05,4075.38,4638.46,4217.95,4245.13,4203.08,4268.72,4588.72,4332.82,0
4269.23,3986.15,4245.64,4100,4341.03,4625.13,4079.49,4634.87,4208.21,4241.03,4202.56,4267.69,4589.74,4333.33,0
4273.33,3984.1,4248.21,4100,4341.03,4628.21,4083.08,4630.77,4201.54,4234.87,4207.69,4271.79,4595.38,4345.13,0
4280.51,3984.62,4256.41,4102.56,4339.49,4623.08,4082.56,4629.23,4200,4235.38,4211.79,4279.49,4599.49,4354.36,0
4285.64,3990.26,4263.59,4105.64,4337.95,4613.85,4074.36,4623.08,4196.41,4230.26,4210.77,4284.62,4598.97,4347.69,0
4287.69,3990.26,4263.08,4105.13,4337.95,4617.44,4069.23,4618.46,4195.9,4224.62,4206.67,4286.15,4595.38,4343.08,0
4289.23,3987.69,4262.56,4107.18,4340.51,4623.59,4071.79,4622.56,4199.49,4228.72,4207.18,4285.13,4595.38,4354.87,0
4294.36,3993.85,4265.64,4110.77,4342.05,4620.51,4069.74,4625.13,4203.08,4234.87,4210.77,4286.67,4602.56,4364.1,0
4294.36,3996.92,4265.13,4109.23,4339.49,4618.46,4067.18,4628.72,4217.44,4243.08,4213.85,4290.77,4605.13,4362.05,0
4288.21,3990.26,4261.03,4107.18,4340.51,4621.03,4071.28,4637.95,4223.08,4245.13,4214.36,4290.26,4599.49,4357.95,0
4287.18,3990.26,4261.03,4107.69,4343.59,4622.56,4074.36,4635.9,4202.05,4231.79,4211.79,4288.72,4595.38,4355.38,0
4289.74,3996.41,4264.62,4110.77,4343.08,4620.51,4076.41,4628.72,4193.33,4226.67,4211.79,4289.74,4597.95,4353.85,0
4285.13,3992.82,4265.13,4109.74,4341.54,4620,4080.51,4627.18,4205.64,4234.87,4212.82,4286.67,4597.44,4351.28,0
4284.62,3992.31,4264.62,4107.69,4343.08,4622.56,4078.97,4618.97,4201.03,4234.87,4210.77,4284.1,4595.38,4350.26,0
4287.69,3999.49,4263.59,4109.23,4340,4623.08,4074.36,4610.26,4185.64,4228.21,4207.69,4280.51,4593.85,4346.67,0
4283.08,3994.36,4262.05,4106.67,4336.41,4621.54,4074.87,4617.44,4192.31,4226.67,4201.03,4271.79,4586.15,4345.13,0
4282.56,3986.67,4261.54,4103.59,4338.46,4618.97,4073.85,4623.08,4202.56,4229.23,4198.97,4268.72,4584.62,4348.72,0
4284.1,3989.74,4255.38,4101.54,4336.41,4616.41,4071.28,4616.92,4195.9,4229.74,4201.03,4270.77,4589.74,4344.1,0
4281.03,3989.74,4252.82,4097.95,4331.79,4615.38,4072.31,4621.03,4201.54,4229.74,4197.44,4269.23,4586.67,4337.95,0
4280.51,3986.67,4258.46,4097.95,4331.79,4612.82,4070.26,4630.77,4216.92,4232.82,4197.44,4272.82,4583.08,4348.21,0
4283.08,3991.28,4263.08,4104.1,4334.87,4608.21,4068.72,4625.13,4208.72,4237.44,4208.72,4281.54,4592.82,4357.95,0
4284.1,3992.31,4262.56,4106.67,4333.33,4606.15,4071.28,4615.38,4189.23,4234.87,4212.82,4285.13,4598.46,4350.26,0
4284.62,3989.23,4263.08,4103.08,4331.28,4606.67,4067.69,4613.33,4188.21,4225.64,4204.1,4283.08,4590.26,4347.69,0
4288.72,3998.97,4264.62,4107.18,4336.92,4609.23,4062.56,4613.33,4194.36,4223.59,4204.62,4284.1,4589.74,4357.95,0
4293.85,4006.67,4264.1,4115.38,4342.56,4615.9,4066.15,4615.9,4190.26,4225.64,4211.79,4287.69,4599.49,4359.49,0
4290.26,3997.95,4264.62,4112.82,4340.51,4618.97,4070.77,4624.62,4191.28,4224.62,4207.18,4284.1,4595.9,4352.31,0
4280.51,3993.33,4262.56,4106.15,4335.38,4617.44,4072.31,4627.69,4196.92,4218.46,4197.95,4276.41,4585.13,4349.74,0
4278.97,3997.95,4256.41,4105.64,4336.92,4618.46,4073.85,4626.67,4195.38,4216.41,4194.36,4276.41,4582.05,4344.62,0
4280,3992.82,4250.26,4107.18,4335.38,4617.95,4072.82,4626.15,4190.77,4221.03,4191.28,4274.36,4580,4333.33,0
4271.79,3985.64,4248.21,4105.64,4330.77,4614.87,4070.77,4624.1,4194.36,4222.56,4190.77,4272.31,4575.38,4336.41,0
4271.79,3990.26,4255.38,4110.77,4335.9,4615.9,4073.33,4626.15,4207.69,4228.21,4201.54,4284.1,4583.08,4348.21,0
4278.46,3992.82,4262.05,4113.85,4338.46,4615.9,4075.9,4632.31,4211.28,4238.46,4207.18,4290.77,4592.31,4348.72,0
4281.03,3989.74,4264.62,4110.77,4333.33,4615.9,4070.77,4625.13,4203.59,4240,4204.1,4284.62,4589.74,4352.31,0
4286.15,3996.92,4266.15,4117.44,4332.82,4614.87,4067.18,4615.38,4197.44,4235.38,4209.23,4285.64,4592.82,4366.15,0
4288.21,4002.56,4265.13,4121.54,4337.95,4613.33,4068.21,4617.95,4198.97,4234.36,4216.92,4290.26,4603.08,4367.69,0
4284.1,3996.92,4264.62,4117.95,4338.46,4614.36,4071.28,4622.56,4207.18,4237.95,4216.92,4287.18,4602.56,4360,0
4278.46,3986.67,4260.51,4113.85,4334.36,4615.9,4073.85,4622.56,4207.69,4235.38,4207.69,4278.46,4589.23,4346.67,0
4271.28,3979.49,4251.79,4108.72,4332.31,4616.41,4072.82,4624.62,4202.56,4224.62,4193.85,4270.77,4574.87,4336.41,0
4264.1,3975.38,4249.74,4104.1,4329.23,4618.46,4075.9,4633.85,4208.21,4218.97,4188.21,4272.31,4565.64,4337.95,0
4267.18,3971.28,4259.49,4105.13,4327.18,4619.49,4082.56,4640.51,4215.9,4225.64,4192.82,4281.54,4565.13,4340.51,0
4277.95,3973.85,4263.59,4106.15,4329.74,4615.9,4078.46,4635.38,4206.15,4223.59,4197.44,4285.13,4571.79,4342.05,0
4281.54,3983.08,4260.51,4108.72,4331.79,4614.36,4070.26,4624.1,4193.85,4211.28,4195.38,4282.05,4574.87,4350.77,0
4281.54,3989.23,4258.97,4118.97,4333.33,4614.87,4071.28,4619.49,4196.92,4213.85,4197.95,4282.56,4580,4356.41,0
4285.64,3990.26,4260,4122.56,4337.95,4622.05,4075.38,4624.62,4206.67,4228.21,4204.1,4284.1,4589.74,4351.28,0
4292.31,3995.9,4262.56,4121.03,4344.62,4631.79,4077.95,4628.72,4209.74,4238.46,4208.72,4289.23,4594.87,4361.03,0
4297.95,4004.1,4266.67,4125.64,4345.13,4628.21,4079.49,4631.79,4218.97,4248.72,4216.92,4297.95,4598.97,4377.95,0
4298.46,4006.15,4268.72,4126.15,4338.97,4617.44,4075.38,4635.38,4226.67,4254.36,4219.49,4298.97,4603.08,4373.85,0
4296.41,4001.03,4268.72,4124.62,4335.38,4615.9,4072.31,4638.97,4216.92,4239.49,4210.26,4293.85,4597.95,4361.54,0
4295.9,4000.51,4267.69,4127.69,4338.46,4618.97,4074.87,4636.92,4206.15,4225.64,4203.08,4291.79,4589.23,4359.49,0
4293.33,4002.05,4265.64,4126.67,4341.03,4622.56,4076.41,4629.74,4206.15,4227.69,4205.64,4293.33,4589.23,4360,0
4286.67,3995.38,4266.15,4121.54,4335.38,4627.18,4073.33,4626.67,4205.64,4230.26,4204.62,4287.18,4591.79,4354.87,0
4284.1,3991.79,4263.59,4121.54,4333.85,4628.21,4070.26,4623.59,4204.1,4226.15,4197.44,4276.41,4586.67,4350.26,0
4280.51,3993.85,4252.82,4120.51,4336.92,4624.62,4072.82,4617.95,4196.92,4219.49,4190.77,4270.26,4577.44,4347.18,0
4277.44,3992.82,4250.26,4117.44,4334.87,4620.51,4072.31,4613.85,4187.18,4217.95,4190.26,4271.28,4574.87,4348.72,0
4287.18,3993.33,4261.03,4120.51,4334.36,4617.95,4067.18,4616.92,4194.87,4225.64,4196.92,4277.95,4582.05,4355.9,0
4290.77,3990.77,4266.67,4122.56,4332.31,4616.41,4065.13,4618.97,4200.51,4227.69,4198.97,4281.54,4584.1,4355.38,0
4282.05,3988.21,4262.05,4118.97,4328.72,4616.92,4066.15,4615.38,4194.36,4218.46,4194.87,4280.51,4580,4352.31,0
4285.13,3995.9,4262.05,4122.56,4331.79,4615.9,4065.13,4620,4204.1,4225.64,4198.97,4285.13,4582.56,4355.9,0
4290.77,3998.97,4265.64,4128.21,4332.82,4609.74,4058.97,4626.67,4213.85,4240,4206.67,4289.23,4583.08,4356.41,0
4280.51,3987.18,4263.08,4121.54,4325.64,4605.64,4055.38,4621.03,4199.49,4230.77,4201.54,4283.08,4572.31,4346.15,0
4272.31,3983.59,4256.92,4112.31,4326.67,4611.79,4058.97,4614.87,4185.64,4216.92,4190.26,4277.95,4566.15,4341.03,0
4278.97,3989.74,4255.9,4116.92,4333.85,4616.41,4065.64,4620,4192.31,4213.85,4192.31,4280,4572.31,4347.69,0
4281.54,3988.21,4261.54,4121.54,4332.31,4615.38,4069.23,4627.18,4198.97,4211.79,4196.41,4280,4573.85,4346.67,0
4282.56,3990.26,4265.13,4120,4330.26,4615.38,4069.23,4621.54,4193.85,4211.79,4193.85,4278.97,4573.33,4343.59,0
4290.26,3998.97,4266.67,4122.56,4336.41,4615.9,4069.23,4612.31,4190.26,4222.05,4200,4282.56,4582.05,4353.85,0
4287.69,3993.33,4265.13,4118.97,4337.44,4616.41,4070.26,4614.36,4195.38,4229.74,4207.18,4278.97,4584.1,4359.49,0
4278.46,3983.59,4261.03,4107.18,4335.38,4619.49,4070.77,4625.13,4204.62,4228.72,4202.05,4273.85,4577.95,4351.28,0
4282.56,3988.72,4257.44,4104.62,4339.49,4618.46,4069.23,4629.74,4209.23,4232.31,4200,4274.87,4578.97,4346.67,0
4287.18,3993.85,4250.77,4108.21,4342.56,4620.51,4068.72,4635.9,4213.85,4238.46,4203.08,4272.82,4582.56,4349.23,0
4285.13,3989.74,4249.74,4107.18,4340,4628.21,4073.33,4646.15,4218.46,4238.46,4204.62,4272.82,4583.59,4354.36,0
4293.33,3995.9,4262.56,4113.33,4339.49,4626.67,4076.92,4645.13,4219.49,4243.59,4209.74,4283.59,4589.74,4365.64,0
4303.59,4007.18,4270.26,4124.1,4340.51,4622.56,4074.36,4634.87,4219.49,4249.74,4216.41,4289.23,4596.41,4372.82,0
4298.46,4003.59,4263.59,4121.03,4338.97,4624.1,4070.77,4628.21,4208.21,4238.46,4211.79,4284.62,4589.23,4361.54,0
4289.23,3990.77,4259.49,4106.15,4333.85,4622.05,4070.77,4622.56,4192.82,4220.51,4200.51,4283.59,4577.44,4348.21,0
4287.69,3986.15,4262.56,4102.05,4330.77,4618.46,4071.28,4617.44,4191.28,4220,4197.44,4285.64,4576.41,4353.33,0
4294.87,3996.41,4263.59,4114.36,4337.44,4622.05,4070.77,4620,4195.9,4229.23,4206.15,4290.77,4583.08,4368.21,0
4306.67,4008.72,4265.64,4123.59,4343.59,4622.05,4069.23,4626.67,4194.36,4231.79,4213.33,4296.41,4589.23,4375.9,0
4313.33,4007.18,4271.79,4120,4337.95,4616.41,4069.74,4630.26,4201.03,4228.72,4212.82,4295.38,4588.21,4377.95,0
4323.59,4010.77,4278.46,4119.49,4331.79,4616.41,4071.79,4629.74,4210.77,4230.77,4213.85,4296.41,4588.72,4389.23,0
4343.08,4027.69,4284.1,4129.23,4334.36,4616.92,4071.28,4626.67,4202.05,4230.26,4216.41,4301.54,4596.92,4404.62,0
4357.95,4037.95,4290.77,4136.92,4336.41,4615.38,4071.79,4626.15,4195.38,4229.23,4217.95,4303.08,4604.62,4415.9,0
4371.28,4045.64,4296.41,4138.46,4335.9,4614.87,4073.85,4624.62,4203.59,4233.33,4222.56,4308.21,4611.28,4424.62,0
4382.56,4057.44,4297.44,4137.44,4335.9,4620,4075.38,4623.59,4208.72,4234.36,4223.08,4311.28,4611.28,4430.26,0
4386.67,4063.08,4294.36,4138.46,4334.87,4623.59,4074.36,4627.18,4204.1,4230.26,4221.54,4305.64,4609.74,4435.38,0
4389.74,4065.13,4290.77,4140.51,4336.41,4618.46,4073.33,4627.18,4195.9,4228.21,4220.51,4300,4611.79,4437.95,0
4395.38,4073.85,4290.77,4141.54,4340.51,4615.9,4076.41,4622.05,4194.36,4228.21,4216.41,4299.49,4614.36,4438.97,0
4394.36,4081.03,4288.72,4143.08,4341.03,4619.49,4072.31,4619.49,4200.51,4229.74,4218.97,4299.49,4619.49,4436.41,0
4384.62,4074.87,4281.54,4142.05,4336.92,4615.9,4059.49,4621.03,4206.67,4240.51,4227.18,4296.92,4620.51,4422.56,0
4370.77,4062.56,4278.46,4138.46,4334.36,4609.74,4053.85,4617.95,4204.62,4242.05,4221.54,4289.23,4612.82,4409.74,0
4360,4057.44,4278.46,4136.41,4335.38,4611.79,4057.95,4613.85,4192.31,4228.72,4209.23,4284.1,4602.05,4409.23,0
4358.46,4058.46,4275.9,4137.44,4336.41,4615.38,4064.1,4614.87,4182.05,4221.54,4208.72,4288.21,4598.97,4407.69,0
4355.9,4052.31,4278.97,4134.36,4335.9,4614.36,4070.26,4616.41,4185.64,4222.56,4210.77,4291.28,4595.38,4396.41,0
4346.15,4041.54,4282.05,4128.21,4332.82,4615.38,4073.33,4617.44,4193.85,4219.49,4205.64,4290.77,4587.18,4388.72,0
4335.38,4034.36,4270.26,4123.59,4329.23,4618.46,4074.36,4623.59,4196.92,4211.79,4196.92,4286.15,4578.97,4382.56,0
4328.72,4030.77,4260.51,4120,4333.33,4618.46,4077.44,4628.21,4196.92,4215.9,4194.87,4281.54,4577.95,4382.05,0
4333.85,4038.97,4272.31,4127.69,4342.56,4617.44,4075.9,4621.54,4192.31,4226.67,4203.08,4286.15,4590.26,4390.77,0
4339.49,4045.13,4284.62,4135.9,4341.03,4617.95,4068.72,4614.36,4193.33,4229.23,4210.26,4293.33,4597.95,4394.87,0
4333.85,4035.38,4282.05,4130.26,4330.77,4615.9,4066.67,4612.82,4193.85,4218.97,4206.15,4293.33,4590.26,4386.15,0
4326.15,4023.08,4277.44,4118.97,4325.13,4611.28,4067.69,4609.74,4180.51,4211.28,4194.87,4285.64,4581.03,4374.36,0
4321.03,4019.49,4273.85,4116.92,4327.69,4612.31,4068.21,4608.72,4174.87,4213.85,4190.77,4281.03,4580.51,4372.82,0
4313.85,4018.97,4266.15,4117.44,4330.26,4615.38,4073.85,4613.85,4187.69,4215.9,4195.9,4283.59,4584.1,4375.38,0
4308.72,4014.87,4263.08,4113.85,4331.28,4616.92,4078.46,4618.97,4195.9,4216.92,4198.46,4282.56,4581.03,4374.36,0
4305.64,4011.79,4262.05,4108.72,4334.36,4622.05,4076.92,4618.97,4190.26,4217.44,4191.28,4273.85,4575.9,4366.67,0
4304.1,4011.79,4258.97,4103.08,4334.87,4625.13,4077.95,4628.21,4207.18,4225.64,4191.79,4269.74,4577.95,4364.1,0
4309.74,4015.9,4259.49,4104.62,4333.85,4620,4078.97,4642.05,4230.77,4245.13,4204.1,4275.38,4592.82,4375.9,0
4315.38,4024.1,4263.08,4116.41,4337.95,4615.9,4075.38,4637.44,4217.95,4253.33,4211.28,4278.46,4602.05,4382.05,0
4311.28,4022.05,4265.64,4117.44,4337.44,4616.92,4071.28,4621.03,4194.36,4236.92,4207.69,4280,4594.87,4371.28,0
4304.62,4011.28,4264.62,4111.79,4331.28,4616.41,4071.28,4620,4193.85,4223.08,4200.51,4279.49,4586.15,4362.56,0
4302.56,4011.28,4262.05,4112.82,4332.31,4615.38,4073.33,4626.15,4198.97,4225.13,4195.38,4276.92,4580,4365.13,0
4301.03,4016.92,4261.54,4115.9,4339.49,4617.44,4075.9,4625.13,4197.44,4222.05,4197.95,4282.05,4576.92,4369.74,0
4294.36,4011.79,4264.62,4111.79,4340,4621.54,4080,4631.79,4207.18,4221.03,4204.62,4287.18,4580.51,4367.69,0
4291.79,4005.64,4267.18,4110.26,4336.41,4623.59,4082.05,4639.49,4211.79,4229.74,4206.67,4287.69,4586.15,4360.51,0
4295.9,4009.23,4265.64,4113.85,4332.82,4618.46,4075.38,4628.72,4202.56,4233.85,4205.64,4287.18,4585.13,4356.41,0
4295.38,4010.26,4265.64,4111.28,4327.69,4611.79,4070.26,4619.49,4201.03,4230.26,4203.59,4287.69,4578.97,4359.49,0
4293.85,4009.23,4276.41,4110.26,4331.28,4614.87,4076.41,4629.23,4208.21,4231.79,4203.08,4293.33,4577.44,4366.15,0
4304.1,4012.82,4284.62,4118.97,4340,4622.05,4083.59,4639.49,4214.36,4241.03,4208.72,4301.03,4587.69,4372.31,0
4307.69,4013.85,4274.36,4121.03,4340.51,4623.59,4077.95,4632.82,4206.15,4238.97,4210.26,4297.95,4592.82,4368.21,0
4288.72,4007.18,4260,4108.72,4331.28,4621.03,4068.72,4620,4189.74,4224.62,4200,4283.08,4578.46,4349.74,0
4278.46,4002.05,4258.97,4105.13,4330.26,4617.44,4065.13,4609.23,4183.08,4217.95,4191.28,4273.33,4569.23,4343.08,0
4293.85,4010.26,4264.62,4119.49,4339.49,4615.9,4064.62,4606.15,4189.74,4224.62,4196.92,4278.97,4580.51,4356.92,0
4300,4021.03,4267.18,4125.13,4340.51,4617.95,4068.21,4613.85,4197.44,4228.72,4207.69,4289.23,4589.23,4364.1,0
4292.82,4017.44,4266.15,4117.95,4336.41,4618.97,4072.82,4620,4197.44,4228.72,4207.18,4289.23,4587.18,4363.59,0
4292.31,4008.21,4263.59,4115.9,4336.92,4617.44,4070.77,4616.41,4196.41,4232.82,4203.08,4284.1,4585.13,4363.59,0
4295.9,4008.21,4263.08,4118.46,4338.97,4617.95,4070.26,4617.95,4200,4238.97,4207.69,4284.1,4588.72,4360.51,0
4295.9,4013.33,4267.18,4121.03,4337.95,4626.67,4081.54,4631.79,4208.72,4240,4207.18,4286.67,4589.74,4355.38,0
4288.21,4008.21,4268.21,4121.54,4335.9,4629.74,4087.69,4632.31,4203.59,4227.69,4195.9,4282.05,4576.92,4349.23,0
4276.92,3999.49,4265.64,4117.44,4333.33,4622.05,4078.97,4617.95,4188.21,4212.31,4186.67,4274.36,4562.05,4343.59,0
4279.49,4001.54,4265.13,4116.92,4335.38,4616.92,4074.36,4614.87,4191.79,4217.44,4190.77,4275.9,4566.15,4348.72,0
4288.72,4006.67,4263.59,4120,4341.54,4618.46,4074.87,4613.85,4194.36,4226.15,4195.38,4282.56,4574.36,4351.28,0
4284.62,4006.15,4260,4122.05,4340.51,4616.41,4067.69,4601.03,4178.46,4216.41,4192.31,4281.54,4570.77,4347.69,0
4280,4002.05,4261.54,4121.54,4334.87,4613.33,4065.13,4601.54,4177.95,4211.28,4193.85,4278.97,4572.82,4349.74,0
4279.49,3993.33,4265.64,4113.85,4332.31,4617.44,4077.44,4625.64,4200.51,4226.15,4204.1,4282.56,4581.03,4353.33,0
4272.82,3987.18,4264.1,4106.15,4331.28,4619.49,4079.49,4636.41,4207.18,4238.46,4209.23,4286.67,4578.97,4351.28,0
4270.26,3997.95,4260,4109.74,4329.23,4616.41,4069.74,4624.62,4196.92,4233.33,4202.05,4279.49,4572.31,4343.59,0
4274.87,4018.46,4258.97,4121.54,4331.28,4616.92,4070.77,4618.46,4196.92,4224.62,4191.79,4270.77,4564.62,4333.85,0
4275.9,4026.67,4263.08,4126.67,4334.87,4615.38,4074.36,4622.05,4197.95,4217.95,4184.1,4272.31,4549.23,4327.18,0
4271.28,4015.9,4265.13,4121.03,4330.26,4608.72,4070.26,4617.95,4192.82,4213.33,4175.38,4273.85,4533.33,4321.54,0
4268.21,4007.18,4256.92,4115.38,4327.69,4606.67,4065.64,4605.64,4189.74,4212.82,4172.82,4268.21,4528.72,4314.36,0
4264.62,4009.23,4249.23,4117.44,4330.26,4612.82,4065.13,4600.51,4185.13,4206.15,4169.74,4261.03,4528.21,4307.18,0
4253.33,4007.69,4246.15,4112.82,4330.26,4617.44,4068.21,4607.18,4179.49,4194.87,4161.03,4251.28,4520,4305.13,0
4249.74,4004.1,4244.1,4107.69,4330.26,4615.9,4067.18,4611.28,4181.03,4200,4162.56,4248.21,4519.49,4312.31,0
4258.97,4012.82,4248.72,4116.92,4335.38,4613.33,4062.05,4608.72,4191.79,4214.87,4176.92,4257.95,4537.44,4321.54,0
4267.69,4022.56,4258.97,4126.67,4338.97,4615.38,4063.08,4616.41,4202.56,4219.49,4186.15,4266.67,4554.87,4326.15,0
4271.28,4023.59,4263.59,4128.21,4341.54,4617.95,4068.21,4628.72,4205.13,4225.13,4188.72,4269.23,4559.49,4334.87,0
4279.49,4026.15,4264.62,4132.82,4344.1,4616.41,4067.18,4623.08,4196.41,4230.77,4192.82,4275.38,4562.56,4343.08,0
4284.62,4028.72,4267.69,4134.87,4343.59,4614.87,4066.67,4613.85,4193.85,4224.62,4189.74,4281.03,4562.05,4340.51,0
4280,4025.13,4267.69,4128.21,4343.08,4614.87,4070.77,4622.56,4203.08,4220.51,4186.15,4279.49,4554.36,4335.38,0
4275.9,4022.05,4262.05,4123.59,4343.59,4615.9,4073.33,4630.77,4203.08,4225.13,4187.69,4273.33,4553.33,4333.85,0
4274.36,4020.51,4258.97,4124.1,4343.59,4618.46,4074.36,4628.21,4198.46,4220,4184.1,4269.23,4555.9,4333.33,0
4273.33,4018.46,4261.03,4124.62,4343.08,4618.97,4074.36,4625.64,4199.49,4213.33,4180,4270.77,4553.33,4333.33,0
4269.23,4016.41,4260.51,4121.54,4340.51,4617.95,4072.82,4623.08,4193.85,4218.97,4183.08,4270.26,4547.69,4328.21,0
4263.59,4014.87,4258.97,4117.95,4340,4618.46,4071.28,4620.51,4190.26,4218.97,4182.05,4268.72,4547.18,4325.13,0
4261.54,4015.9,4261.54,4120,4339.49,4620,4065.64,4621.03,4202.05,4213.85,4177.95,4269.23,4550.77,4328.21,0
4268.21,4017.44,4262.56,4123.08,4336.92,4617.44,4057.95,4620,4207.69,4222.56,4178.97,4270.26,4551.28,4333.85,0
4275.9,4019.49,4260,4125.13,4340,4614.87,4056.92,4614.87,4197.44,4233.33,4182.56,4270.77,4551.28,4338.97,0
4273.33,4022.05,4262.05,4126.15,4346.67,4616.92,4063.08,4611.79,4191.28,4227.18,4186.15,4272.31,4555.38,4338.97,0
4268.72,4023.59,4265.13,4124.1,4346.67,4621.03,4067.69,4615.38,4196.41,4218.46,4185.64,4272.31,4557.44,4333.85,0
4268.72,4022.56,4260.51,4123.08,4344.1,4618.46,4066.67,4617.95,4197.95,4223.08,4183.08,4271.28,4553.33,4330.26,0
4265.64,4021.54,4256.92,4122.56,4343.08,4617.44,4064.62,4618.46,4193.85,4222.56,4181.54,4271.28,4552.31,4332.82,0
4265.13,4023.08,4260.51,4121.54,4344.62,4623.59,4069.23,4623.08,4196.41,4214.87,4181.03,4272.82,4554.36,4337.44,0
4276.41,4025.13,4264.62,4126.15,4350.77,4625.13,4073.33,4623.59,4202.05,4222.56,4186.15,4279.49,4560.51,4346.15,0
4283.59,4029.23,4268.21,4131.28,4354.87,4623.59,4069.23,4618.97,4206.67,4237.44,4196.41,4285.64,4572.31,4353.85,0
4285.13,4032.82,4275.9,4133.33,4352.31,4627.18,4071.28,4624.1,4210.77,4237.44,4199.49,4287.18,4574.36,4353.33,0
4286.15,4028.72,4278.97,4136.92,4349.74,4631.28,4080,4631.28,4209.74,4233.33,4193.85,4284.1,4567.18,4345.64,0
4279.49,4022.56,4270.77,4136.41,4350.26,4627.69,4082.56,4627.18,4199.49,4230.77,4191.79,4277.44,4563.59,4342.56,0
4277.95,4021.54,4265.64,4127.18,4351.28,4626.67,4085.13,4625.64,4197.95,4225.13,4192.31,4279.49,4565.13,4350.26,0
4282.56,4022.56,4267.18,4121.54,4354.36,4635.9,4093.85,4631.79,4210.26,4223.59,4194.36,4285.64,4567.69,4351.28,0
4278.97,4023.59,4264.62,4121.54,4356.92,4639.49,4095.9,4636.41,4217.95,4231.79,4194.87,4283.59,4566.67,4342.05,0
4274.87,4026.15,4261.03,4121.03,4356.41,4633.85,4088.72,4634.36,4210.77,4235.38,4191.28,4273.85,4563.08,4334.36,0
4278.46,4026.67,4261.54,4122.05,4352.31,4628.72,4084.1,4626.67,4205.64,4230.77,4187.69,4271.79,4563.08,4333.85,0
4277.44,4026.67,4261.54,4121.54,4352.82,4629.23,4083.08,4626.67,4211.28,4231.79,4188.21,4277.44,4565.64,4342.05,0
4281.54,4031.79,4262.56,4118.97,4357.95,4633.33,4086.15,4637.44,4220.51,4238.97,4198.97,4284.62,4571.79,4354.87,0
4292.82,4037.95,4268.72,4120.51,4361.03,4638.97,4089.23,4640.51,4223.59,4245.13,4211.28,4292.31,4582.56,4358.46,0
4290.77,4035.38,4269.74,4123.08,4360,4638.46,4086.15,4635.9,4222.05,4249.23,4210.26,4291.79,4584.1,4352.31,0
4282.05,4027.69,4264.62,4121.03,4358.97,4633.85,4083.59,4636.41,4216.92,4248.72,4204.1,4285.13,4578.97,4352.82,0
4280.51,4023.08,4261.54,4114.36,4354.87,4631.79,4084.1,4633.85,4207.18,4242.56,4202.56,4276.41,4578.97,4351.79,0
4278.97,4018.97,4262.05,4108.72,4350.26,4629.74,4080.51,4627.18,4203.59,4233.33,4195.38,4272.31,4572.82,4338.97,0
4276.41,4017.95,4262.56,4109.74,4353.33,4631.28,4081.54,4629.23,4209.74,4231.79,4190.26,4272.31,4567.69,4335.38,0
4281.54,4024.1,4264.62,4112.31,4356.92,4632.82,4085.64,4626.67,4206.67,4233.33,4195.38,4272.82,4574.36,4344.62,0
4278.46,4021.54,4263.08,4108.72,4348.21,4627.18,4082.05,4616.41,4195.38,4230.77,4188.72,4270.26,4562.56,4328.72,0
4263.08,4006.15,4258.97,4104.1,4339.49,4624.1,4078.46,4618.46,4198.46,4227.18,4177.95,4266.15,4544.62,4317.95,0
4268.72,4004.62,4264.62,4104.1,4342.56,4626.67,4081.54,4625.64,4205.13,4229.23,4191.79,4275.9,4565.64,4350.77,0
4289.74,4009.23,4269.23,4103.08,4343.59,4626.15,4084.1,4622.05,4195.9,4228.21,4206.67,4285.64,4594.36,4372.31,0
4297.95,4005.64,4266.67,4102.05,4343.08,4626.67,4085.13,4623.59,4195.9,4224.62,4207.18,4284.62,4597.95,4371.79,0
4307.18,4012.31,4273.85,4108.72,4348.72,4631.28,4088.21,4632.31,4215.38,4235.9,4217.95,4290.26,4608.72,4387.18,0
4317.44,4021.54,4282.56,4111.28,4349.23,4632.31,4090.77,4635.9,4222.05,4252.31,4230.77,4302.56,4623.59,4392.31,0
4307.69,4010.26,4278.46,4101.54,4344.1,4632.31,4094.87,4633.85,4212.82,4252.82,4225.13,4302.05,4615.9,4377.44,0
4297.95,3997.44,4275.38,4097.95,4343.08,4632.82,4098.46,4631.79,4213.85,4251.28,4220,4295.38,4609.23,4379.49,0
4302.56,4003.59,4280.51,4105.13,4343.59,4629.74,4093.33,4630.77,4216.92,4254.36,4224.62,4300.51,4612.31,4382.56,0
4305.64,4008.21,4282.05,4107.69,4341.54,4627.69,4085.64,4627.69,4214.36,4256.92,4226.67,4303.59,4613.33,4374.36,0
4301.54,4001.03,4275.9,4102.05,4342.56,4627.69,4084.1,4627.69,4210.77,4251.79,4228.72,4299.49,4614.36,4375.9,0
4299.49,3998.97,4271.28,4099.49,4346.67,4627.18,4086.15,4631.79,4208.72,4248.21,4228.21,4299.49,4613.33,4377.95,0
4300,4003.59,4271.79,4104.1,4344.62,4628.21,4087.18,4634.36,4205.64,4244.62,4217.95,4296.41,4604.62,4366.67,0
4293.85,4000.51,4270.26,4103.08,4337.95,4624.1,4088.21,4628.72,4201.03,4232.82,4206.67,4285.64,4593.33,4355.38,0
4281.03,3991.79,4263.08,4094.36,4334.87,4617.44,4085.64,4622.05,4199.49,4223.08,4204.62,4280,4589.74,4352.31,0
4275.38,3989.74,4261.03,4089.74,4338.46,4621.54,4088.72,4627.18,4204.62,4225.64,4204.1,4280.51,4589.74,4348.72,0
4281.54,3991.79,4265.13,4092.31,4342.56,4631.28,4097.95,4638.97,4210.77,4235.9,4206.15,4284.1,4591.28,4347.18,0
4282.05,3990.26,4265.13,4090.77,4341.03,4627.69,4098.46,4638.46,4208.72,4240.51,4210.77,4287.69,4593.85,4350.26,0
4275.9,3986.67,4262.56,4088.72,4339.49,4620.51,4091.28,4634.36,4209.74,4243.08,4209.23,4286.67,4594.87,4352.82,0
4282.05,3992.31,4266.15,4094.87,4342.56,4628.21,4091.28,4638.97,4215.38,4249.23,4209.23,4285.64,4595.38,4353.33,0
4291.28,3999.49,4272.82,4100,4344.62,4631.28,4092.82,4639.49,4213.33,4250.26,4212.31,4293.33,4599.49,4354.36,0
4288.72,3994.36,4276.92,4094.36,4338.46,4623.59,4090.26,4634.36,4207.69,4244.62,4211.79,4300.51,4603.08,4358.46,0
4284.1,3985.64,4275.38,4087.69,4330.77,4620.51,4087.69,4631.79,4203.08,4234.87,4210.26,4293.33,4600,4356.92,0
4291.79,3987.18,4275.38,4090.77,4334.87,4620,4089.23,4630.77,4202.05,4231.28,4211.79,4291.28,4597.95,4353.85,0
4300,3994.36,4280.51,4095.38,4343.08,4620,4087.69,4631.28,4209.23,4238.97,4215.38,4299.49,4603.08,4362.05,0
4294.36,3993.85,4278.97,4090.77,4340.51,4622.05,4086.15,4633.33,4215.38,4248.21,4216.92,4296.41,4607.18,4369.74,0
4285.13,3989.23,4268.21,4086.67,4331.28,4621.03,4086.15,4630.26,4208.21,4243.08,4213.85,4284.62,4604.1,4361.54,0
4288.21,3993.33,4269.23,4094.87,4332.82,4615.9,4084.62,4624.62,4204.1,4235.38,4211.28,4288.21,4604.62,4356.92,0
4297.95,4002.56,4278.46,4104.62,4341.54,4616.92,4084.62,4629.23,4214.87,4241.03,4217.44,4298.97,4609.74,4365.64,0
4299.49,4004.1,4280.51,4103.59,4342.56,4621.03,4082.56,4635.38,4216.41,4250.77,4221.54,4297.44,4607.69,4369.23,0
4297.44,4002.05,4277.95,4102.05,4342.05,4616.92,4076.92,4630.26,4209.23,4256.41,4221.03,4295.38,4611.28,4364.62,0
4296.92,4004.1,4274.87,4105.13,4345.13,4614.36,4074.87,4623.08,4212.31,4258.97,4223.08,4297.95,4618.46,4363.59,0
4296.41,4005.64,4273.33,4105.64,4345.13,4620.51,4081.54,4626.67,4218.97,4261.03,4223.59,4296.92,4614.87,4366.67,0
4298.46,4003.08,4275.38,4104.1,4340.51,4625.64,4090.77,4632.82,4217.44,4261.54,4222.56,4297.95,4611.28,4370.77,0
4296.92,3995.9,4274.36,4100,4335.38,4621.54,4091.28,4628.21,4209.23,4254.87,4222.05,4298.97,4609.23,4365.13,0
4290.77,3992.31,4271.28,4092.82,4330.77,4615.9,4087.18,4625.13,4209.74,4246.67,4215.9,4294.36,4602.05,4358.97,0
4288.72,3993.33,4274.87,4090.77,4329.23,4615.38,4085.64,4629.23,4211.79,4240,4207.69,4291.28,4598.46,4362.05,0
4292.31,3993.33,4275.9,4097.44,4333.85,4616.92,4087.69,4627.69,4208.72,4233.85,4207.18,4293.33,4602.05,4359.49,0
4295.38,3996.41,4276.41,4101.54,4338.97,4619.49,4088.21,4624.62,4206.15,4238.97,4211.28,4297.95,4603.08,4353.85,0
4291.79,3996.92,4278.97,4100.51,4336.41,4620.51,4084.1,4621.54,4201.03,4247.18,4208.72,4300,4597.44,4356.41,0
4285.64,3993.33,4276.41,4100.51,4333.85,4618.46,4081.03,4610.77,4189.23,4235.9,4203.59,4294.36,4590.26,4360,0
4287.69,3997.44,4273.85,4103.08,4337.95,4616.92,4084.1,4608.21,4191.79,4224.62,4205.64,4290.26,4592.82,4363.59,0
4301.03,4005.64,4278.46,4107.18,4342.56,4621.03,4089.74,4624.1,4210.77,4239.49,4215.38,4299.49,4607.18,4370.77,0
4309.74,4008.21,4283.59,4114.36,4345.64,4623.08,4086.67,4633.85,4219.49,4259.49,4225.64,4312.31,4617.44,4379.49,0
4306.67,4010.26,4285.13,4116.41,4345.64,4619.49,4080.51,4631.79,4222.05,4263.59,4228.72,4315.38,4615.38,4379.49,0
4300,4006.67,4283.59,4109.74,4342.05,4615.9,4083.59,4633.33,4219.49,4255.38,4222.05,4310.26,4606.15,4365.13,0
4298.97,3994.36,4281.54,4102.05,4336.92,4617.44,4086.15,4635.38,4206.67,4241.54,4212.82,4302.56,4597.95,4357.44,0
4298.97,3987.69,4280.51,4098.46,4331.28,4615.38,4077.44,4628.72,4197.95,4232.82,4206.15,4295.9,4594.36,4362.05,0
4292.31,3987.18,4277.44,4097.44,4328.72,4610.77,4070.77,4620.51,4195.9,4230.26,4203.59,4292.82,4590.77,4359.49,0
4291.28,3988.72,4275.9,4103.08,4331.28,4613.85,4072.82,4615.38,4192.82,4226.15,4204.1,4292.82,4588.72,4354.87,0
4294.36,3992.31,4278.97,4106.67,4333.85,4616.41,4075.9,4614.87,4191.28,4222.56,4204.62,4293.33,4592.82,4364.62,0
4293.33,3994.36,4279.49,4102.56,4334.36,4614.87,4081.03,4620,4194.36,4227.69,4206.15,4296.41,4595.9,4369.23,0
4295.9,3994.36,4278.46,4101.54,4337.95,4619.49,4086.67,4625.13,4200,4235.38,4212.31,4300.51,4599.49,4361.03,0
4298.46,3994.36,4280.51,4103.59,4341.03,4627.18,4086.15,4627.69,4207.18,4235.9,4215.38,4301.03,4602.05,4360,0
4295.38,3994.36,4282.05,4102.56,4342.05,4624.62,4083.08,4625.13,4205.13,4237.44,4211.28,4297.95,4602.56,4365.64,0
4298.46,4000,4280,4105.64,4344.1,4622.05,4084.1,4621.03,4196.92,4238.97,4209.74,4298.46,4605.64,4365.13,0
4302.05,4004.62,4280,4109.74,4344.62,4626.67,4085.13,4620.51,4199.49,4233.85,4213.33,4297.95,4604.62,4360,0
4292.82,3997.44,4281.54,4105.13,4343.08,4626.67,4082.05,4623.59,4206.67,4231.28,4210.26,4291.79,4596.41,4357.44,0
4283.59,3989.74,4278.46,4097.95,4341.54,4626.67,4084.1,4627.18,4210.26,4237.95,4204.62,4288.72,4588.21,4352.31,0
4284.1,3990.77,4275.9,4101.54,4344.1,4633.33,4094.87,4631.79,4215.9,4245.64,4207.69,4294.36,4589.74,4349.23,0
4289.74,3995.9,4277.95,4107.18,4347.69,4634.87,4098.97,4639.49,4224.62,4249.23,4215.38,4297.95,4599.49,4355.38,0
4294.36,4000.51,4276.92,4106.67,4346.67,4630.77,4091.79,4642.05,4233.85,4256.92,4221.03,4293.85,4607.18,4361.54,0
4296.41,4004.62,4274.87,4105.64,4345.13,4630.26,4087.69,4641.54,4237.44,4262.56,4224.62,4292.82,4609.23,4363.08,0
4298.46,4006.15,4276.92,4107.18,4346.67,4633.33,4089.74,4638.97,4224.1,4251.79,4222.56,4293.85,4609.74,4361.54,0
4298.97,4008.21,4278.97,4107.69,4348.72,4634.36,4088.21,4629.23,4206.67,4241.54,4219.49,4292.82,4610.77,4361.54,0
4296.41,4008.21,4278.97,4108.21,4349.23,4633.33,4087.18,4622.05,4207.18,4247.18,4222.05,4294.87,4612.31,4363.59,0
4290.26,4006.15,4274.87,4107.69,4346.67,4632.31,4089.23,4623.59,4214.36,4250.77,4219.49,4291.79,4610.77,4364.1,0
4292.82,4009.74,4272.82,4106.15,4344.62,4630.26,4083.08,4628.72,4214.36,4246.67,4216.92,4282.05,4609.74,4365.64,0
4304.1,4017.95,4278.46,4114.36,4346.67,4629.23,4075.9,4630.77,4217.95,4251.79,4221.54,4284.62,4615.38,4370.77,0
4308.21,4021.03,4281.54,4120.51,4349.74,4630.26,4080.51,4630.77,4225.64,4258.97,4225.13,4293.33,4620.51,4367.69,0
4299.49,4011.79,4275.9,4112.31,4346.67,4633.85,4086.67,4633.33,4225.13,4253.85,4220.51,4291.79,4613.33,4357.44,0
4291.28,4005.64,4271.28,4107.69,4342.56,4631.28,4087.18,4633.85,4218.46,4246.67,4213.85,4285.64,4604.62,4354.87,0
4291.28,4010.77,4268.72,4113.85,4346.15,4625.13,4086.15,4625.13,4213.85,4245.64,4211.79,4284.62,4605.64,4356.92,0
4290.77,4009.74,4266.15,4110.77,4346.67,4624.62,4088.21,4623.59,4215.9,4247.18,4210.77,4286.67,4607.69,4353.33,0
4284.62,4001.54,4266.67,4102.05,4341.03,4626.67,4090.77,4631.79,4215.38,4242.05,4211.28,4286.15,4602.05,4350.26,0
4278.97,4002.56,4265.13,4104.62,4341.03,4628.72,4092.31,4627.18,4203.08,4234.87,4208.21,4283.08,4595.9,4351.79,0
4283.08,4005.64,4266.15,4107.69,4344.62,4625.13,4087.69,4615.38,4192.31,4234.36,4203.08,4284.62,4596.92,4352.82,0
4294.36,4004.1,4273.85,4107.69,4343.59,4617.44,4081.54,4616.92,4201.03,4237.95,4210.77,4292.31,4604.1,4354.87,0
4299.49,4007.69,4282.56,4112.82,4342.05,4616.92,4081.03,4626.67,4214.36,4242.56,4222.05,4298.46,4612.82,4362.05,0
4297.95,4011.28,4282.05,4114.36,4342.05,4621.54,4083.08,4628.21,4217.95,4245.64,4215.9,4296.92,4610.77,4362.05,0
4290.77,4007.69,4272.31,4106.67,4341.03,4621.54,4082.05,4626.67,4218.46,4243.08,4203.59,4290.77,4599.49,4353.33,0
4286.67,4005.13,4264.1,4104.1,4342.56,4620.51,4082.56,4631.79,4217.95,4244.1,4208.21,4287.18,4597.95,4354.87,0
4292.31,4002.05,4264.62,4107.69,4343.59,4623.08,4082.56,4634.87,4215.38,4250.26,4216.92,4287.69,4607.18,4361.54,0
4289.74,3993.85,4265.13,4100.51,4336.41,4618.97,4078.46,4626.67,4208.21,4242.56,4210.77,4283.08,4605.13,4352.82,0
4278.46,3987.69,4260,4089.74,4330.26,4613.85,4075.38,4615.38,4195.38,4226.15,4200.51,4275.38,4593.85,4336.92,0
4277.95,3989.23,4257.44,4089.23,4334.87,4616.92,4076.92,4613.85,4191.28,4224.62,4202.56,4271.79,4594.36,4337.44,0
4280,3993.33,4260,4091.28,4342.05,4620.51,4077.95,4615.38,4200,4228.72,4209.23,4271.79,4599.49,4346.67,0
4277.44,3992.82,4264.1,4090.26,4338.97,4616.41,4078.46,4619.49,4207.18,4231.79,4206.67,4274.87,4597.44,4347.18,0
4280.51,3990.77,4266.15,4091.79,4333.85,4614.87,4080,4622.05,4205.64,4235.9,4204.62,4281.03,4594.87,4344.1,0
4282.56,3989.74,4260,4091.79,4334.36,4620,4083.08,4618.46,4200.51,4233.33,4206.67,4278.97,4595.38,4344.1,0
4274.87,3987.69,4249.23,4086.15,4333.85,4620,4083.59,4613.33,4194.36,4227.18,4202.05,4271.28,4591.28,4340.51,0
4272.82,3989.74,4245.13,4081.03,4332.31,4617.44,4081.54,4615.38,4196.92,4227.18,4194.36,4266.67,4586.67,4330.26,0
4279.49,3995.38,4247.18,4081.03,4334.87,4621.03,4085.64,4627.69,4213.85,4234.36,4196.41,4272.31,4590.26,4334.87,0
4284.62,3998.46,4251.79,4085.13,4339.49,4623.08,4090.77,4633.33,4224.62,4240,4208.21,4280.51,4598.97,4350.77,0
4286.15,4000,4258.46,4089.74,4340.51,4625.13,4091.79,4625.64,4214.87,4242.56,4215.38,4280.51,4601.54,4353.33,0
4284.62,4000,4261.03,4091.79,4338.97,4631.79,4094.87,4622.05,4209.23,4246.15,4212.82,4280.51,4603.59,4350.77,0
4288.21,3997.44,4259.49,4090.26,4337.44,4626.15,4093.85,4625.64,4211.79,4252.31,4212.82,4281.54,4607.18,4354.87,0
4289.23,3994.36,4258.97,4085.13,4333.85,4613.85,4088.21,4620,4205.64,4248.21,4213.85,4277.44,4605.13,4351.79,0
4286.15,3995.38,4262.05,4085.64,4333.85,4617.95,4085.64,4613.33,4198.46,4236.41,4210.26,4278.46,4600,4346.15,0
4289.74,4001.03,4264.1,4092.82,4337.44,4627.18,4086.67,4621.03,4206.67,4237.95,4210.77,4285.64,4601.03,4349.74,0
4288.21,4000.51,4256.41,4090.26,4335.38,4627.18,4086.67,4628.72,4214.87,4246.67,4212.82,4280,4604.1,4349.23,0
4282.05,3996.92,4247.69,4082.56,4336.41,4627.69,4088.72,4628.72,4215.9,4250.77,4210.26,4272.31,4606.67,4347.18,0
4285.64,4000.51,4250.77,4089.23,4344.62,4632.31,4090.26,4631.28,4219.49,4253.85,4211.28,4275.9,4611.28,4351.79,0
4289.23,4004.62,4255.38,4092.82,4342.56,4633.33,4088.21,4633.33,4220,4249.74,4210.77,4275.9,4606.15,4350.26,0
4281.54,3998.46,4249.23,4084.62,4333.85,4627.69,4085.13,4628.72,4210.77,4240,4203.08,4269.23,4593.85,4340,0
4281.03,3996.92,4245.64,4086.67,4336.92,4620.51,4079.49,4617.44,4193.85,4233.85,4200,4269.23,4594.36,4337.44,0
4291.28,4004.62,4254.87,4093.33,4341.54,4616.41,4075.38,4612.82,4192.31,4234.36,4202.56,4273.85,4599.49,4345.13,0
4294.36,4002.56,4262.05,4089.74,4334.87,4620,4081.54,4620,4202.56,4236.41,4206.15,4274.87,4598.46,4354.87,0
4292.31,3994.87,4263.08,4088.72,4333.33,4626.15,4089.23,4628.72,4206.15,4239.49,4210.26,4279.49,4601.03,4358.46,0
4292.31,3995.9,4263.08,4092.31,4335.9,4624.62,4088.72,4626.15,4207.18,4242.56,4213.33,4285.13,4607.18,4355.38,0
4293.33,4000.51,4264.1,4087.18,4330.77,4616.92,4082.05,4613.85,4205.13,4240.51,4213.85,4285.13,4605.64,4357.44,0
4288.21,3994.36,4263.59,4078.46,4326.67,4615.9,4079.49,4607.69,4196.41,4232.82,4209.74,4282.56,4601.54,4360,0
4284.62,3988.21,4261.54,4080.51,4331.79,4623.08,4085.64,4615.38,4197.44,4229.23,4206.67,4279.49,4600,4354.36,0
4292.82,3994.36,4263.08,4088.21,4335.38,4629.23,4093.33,4627.18,4217.95,4243.08,4213.85,4281.54,4603.08,4354.87,0
4296.41,4000,4266.15,4090.77,4335.38,4631.28,4090.77,4631.79,4224.62,4252.82,4223.08,4286.67,4610.26,4366.67,0
4295.38,3998.46,4267.18,4090.26,4338.46,4628.72,4085.13,4634.36,4219.49,4247.69,4224.1,4291.28,4614.87,4368.72,0
4297.44,3996.92,4266.67,4091.28,4338.97,4627.69,4085.64,4637.95,4221.03,4249.23,4222.56,4293.85,4611.28,4363.59,0
4294.87,3998.97,4266.67,4093.85,4337.95,4627.69,4087.69,4632.82,4214.87,4252.31,4220,4292.82,4607.18,4361.54,0
4292.82,4004.1,4265.13,4100,4345.13,4622.56,4086.67,4624.62,4208.72,4250.26,4219.49,4288.21,4612.31,4355.9,0
4298.46,4009.74,4266.15,4103.59,4350.26,4621.54,4081.54,4618.46,4213.85,4250.26,4225.13,4288.21,4617.44,4357.44,0
4297.95,4010.26,4265.13,4098.46,4344.62,4628.21,4082.05,4615.38,4212.82,4248.72,4224.1,4287.18,4615.9,4369.74,0
4286.67,4006.15,4254.36,4091.79,4340,4630.77,4089.23,4615.9,4202.56,4240.51,4212.82,4276.92,4609.23,4365.13,0
4284.1,4000,4245.13,4088.21,4336.92,4627.69,4090.77,4617.95,4198.97,4235.38,4206.67,4267.18,4600.51,4347.18,0
4287.18,3994.87,4246.15,4086.15,4332.82,4627.69,4087.69,4619.49,4203.08,4233.85,4205.13,4264.62,4596.41,4347.18,0
4283.59,3998.46,4248.72,4087.18,4336.41,4631.79,4090.26,4625.13,4211.28,4241.54,4208.72,4266.15,4600.51,4355.9,0
4276.41,4001.03,4246.67,4087.69,4340.51,4631.79,4090.77,4634.36,4218.97,4247.69,4210.77,4268.21,4603.59,4352.82,0
4275.9,3995.38,4244.62,4085.64,4340.51,4627.18,4082.05,4633.33,4212.82,4237.95,4206.67,4268.72,4602.05,4350.77,0
4287.18,3997.44,4251.79,4088.72,4343.08,4627.69,4073.85,4622.05,4202.05,4234.36,4208.72,4270.26,4605.13,4357.95,0
4295.38,4005.13,4257.44,4096.92,4346.67,4628.21,4070.77,4613.33,4203.59,4245.64,4215.38,4274.87,4612.31,4358.46,0
4289.74,4002.56,4257.95,4095.38,4342.05,4621.03,4068.72,4609.74,4203.08,4242.05,4213.33,4274.87,4607.18,4351.79,0
4285.64,3997.44,4258.97,4091.79,4337.44,4617.44,4066.15,4608.21,4193.85,4225.64,4206.15,4271.79,4595.9,4354.87,0
4295.9,4003.59,4264.1,4101.03,4342.56,4621.03,4067.18,4604.1,4195.38,4231.79,4208.21,4277.95,4600.51,4366.67,0
4300.51,4005.13,4266.15,4105.64,4346.67,4625.13,4073.85,4603.08,4200.51,4242.56,4211.28,4279.49,4607.18,4364.1,0
4286.15,3993.85,4258.97,4096.41,4342.56,4628.72,4080,4608.72,4197.44,4230.77,4201.03,4267.69,4594.36,4348.21,0
4276.92,3988.21,4252.82,4088.72,4338.97,4630.26,4080,4615.9,4197.44,4223.59,4192.82,4265.13,4584.1,4343.08,0
4286.15,3992.82,4257.44,4090.26,4343.59,4628.72,4083.59,4623.08,4204.1,4235.9,4202.05,4275.38,4595.9,4353.33,0
4293.85,3997.95,4265.13,4092.31,4345.64,4627.69,4088.21,4631.28,4209.23,4242.56,4214.36,4285.64,4606.67,4362.05,0
4293.85,4000,4266.67,4095.38,4341.54,4625.64,4080,4627.69,4202.05,4231.79,4210.26,4287.69,4605.64,4362.05,0
4295.9,4004.62,4271.28,4102.56,4344.1,4624.62,4071.28,4613.33,4192.31,4228.72,4210.26,4284.62,4607.69,4369.74,0
4303.08,4009.23,4280.51,4109.23,4348.72,4626.67,4074.87,4609.23,4196.92,4241.03,4221.03,4286.67,4612.82,4376.92,0
4300.51,4006.15,4277.44,4107.18,4343.59,4625.64,4076.92,4611.79,4202.56,4244.62,4217.95,4288.72,4610.26,4367.69,0
4293.33,4002.05,4264.62,4099.49,4338.97,4620,4073.85,4609.74,4201.54,4236.41,4208.21,4283.59,4603.59,4362.56,0
4297.95,4005.13,4267.69,4103.08,4344.62,4617.44,4075.9,4611.28,4209.74,4241.54,4212.31,4282.56,4607.69,4374.36,0
4301.54,4005.13,4278.46,4109.23,4346.15,4620,4082.56,4620.51,4213.85,4248.72,4216.41,4285.64,4614.36,4372.82,0
4292.31,3997.95,4271.28,4105.13,4341.54,4623.08,4087.69,4626.15,4203.59,4237.95,4207.69,4281.03,4607.18,4358.46,0
4289.23,4000.51,4264.62,4104.62,4345.13,4624.1,4092.31,4629.23,4205.13,4233.85,4205.64,4276.41,4603.08,4359.49,0
4297.44,4009.23,4270.77,4107.69,4350.77,4627.69,4092.31,4634.36,4213.33,4242.56,4217.44,4282.05,4611.79,4366.15,0
4296.92,4003.08,4268.72,4098.46,4344.62,4631.28,4086.15,4629.74,4205.13,4242.56,4220.51,4283.59,4611.79,4360.51,0
4287.69,3994.36,4260.51,4090.26,4336.92,4628.21,4082.05,4616.92,4194.87,4237.44,4211.79,4275.38,4601.54,4351.79,0
4284.62,3998.46,4262.56,4093.33,4336.41,4620.51,4079.49,4610.77,4198.46,4238.97,4205.13,4269.23,4601.03,4354.36,0
4290.77,4003.08,4265.13,4098.97,4340.51,4616.92,4073.85,4612.82,4207.18,4242.56,4208.21,4275.38,4607.18,4364.62,0
4297.95,4002.56,4264.62,4100,4342.05,4622.56,4073.85,4617.95,4213.85,4245.13,4215.38,4283.08,4610.77,4367.69,0
4297.95,4006.67,4264.62,4101.03,4345.13,4630.77,4081.54,4625.13,4221.54,4251.28,4221.54,4286.15,4615.38,4365.13,0
4297.44,4010.77,4263.08,4103.59,4348.72,4633.33,4085.64,4629.23,4224.1,4256.41,4221.54,4289.23,4618.97,4368.72,0
4299.49,4007.18,4264.1,4105.13,4346.15,4631.79,4082.56,4627.18,4211.79,4247.18,4217.44,4286.15,4613.33,4371.28,0
4303.08,4003.59,4270.26,4106.67,4345.64,4629.74,4084.62,4628.72,4211.28,4239.49,4219.49,4284.62,4611.79,4367.69,0
4307.18,4007.69,4276.41,4106.15,4351.79,4625.64,4090.77,4633.33,4225.64,4248.21,4223.59,4293.85,4619.49,4371.28,0
4307.18,4011.79,4278.97,4108.72,4352.31,4618.97,4086.67,4630.77,4223.08,4254.36,4223.08,4298.46,4623.08,4374.36,0
4304.1,4013.33,4278.97,4114.36,4349.23,4619.49,4084.1,4627.18,4215.9,4249.74,4222.56,4293.33,4619.49,4373.33,0
4309.23,4019.49,4282.05,4119.49,4352.82,4627.18,4088.21,4625.64,4217.95,4253.85,4225.64,4296.41,4621.54,4383.08,0
4319.49,4025.13,4287.69,4123.59,4355.9,4625.13,4084.1,4616.92,4208.21,4255.9,4225.64,4305.13,4626.67,4389.74,0
4316.41,4020,4286.15,4124.62,4351.28,4616.41,4073.85,4608.21,4197.44,4243.08,4220.51,4302.05,4617.95,4379.49,0
4305.13,4011.79,4280.51,4120,4346.67,4614.36,4069.74,4607.69,4201.03,4234.36,4216.41,4291.28,4607.69,4368.21,0
4301.54,4008.21,4278.97,4111.28,4347.18,4623.59,4072.31,4608.72,4203.59,4237.44,4213.33,4285.13,4608.21,4361.54,0
4301.03,4007.69,4274.87,4107.18,4349.74,4631.28,4075.9,4618.46,4210.26,4245.13,4212.31,4283.59,4608.72,4360.51,0
4296.41,4006.15,4264.62,4106.15,4347.69,4631.28,4079.49,4629.74,4222.56,4249.74,4212.82,4277.95,4607.69,4368.21,0
4294.87,4003.08,4260,4104.1,4344.1,4626.15,4076.41,4622.05,4214.36,4246.15,4211.79,4273.85,4609.23,4366.67,0
4300.51,4003.08,4264.1,4106.15,4346.15,4624.1,4073.33,4612.82,4204.1,4238.46,4215.38,4278.46,4611.28,4361.03,0
4306.67,4011.28,4274.87,4113.33,4347.69,4623.59,4078.97,4617.95,4210.26,4239.49,4222.05,4287.18,4614.36,4372.31,0
4306.15,4017.44,4281.03,4117.44,4348.21,4618.46,4077.95,4619.49,4212.31,4243.59,4220.51,4288.72,4615.38,4375.9,0
4304.62,4013.33,4273.33,4114.36,4351.28,4616.92,4073.85,4614.87,4210.77,4243.59,4214.36,4283.59,4612.31,4368.21,0
4304.62,4008.72,4264.1,4108.21,4348.21,4623.59,4077.44,4616.41,4212.31,4243.08,4211.79,4277.95,4607.18,4365.13,0
4303.59,4006.67,4266.15,4107.69,4343.08,4625.64,4081.03,4617.95,4211.28,4241.54,4208.21,4281.03,4601.03,4363.59,0
4304.62,4002.56,4267.69,4107.18,4343.59,4623.59,4078.97,4613.85,4205.64,4238.46,4208.21,4287.18,4598.46,4363.08,0
4304.62,3999.49,4265.13,4105.13,4344.1,4623.59,4078.46,4608.72,4203.08,4240,4213.33,4286.15,4603.08,4370.77,0
4303.59,4004.1,4267.18,4107.18,4344.62,4624.62,4084.1,4614.36,4209.74,4246.67,4214.87,4285.64,4607.69,4374.36,0
4301.54,4008.21,4268.21,4108.21,4346.15,4623.08,4084.1,4626.15,4215.9,4246.67,4212.82,4284.1,4607.69,4367.69,0
4292.82,4003.08,4260.51,4106.67,4346.15,4625.64,4075.9,4624.1,4210.26,4237.95,4208.72,4274.87,4605.13,4357.44,0
4286.15,4001.03,4257.95,4106.67,4349.23,4635.38,4074.87,4617.44,4207.69,4236.92,4206.15,4271.28,4600,4351.28,0
4287.69,4007.18,4261.03,4109.74,4351.28,4636.41,4078.46,4618.97,4213.85,4242.05,4205.64,4275.9,4600,4357.44,0
4287.18,4008.21,4255.9,4110.26,4344.62,4626.15,4070.77,4617.44,4211.79,4240.51,4204.1,4274.87,4602.56,4356.92,0
4282.05,4003.59,4244.62,4107.18,4341.54,4621.54,4061.54,4616.41,4210.26,4236.92,4202.05,4269.74,4598.97,4344.62,0
4286.67,4007.18,4247.18,4106.67,4347.18,4624.62,4062.56,4621.03,4216.92,4243.59,4204.62,4270.77,4599.49,4350.77,0
4292.31,4011.28,4258.46,4113.33,4349.74,4622.56,4063.59,4618.46,4212.82,4248.72,4210.77,4280.51,4607.69,4367.18,0
4291.28,4005.64,4263.08,4116.41,4345.13,4619.49,4063.59,4614.36,4212.82,4248.72,4216.41,4290.26,4612.82,4364.62,0
4294.36,4003.08,4263.59,4111.28,4342.56,4622.56,4068.72,4621.03,4221.03,4251.79,4221.03,4294.36,4609.74,4358.46,0
4294.36,4007.18,4264.62,4108.72,4347.69,4625.64,4071.79,4622.05,4217.44,4251.28,4221.54,4293.33,4608.21,4367.18,0
4285.64,4001.03,4266.15,4108.21,4349.74,4628.21,4073.33,4619.49,4212.31,4244.1,4218.97,4293.33,4606.15,4366.15,0
4273.33,3984.62,4264.62,4103.08,4341.54,4628.21,4074.87,4620.51,4216.41,4240,4213.33,4290.26,4598.97,4347.18,0
4269.74,3978.97,4260.51,4101.03,4342.05,4628.72,4078.46,4616.92,4211.79,4241.03,4206.15,4283.08,4591.28,4341.54,0
4278.97,3988.72,4262.05,4107.69,4355.9,4633.33,4083.59,4615.38,4204.1,4244.1,4205.13,4282.56,4592.82,4355.9,0
4283.59,3993.85,4264.62,4109.74,4356.41,4633.33,4083.08,4618.97,4207.18,4242.56,4206.67,4284.1,4599.49,4356.41,0
4276.41,3990.26,4257.44,4106.15,4347.18,4630.26,4082.05,4618.97,4207.69,4237.95,4205.64,4276.41,4596.92,4344.1,0
4271.28,3987.69,4246.67,4103.59,4345.13,4624.62,4084.62,4617.95,4207.18,4238.97,4203.59,4267.69,4594.36,4347.69,0
4274.36,3990.77,4244.62,4105.13,4347.69,4616.41,4085.64,4623.08,4216.92,4247.18,4208.21,4272.82,4603.59,4358.97,0
4281.03,4001.03,4251.28,4110.26,4347.69,4615.9,4081.54,4625.64,4225.64,4256.41,4220,4286.15,4614.87,4364.1,0
4287.69,4004.62,4259.49,4109.23,4347.18,4626.67,4082.05,4631.79,4226.15,4255.9,4222.05,4290.26,4613.85,4357.95,0
4288.72,3994.87,4262.05,4104.62,4342.05,4634.36,4086.67,4640,4228.21,4245.64,4214.36,4287.69,4605.64,4352.31,0
4291.28,3991.79,4263.59,4105.64,4338.46,4633.33,4088.72,4637.44,4235.9,4249.23,4217.95,4291.79,4607.69,4365.13,0
4304.62,3998.97,4268.21,4105.64,4340.51,4632.82,4090.26,4636.41,4238.97,4267.69,4229.23,4303.59,4619.49,4382.56,0
4310.77,3994.87,4270.77,4099.49,4336.41,4633.85,4090.26,4638.97,4237.95,4277.95,4234.36,4309.23,4627.69,4388.72,0
4301.03,3978.97,4265.13,4093.33,4334.36,4631.79,4089.23,4635.9,4233.85,4271.79,4231.28,4306.67,4624.62,4381.03,0
4287.18,3970.26,4252.82,4085.13,4341.54,4632.31,4088.72,4632.31,4228.21,4263.59,4224.1,4300.51,4613.85,4361.54,0
4280,3971.28,4245.64,4078.46,4347.69,4635.38,4089.74,4634.36,4222.05,4255.9,4216.92,4288.21,4603.59,4349.74,0
4279.49,3976.41,4252.82,4083.59,4348.21,4630.26,4088.72,4626.67,4210.77,4246.67,4213.33,4280,4600.51,4357.95,0
4283.59,3978.46,4264.1,4091.28,4350.77,4624.1,4081.54,4612.82,4204.62,4240.51,4212.31,4285.13,4603.59,4365.64,0
4287.69,3980.51,4264.1,4089.74,4350.77,4627.18,4076.41,4608.72,4202.56,4237.44,4213.85,4285.64,4604.62,4360,0
4291.28,3985.13,4258.46,4088.72,4346.67,4628.21,4076.92,4608.21,4198.97,4236.92,4209.23,4277.44,4603.59,4359.49,0
4296.41,3990.26,4258.46,4091.28,4345.64,4623.08,4073.85,4607.69,4204.62,4240,4204.62,4277.44,4606.15,4363.59,0
4303.08,3997.95,4261.03,4093.85,4345.13,4624.62,4073.85,4612.31,4212.82,4244.62,4216.41,4288.21,4614.87,4370.26,0
4311.28,4005.64,4262.05,4095.9,4344.62,4629.74,4083.08,4616.41,4213.33,4249.23,4228.21,4296.92,4623.08,4380,0
4314.36,4006.67,4261.03,4091.79,4343.08,4628.21,4084.1,4622.05,4220.51,4258.97,4228.21,4299.49,4625.64,4385.64,0
4313.33,4008.72,4261.03,4090.26,4342.56,4626.15,4078.46,4633.85,4237.95,4274.87,4236.41,4304.62,4633.33,4386.67,0
4316.92,4016.92,4262.56,4101.03,4344.62,4632.31,4082.05,4643.08,4248.21,4286.15,4250.26,4311.79,4642.56,4390.77,0
4321.03,4018.46,4262.56,4107.69,4345.13,4639.49,4088.72,4645.64,4251.79,4284.1,4248.21,4312.82,4640.51,4387.69,0
4318.97,4009.23,4265.13,4102.56,4339.49,4637.95,4090.26,4649.23,4255.9,4283.08,4240,4311.79,4635.9,4369.23,0
4305.13,3997.95,4265.64,4093.85,4331.79,4635.9,4088.72,4650.26,4252.31,4287.69,4237.44,4308.21,4628.72,4355.38,0
4284.1,3986.15,4256.41,4083.08,4329.74,4638.97,4090.26,4647.69,4243.59,4278.97,4227.18,4292.82,4611.28,4354.36,0
4272.82,3974.36,4247.18,4073.33,4332.31,4637.44,4091.28,4641.03,4233.85,4260,4209.23,4275.38,4596.92,4347.69,0
4275.9,3977.95,4247.69,4078.97,4334.87,4631.79,4084.1,4626.15,4217.44,4246.67,4203.59,4271.79,4594.36,4343.59,0
4283.59,3991.28,4251.79,4090.26,4337.95,4627.69,4080,4611.79,4200.51,4237.95,4208.21,4275.38,4594.36,4353.33,0
4291.79,3999.49,4256.41,4093.33,4344.62,4626.15,4082.05,4607.69,4200.51,4235.38,4209.74,4278.46,4599.49,4364.1,0
4304.62,4008.21,4263.08,4097.44,4350.77,4626.67,4080,4609.23,4211.28,4243.59,4212.82,4282.05,4612.31,4367.69,0
4316.92,4021.03,4264.1,4105.13,4349.74,4627.69,4075.38,4614.87,4215.38,4252.31,4221.03,4285.64,4620.51,4371.28,0
4317.95,4023.08,4260,4106.15,4345.64,4627.18,4078.46,4623.59,4218.97,4255.38,4225.64,4287.69,4625.64,4379.49,0
4314.36,4018.97,4260,4105.13,4348.21,4629.23,4083.59,4627.69,4225.64,4258.46,4227.18,4290.77,4629.74,4383.59,0
4315.9,4022.05,4264.1,4109.23,4351.79,4633.33,4084.62,4628.72,4226.67,4263.59,4229.74,4295.9,4629.74,4377.95,0
4313.33,4024.1,4265.64,4110.26,4343.08,4634.36,4084.62,4630.77,4222.05,4261.54,4226.67,4293.33,4622.05,4364.1,0
4301.54,4017.95,4257.95,4105.13,4330.26,4626.15,4078.97,4626.67,4218.97,4254.36,4217.95,4283.59,4610.77,4357.95,0
4302.05,4017.95,4254.36,4107.18,4334.87,4618.46,4071.79,4620,4221.54,4251.79,4217.95,4284.62,4611.28,4365.13,0
4313.33,4026.15,4262.56,4112.82,4343.59,4620.51,4073.85,4626.67,4230.77,4260.51,4227.69,4294.36,4621.54,4368.21,0
4308.72,4026.15,4266.15,4109.23,4335.38,4625.64,4078.97,4635.9,4237.44,4269.74,4229.74,4292.31,4618.97,4357.44,0
4294.36,4020.51,4255.38,4105.13,4326.67,4623.59,4081.03,4633.33,4228.21,4267.18,4215.9,4277.95,4602.56,4344.62,0
4290.26,4014.87,4246.67,4104.1,4330.26,4626.15,4083.59,4627.69,4212.82,4251.79,4204.1,4270.26,4591.79,4340.51,0
4293.33,4009.74,4247.69,4101.03,4334.87,4629.74,4085.13,4623.59,4208.72,4241.54,4204.62,4273.85,4591.79,4341.54,0
4288.21,4006.15,4248.72,4097.44,4333.33,4624.1,4081.03,4615.9,4206.15,4239.49,4204.1,4271.79,4592.82,4338.97,0
4278.97,4002.05,4243.08,4091.28,4328.72,4618.97,4077.95,4612.31,4201.54,4232.31,4200.51,4265.13,4587.18,4332.82,0
4284.62,4002.05,4243.59,4090.77,4332.82,4620.51,4076.41,4616.92,4207.69,4231.79,4201.54,4266.15,4585.64,4337.95,0
4300.51,4008.72,4257.44,4101.03,4343.59,4622.05,4077.44,4618.46,4213.33,4240,4205.13,4272.31,4596.41,4352.31,0
4303.08,4013.85,4265.13,4102.56,4342.56,4622.56,4078.97,4617.95,4208.21,4239.49,4206.15,4272.82,4604.1,4351.28,0
4299.49,4012.82,4258.46,4096.92,4335.9,4623.08,4073.85,4616.41,4207.69,4240.51,4208.21,4270.77,4602.56,4349.74,0
4305.13,4015.38,4257.44,4101.54,4341.03,4625.64,4071.28,4613.33,4209.74,4247.18,4209.23,4270.77,4607.18,4358.46,0
4307.69,4018.46,4265.64,4106.67,4346.67,4628.72,4075.38,4611.79,4200.51,4244.1,4206.15,4270.26,4610.26,4353.33,0
4304.1,4016.92,4265.64,4105.13,4347.18,4626.15,4074.87,4609.23,4194.36,4237.95,4206.67,4269.23,4605.64,4349.23,0
4307.69,4021.03,4263.08,4107.18,4352.31,4624.62,4069.23,4607.69,4204.1,4243.08,4211.79,4274.36,4607.69,4361.03,0
4309.74,4026.67,4265.13,4109.23,4355.38,4627.18,4068.72,4610.77,4211.79,4249.74,4215.38,4277.44,4614.36,4363.59,0
4300.51,4025.13,4260.51,4107.18,4350.26,4623.59,4068.72,4611.28,4202.56,4243.59,4209.74,4272.82,4609.74,4352.82,0
4292.82,4017.95,4254.87,4105.64,4344.1,4619.49,4066.15,4609.74,4196.92,4231.28,4197.95,4267.18,4596.92,4349.74,0
4298.97,4016.92,4260.51,4105.13,4345.13,4620.51,4069.23,4616.41,4211.28,4236.41,4200.51,4273.85,4595.9,4359.49,0
4309.23,4021.54,4268.72,4108.21,4351.79,4620.51,4072.82,4617.95,4216.41,4253.33,4215.9,4284.62,4614.87,4369.23,0
4308.72,4024.1,4267.69,4111.28,4354.87,4622.05,4071.79,4610.26,4203.08,4253.85,4218.97,4283.59,4624.1,4363.59,0
4305.64,4024.1,4262.05,4110.26,4353.33,4626.15,4070.77,4608.72,4200,4240,4209.23,4274.87,4610.77,4351.79,0
4307.69,4023.59,4262.56,4108.72,4353.33,4626.15,4071.79,4611.79,4208.21,4239.49,4208.21,4270.77,4601.54,4358.97,0
4305.64,4020,4262.05,4108.72,4357.44,4628.21,4074.87,4610.77,4204.1,4244.1,4211.79,4270.26,4605.64,4362.56,0
4297.44,4011.28,4251.79,4104.62,4357.95,4633.85,4078.46,4609.74,4202.56,4237.44,4207.18,4269.74,4603.59,4348.72,0
4295.9,4005.64,4246.15,4099.49,4352.82,4629.23,4076.41,4613.33,4209.23,4234.36,4203.59,4270.26,4597.95,4347.69,0
4301.03,4010.26,4256.92,4100.51,4352.82,4618.97,4069.74,4614.36,4205.64,4241.03,4205.64,4272.31,4600,4359.49,0
4304.1,4016.92,4266.15,4106.15,4358.97,4617.44,4064.1,4608.21,4197.44,4247.18,4207.18,4274.36,4605.13,4356.41,0
4304.1,4016.92,4263.08,4107.69,4358.46,4623.59,4064.1,4600.51,4192.82,4243.08,4207.69,4273.85,4604.1,4348.21,0
4304.62,4014.87,4263.08,4105.64,4352.82,4625.13,4065.13,4595.9,4190.26,4231.79,4206.67,4270.26,4599.49,4356.41,0
4307.18,4018.46,4267.69,4106.67,4353.85,4623.59,4068.72,4598.97,4190.26,4225.64,4204.1,4272.31,4602.05,4366.67,0
4314.87,4021.54,4269.74,4108.21,4359.49,4626.67,4074.87,4607.18,4198.97,4235.9,4208.21,4283.59,4610.77,4370.26,0
4318.46,4023.59,4269.23,4110.26,4362.05,4629.74,4075.9,4609.74,4210.26,4255.9,4216.92,4287.69,4619.49,4373.33,0
4304.1,4019.49,4256.41,4107.18,4361.03,4631.28,4074.36,4608.21,4211.28,4258.97,4214.36,4277.95,4621.54,4364.1,0
4283.08,4007.18,4235.38,4101.03,4356.92,4631.28,4074.36,4608.72,4204.1,4244.62,4206.15,4268.21,4611.79,4347.18,0
4279.49,4007.18,4231.28,4100.51,4357.95,4630.77,4074.36,4609.23,4202.56,4237.44,4201.54,4263.08,4602.56,4345.13,0
4287.18,4017.44,4244.1,4106.67,4360.51,4631.28,4071.28,4609.23,4207.69,4241.54,4201.54,4262.56,4604.1,4349.23,0
4288.72,4015.38,4250.26,4108.21,4354.87,4634.36,4070.77,4610.26,4207.69,4246.15,4206.67,4269.74,4608.21,4350.77,0
4284.62,4006.15,4246.67,4104.1,4345.64,4632.82,4073.33,4611.79,4205.13,4243.08,4210.77,4273.85,4606.15,4354.36,0
4287.18,4006.15,4247.69,4104.1,4346.15,4624.62,4071.28,4612.82,4207.69,4237.95,4207.18,4271.79,4603.59,4353.33,0
4296.92,4012.82,4255.38,4108.72,4352.82,4621.54,4062.56,4612.31,4210.26,4239.49,4207.69,4273.33,4610.26,4352.82,0
4300.51,4013.33,4253.85,4109.74,4352.82,4625.64,4059.49,4609.74,4205.64,4245.13,4211.28,4276.41,4611.79,4362.56,0
4296.92,4007.69,4247.69,4106.15,4349.23,4626.67,4065.13,4606.15,4194.87,4240.51,4204.1,4273.85,4599.49,4370.77,0
4296.41,4005.13,4250.26,4106.15,4348.72,4627.69,4069.23,4600,4185.64,4228.21,4194.87,4273.33,4591.79,4366.67,0
4297.95,4006.67,4256.92,4107.69,4346.67,4629.74,4071.28,4598.97,4185.64,4225.13,4196.92,4273.33,4597.44,4357.44,0
4295.38,4003.59,4258.46,4105.13,4343.59,4623.08,4071.79,4605.13,4195.38,4231.79,4204.62,4272.31,4601.54,4353.85,0
4301.03,4004.62,4262.56,4110.26,4346.15,4618.97,4070.77,4607.18,4205.13,4234.36,4209.23,4276.92,4604.1,4365.13,0
4313.85,4015.38,4267.18,4121.03,4350.77,4626.67,4071.28,4609.23,4205.13,4233.33,4212.82,4283.59,4612.31,4374.36,0
4312.31,4019.49,4265.13,4122.56,4350.77,4628.72,4072.82,4617.95,4205.13,4242.05,4214.36,4284.62,4618.46,4366.67,0
4308.21,4018.97,4264.62,4120,4350.26,4625.64,4074.36,4620.51,4213.33,4253.85,4218.46,4288.21,4622.05,4363.59,0
4311.79,4021.54,4267.18,4121.03,4351.79,4628.21,4072.82,4612.31,4214.87,4255.9,4222.56,4290.26,4625.13,4376.41,0
4306.67,4016.92,4266.15,4114.36,4350.77,4630.77,4069.23,4612.31,4212.31,4256.41,4218.97,4284.1,4620.51,4382.05,0
4294.87,4007.18,4260,4105.13,4347.69,4631.79,4068.21,4620.51,4214.87,4252.31,4211.79,4280.51,4609.23,4368.72,0
4290.26,4001.54,4250.77,4105.13,4347.18,4633.85,4074.36,4620,4214.36,4241.03,4206.67,4278.46,4598.46,4351.28,0
4289.74,4001.03,4246.15,4104.62,4346.67,4633.85,4078.97,4614.36,4208.21,4241.03,4206.67,4274.36,4595.9,4352.31,0
4289.74,4006.15,4247.18,4107.18,4347.18,4632.31,4073.33,4614.36,4210.77,4249.74,4204.1,4274.87,4600,4356.92,0
4293.33,4012.82,4247.18,4118.97,4350.77,4631.28,4067.69,4616.41,4213.85,4244.62,4199.49,4272.31,4598.97,4349.23,0
4291.28,4013.33,4244.1,4116.92,4351.28,4629.74,4068.72,4612.82,4201.54,4236.41,4195.9,4263.59,4598.46,4344.62,0
4290.26,4012.31,4246.15,4108.72,4347.69,4624.62,4066.15,4604.1,4188.72,4232.82,4198.46,4262.56,4603.08,4352.82,0
4301.03,4018.46,4255.38,4116.41,4346.67,4617.95,4060,4597.95,4191.79,4229.74,4207.69,4275.38,4607.69,4357.44,0
4311.79,4024.1,4265.13,4124.1,4348.72,4615.9,4062.05,4598.97,4200,4237.44,4214.36,4283.59,4608.72,4358.97,0
4312.82,4023.08,4267.18,4121.03,4349.74,4619.49,4070.26,4600,4196.92,4249.23,4215.38,4283.59,4611.28,4369.74,0
4306.15,4018.46,4262.05,4118.97,4347.69,4622.56,4071.79,4597.44,4190.77,4242.56,4208.21,4277.44,4609.74,4364.62,0
4298.97,4009.74,4258.46,4112.82,4341.54,4628.21,4072.31,4604.1,4199.49,4229.23,4201.03,4270.26,4596.92,4344.1,0
4294.87,3995.38,4259.49,4103.08,4337.95,4633.33,4077.95,4617.44,4213.85,4238.97,4203.08,4273.85,4594.36,4347.69,0
4297.95,3995.38,4263.08,4107.69,4343.08,4626.67,4076.41,4614.36,4205.13,4250.26,4208.72,4282.05,4602.56,4366.67,0
4303.59,4015.38,4266.67,4119.49,4347.18,4620,4069.74,4605.13,4189.74,4234.87,4204.62,4279.49,4601.54,4362.05,0
4306.67,4028.72,4269.74,4129.23,4348.72,4624.62,4071.28,4609.74,4193.33,4224.62,4198.97,4275.9,4595.9,4353.85,0
4316.41,4030.26,4276.92,4136.92,4356.41,4632.31,4073.33,4607.69,4191.28,4238.46,4205.64,4285.13,4602.05,4367.18,0
4330.26,4040,4278.46,4140,4362.56,4631.28,4069.23,4593.33,4177.95,4245.13,4210.26,4290.77,4605.64,4373.33,0
4332.31,4050.26,4272.31,4139.49,4362.56,4630.77,4071.28,4591.79,4185.64,4237.44,4205.13,4285.13,4604.1,4369.74,0
4327.18,4046.67,4269.23,4140.51,4363.59,4636.92,4080.51,4601.54,4203.59,4236.92,4209.23,4283.08,4610.77,4372.82,0
4324.1,4040,4270.26,4137.44,4363.59,4640.51,4082.56,4613.85,4213.33,4246.15,4215.38,4286.15,4615.38,4369.74,0
4318.46,4040.51,4268.72,4134.87,4359.49,4637.95,4082.56,4627.69,4225.64,4254.87,4215.38,4285.13,4609.23,4358.46,0
4308.72,4035.9,4261.54,4134.36,4356.41,4632.82,4086.15,4632.31,4227.69,4251.79,4212.31,4278.46,4603.08,4354.36,0
4300.51,4026.67,4251.28,4128.21,4352.31,4627.69,4085.13,4626.67,4211.79,4241.03,4203.08,4271.79,4595.9,4354.36,0
4295.9,4023.08,4248.72,4123.08,4348.72,4625.13,4076.92,4615.9,4196.92,4238.46,4193.33,4271.28,4589.23,4343.08,0
4300.51,4027.18,4258.46,4127.69,4351.28,4625.64,4076.41,4604.62,4193.33,4241.54,4196.41,4276.92,4585.13,4335.38,0
4306.67,4023.59,4267.18,4128.72,4352.31,4626.67,4082.05,4604.62,4197.95,4239.49,4201.03,4282.56,4584.62,4344.62,0
4303.08,4010.26,4264.62,4116.92,4346.15,4624.1,4082.05,4612.31,4198.97,4231.28,4192.31,4279.49,4579.49,4348.72,0
4296.41,4004.62,4260.51,4106.67,4342.05,4623.08,4080.51,4612.31,4190.77,4222.05,4181.54,4270.77,4569.74,4340.51,0
4302.05,4009.74,4261.54,4108.72,4344.62,4623.08,4082.56,4609.23,4185.64,4222.05,4181.54,4268.21,4571.79,4342.05,0
4307.18,4012.82,4263.08,4110.77,4345.13,4623.08,4089.23,4611.79,4193.85,4227.18,4186.15,4277.44,4579.49,4340.51,0
4298.46,4006.67,4254.87,4104.1,4341.03,4629.74,4096.41,4621.03,4205.64,4226.67,4187.18,4281.54,4575.9,4328.72,0
4294.36,4001.03,4246.15,4099.49,4339.49,4631.79,4096.41,4626.15,4205.64,4227.69,4188.72,4275.38,4574.87,4335.9,0
4304.1,4008.21,4253.33,4108.21,4346.67,4624.1,4085.64,4613.85,4193.85,4237.95,4198.46,4275.38,4587.69,4356.41,0
4310.77,4020,4261.54,4111.28,4350.26,4622.56,4080,4598.97,4185.13,4243.08,4207.18,4281.03,4599.49,4354.36,0
4312.31,4024.62,4261.54,4108.21,4345.64,4628.72,4084.62,4604.1,4194.87,4244.1,4208.21,4285.64,4603.08,4349.23,0
4318.46,4024.62,4264.62,4115.9,4347.69,4627.18,4087.18,4614.36,4208.72,4251.79,4212.31,4290.26,4608.21,4366.67,0
4322.56,4027.18,4268.72,4124.62,4353.33,4626.15,4088.72,4611.28,4205.64,4255.9,4215.9,4293.85,4607.69,4370.77,0
4317.95,4025.13,4263.08,4117.95,4350.77,4631.28,4093.85,4609.23,4200,4245.13,4205.13,4291.79,4597.95,4350.77,0
4310.26,4017.44,4253.85,4108.72,4343.59,4628.72,4097.44,4617.44,4205.64,4232.82,4191.79,4281.54,4587.18,4341.54,0
4303.59,4015.38,4248.21,4108.21,4344.1,4624.1,4093.85,4616.92,4198.97,4231.79,4190.77,4273.85,4581.03,4337.95,0
4299.49,4018.46,4248.72,4110.26,4347.69,4626.15,4087.69,4604.62,4184.1,4236.92,4194.36,4279.49,4582.56,4330.77,0
4297.95,4016.92,4253.33,4110.26,4346.15,4628.21,4087.18,4603.08,4189.74,4238.97,4194.87,4285.13,4588.21,4342.05,0
4300.51,4016.41,4257.44,4108.21,4345.13,4629.74,4091.28,4611.79,4199.49,4238.97,4199.49,4280,4592.82,4359.49,0
4306.15,4022.05,4258.46,4109.23,4347.18,4630.26,4089.23,4611.79,4198.97,4242.05,4201.54,4276.41,4596.41,4352.82,0
4306.15,4022.56,4258.46,4108.21,4346.67,4626.67,4085.13,4611.28,4204.62,4247.69,4197.44,4278.46,4597.44,4345.13,0
4306.67,4022.56,4260,4106.15,4345.64,4623.08,4084.62,4614.36,4207.18,4246.67,4200.51,4280.51,4594.87,4356.92,0
4313.33,4028.21,4262.05,4108.72,4343.08,4623.59,4086.15,4609.23,4196.41,4237.44,4203.59,4285.64,4593.85,4365.13,0
4321.54,4031.79,4264.1,4110.77,4338.97,4624.62,4085.13,4607.69,4192.82,4231.79,4196.41,4287.18,4593.85,4364.62,0
4327.18,4037.44,4267.18,4111.28,4343.59,4627.18,4086.15,4610.26,4199.49,4235.38,4192.82,4284.1,4591.79,4372.82,0
4334.87,4049.74,4267.69,4116.92,4346.67,4629.23,4088.21,4603.08,4193.33,4231.79,4196.41,4281.03,4592.82,4382.05,0
4346.67,4059.49,4264.62,4121.03,4337.44,4622.05,4081.54,4594.87,4177.44,4214.87,4189.74,4276.41,4590.26,4381.54,0
4356.92,4064.62,4266.67,4121.03,4336.41,4618.97,4075.38,4596.41,4172.82,4207.69,4181.03,4275.38,4584.1,4386.67,0
4370.77,4072.82,4275.9,4129.74,4347.69,4626.67,4082.05,4596.92,4178.46,4217.95,4189.23,4281.54,4587.69,4399.49,0
4387.18,4084.62,4280.51,4139.49,4351.28,4629.23,4084.62,4595.38,4185.64,4227.69,4204.62,4289.74,4603.08,4409.74,0
4396.41,4090.77,4281.54,4138.97,4348.72,4623.08,4074.36,4597.44,4191.79,4235.38,4212.31,4295.9,4616.41,4421.54,0
4400.51,4093.33,4283.08,4137.95,4350.77,4623.59,4069.23,4597.95,4190.77,4239.49,4211.79,4301.03,4619.49,4429.23,0
4403.08,4095.38,4284.62,4139.49,4349.23,4629.23,4073.85,4600.51,4190.77,4232.82,4212.82,4298.97,4617.44,4420,0
4396.41,4090.26,4284.1,4138.46,4346.15,4629.74,4074.87,4609.23,4198.46,4233.33,4214.36,4296.92,4620,4417.44,0
4384.62,4077.95,4282.56,4133.85,4345.64,4627.69,4073.85,4611.79,4195.9,4240.51,4213.33,4300,4626.15,4423.59,0
4374.36,4066.67,4278.46,4126.67,4339.49,4625.64,4072.82,4604.1,4183.59,4234.87,4210.77,4294.36,4622.56,4409.23,0
4365.64,4058.46,4274.87,4121.03,4336.41,4621.03,4072.82,4598.46,4180.51,4223.59,4208.72,4287.18,4612.31,4395.9,0
4360.51,4051.79,4271.28,4120,4340,4620.51,4073.85,4596.41,4180,4224.62,4207.18,4289.23,4609.74,4405.64,0
4355.9,4049.74,4264.62,4118.97,4338.97,4621.03,4070.77,4595.9,4178.46,4228.21,4204.62,4286.15,4609.74,4403.59,0
4348.72,4049.23,4262.05,4117.95,4339.49,4620.51,4067.18,4596.92,4184.1,4226.15,4200.51,4277.95,4606.15,4388.21,0
4344.1,4047.69,4262.56,4119.49,4345.13,4625.13,4070.77,4598.46,4192.31,4224.62,4202.05,4282.56,4605.13,4391.79,0
4347.18,4050.26,4264.62,4121.54,4349.74,4626.15,4075.9,4601.03,4195.9,4231.79,4209.74,4292.82,4608.21,4397.95,0
4352.31,4050.77,4266.15,4124.62,4349.74,4623.08,4078.46,4600,4191.28,4233.33,4211.79,4294.36,4610.77,4395.38,0
4354.87,4050.26,4270.77,4126.15,4349.74,4624.1,4081.54,4599.49,4193.33,4232.31,4210.26,4294.87,4615.9,4397.95,0
4356.41,4052.31,4278.46,4127.69,4347.69,4624.1,4077.44,4604.1,4204.62,4246.67,4217.95,4298.46,4622.05,4395.9,0
4354.36,4051.28,4280,4127.18,4344.1,4618.46,4072.31,4606.15,4204.62,4255.9,4222.05,4295.38,4621.54,4390.77,0
4349.74,4045.64,4275.9,4122.56,4342.05,4617.95,4081.03,4605.13,4193.85,4242.05,4214.87,4291.79,4615.9,4394.36,0
4349.23,4043.08,4277.44,4121.03,4342.05,4621.54,4088.72,4604.62,4187.69,4232.82,4208.21,4294.87,4612.31,4394.87,0
4347.18,4042.05,4282.56,4123.59,4340,4616.92,4081.54,4602.56,4185.13,4231.79,4206.15,4297.95,4605.64,4384.1,0
4340,4035.9,4275.9,4120,4339.49,4618.97,4075.9,4602.56,4184.1,4225.13,4203.59,4290.26,4601.03,4382.05,0
4338.97,4032.31,4267.69,4116.92,4346.15,4626.15,4077.95,4605.13,4187.18,4225.64,4206.67,4287.69,4607.69,4388.72,0
4341.03,4035.38,4270.77,4120.51,4345.64,4625.64,4077.44,4603.08,4189.74,4231.28,4208.21,4290.77,4612.31,4385.64,0
4333.85,4032.82,4271.28,4121.54,4335.9,4618.46,4072.82,4598.46,4189.23,4229.23,4203.08,4287.69,4604.1,4376.41,0
4324.62,4024.62,4265.13,4119.49,4335.9,4615.9,4068.72,4597.95,4184.62,4226.67,4201.54,4285.13,4596.41,4376.92,0
4325.64,4025.13,4263.59,4116.92,4340,4616.41,4065.13,4593.33,4181.54,4230.77,4204.62,4288.21,4601.54,4384.1,0
4326.67,4027.18,4265.64,4113.85,4340,4616.41,4063.08,4590.77,4192.31,4238.97,4204.62,4290.77,4607.69,4377.95,0
4327.18,4024.62,4270.77,4116.41,4342.56,4617.95,4066.15,4600.51,4202.56,4244.62,4203.08,4288.72,4600.51,4369.74,0
4333.33,4026.67,4278.46,4123.08,4344.1,4621.54,4069.74,4602.56,4188.21,4235.9,4202.05,4288.72,4591.28,4373.85,0
4340.51,4031.79,4282.05,4123.59,4342.05,4621.03,4072.31,4589.74,4171.28,4225.13,4204.62,4293.33,4598.97,4381.03,0
4343.08,4032.82,4280.51,4122.56,4346.15,4620,4074.36,4588.21,4181.03,4228.21,4212.82,4297.44,4617.95,4390.77,0
4341.03,4032.31,4279.49,4123.59,4350.26,4623.08,4073.33,4598.97,4197.44,4234.87,4216.92,4297.95,4626.15,4397.95,0
4335.38,4029.74,4279.49,4122.56,4347.18,4626.67,4070.77,4603.59,4196.92,4237.95,4213.33,4294.87,4623.59,4394.36,0
4330.77,4024.62,4275.9,4120,4344.62,4627.18,4070.77,4601.54,4196.41,4240.51,4209.74,4292.82,4621.54,4386.15,0
4335.9,4022.05,4275.38,4120.51,4345.13,4624.1,4070.26,4602.05,4203.08,4243.08,4210.77,4290.26,4621.54,4384.62,0
4339.49,4025.64,4278.46,4124.1,4342.56,4617.95,4065.13,4600.51,4202.05,4246.67,4214.87,4291.79,4621.54,4387.18,0
4331.79,4024.1,4273.33,4123.59,4338.97,4615.9,4063.59,4596.92,4190.77,4245.64,4212.31,4295.38,4617.44,4382.05,0
4329.74,4021.54,4265.64,4120.51,4343.59,4620.51,4071.28,4600,4190.77,4243.08,4209.23,4290.77,4612.82,4379.49,0
4336.41,4029.74,4269.23,4123.59,4349.23,4625.64,4075.9,4608.72,4205.64,4251.79,4218.46,4285.64,4620,4389.23,0
4338.97,4033.85,4276.92,4128.72,4346.15,4627.18,4073.33,4611.79,4204.62,4256.41,4223.08,4290.77,4627.18,4393.33,0
4331.28,4024.1,4273.85,4125.64,4341.54,4625.13,4074.36,4608.21,4193.33,4246.15,4213.33,4295.38,4620,4383.59,0
4323.59,4019.49,4267.18,4121.54,4344.1,4621.03,4077.95,4607.18,4198.46,4247.18,4211.28,4294.36,4614.87,4378.97,0
4320,4019.49,4265.13,4121.03,4348.21,4623.08,4075.38,4608.72,4202.56,4259.49,4215.38,4291.28,4620,4375.9,0
4316.92,4012.82,4263.59,4117.44,4346.67,4627.18,4069.74,4611.28,4200,4257.44,4210.77,4286.15,4616.92,4368.72,0
4317.44,4009.74,4263.59,4115.38,4344.1,4628.21,4073.85,4616.92,4212.31,4254.87,4208.72,4287.69,4609.23,4374.36,0
4318.97,4012.31,4263.59,4117.95,4343.08,4629.74,4081.03,4616.92,4214.87,4260.51,4213.85,4292.31,4612.82,4381.54,0
4318.46,4009.74,4264.62,4118.46,4342.56,4627.69,4075.9,4610.26,4200,4256.41,4215.9,4288.72,4618.97,4377.44,0
4315.38,4008.21,4264.1,4117.95,4342.05,4622.56,4071.79,4610.26,4205.13,4252.31,4213.33,4283.59,4614.87,4372.31,0
4317.44,4009.74,4264.62,4119.49,4342.56,4625.13,4080,4613.33,4216.41,4258.97,4211.79,4287.69,4614.36,4380,0
4324.1,4008.72,4274.36,4122.05,4346.15,4630.77,4084.1,4610.77,4206.15,4264.62,4214.36,4296.41,4618.97,4387.18,0
4324.62,4008.21,4280,4117.95,4344.62,4627.18,4078.46,4606.15,4190.77,4260.51,4214.36,4299.49,4616.92,4377.44,0
4322.05,4009.23,4271.79,4114.36,4336.92,4618.97,4072.31,4605.13,4189.74,4254.36,4209.74,4292.82,4610.26,4373.33,0
4321.54,4007.18,4265.64,4117.95,4334.87,4614.36,4070.26,4602.05,4195.38,4251.79,4209.74,4286.15,4609.74,4382.05,0
4319.49,4004.1,4266.15,4118.46,4336.92,4615.9,4071.28,4600,4195.9,4253.85,4211.28,4284.62,4612.31,4379.49,0
4313.85,4003.08,4262.56,4110.26,4335.38,4621.03,4075.38,4607.69,4200,4254.36,4206.15,4285.64,4609.74,4367.69,0
4310.26,4002.05,4262.05,4105.64,4332.31,4623.59,4080,4615.38,4201.54,4251.79,4202.56,4288.21,4603.59,4366.67,0
4312.82,4001.03,4263.59,4107.69,4333.85,4625.64,4077.95,4607.18,4192.82,4253.33,4203.59,4287.69,4600,4368.21,0
4310.77,4004.1,4254.87,4109.23,4337.44,4627.18,4073.85,4597.44,4188.21,4250.26,4200.51,4278.97,4600,4358.46,0
4304.1,4003.59,4246.15,4108.21,4336.41,4625.64,4075.38,4605.64,4196.41,4244.1,4193.33,4268.72,4594.87,4350.26,0
4303.08,3997.44,4248.72,4108.21,4332.82,4618.97,4075.9,4612.31,4198.97,4247.18,4192.31,4269.74,4590.77,4354.36,0
4305.13,3997.95,4253.33,4112.82,4331.28,4614.36,4071.28,4607.18,4193.85,4250.77,4194.87,4274.87,4596.92,4366.67,0
4309.23,4001.03,4257.95,4114.36,4334.36,4615.9,4070.77,4607.69,4199.49,4249.23,4198.97,4280.51,4603.08,4375.38,0
4313.85,4001.03,4263.59,4114.36,4335.9,4622.05,4076.41,4615.9,4206.15,4254.87,4207.69,4284.62,4608.21,4374.36,0
4315.38,4003.59,4263.59,4117.44,4333.33,4622.56,4072.31,4613.33,4199.49,4257.95,4211.28,4283.08,4611.79,4371.28,0
4313.85,4007.69,4261.03,4115.38,4334.87,4618.46,4063.08,4600,4189.74,4244.1,4202.56,4274.36,4607.18,4370.26,0
4314.36,4007.69,4261.54,4114.36,4336.92,4618.46,4061.54,4594.87,4188.21,4235.9,4198.46,4269.74,4604.1,4371.79,0
4314.87,4005.64,4260,4120,4335.9,4620,4065.13,4597.44,4194.87,4246.15,4202.05,4276.41,4608.72,4375.9,0
4320,4010.77,4258.46,4121.54,4336.41,4620.51,4065.13,4597.95,4197.95,4251.79,4203.59,4280.51,4613.33,4381.03,0
4332.82,4018.97,4260,4120,4340,4623.08,4065.64,4593.33,4188.72,4243.59,4204.1,4281.03,4612.82,4387.69,0
4340,4022.56,4261.03,4122.56,4341.03,4621.03,4066.15,4588.72,4182.56,4238.46,4205.13,4282.56,4615.9,4394.87,0
4341.54,4027.69,4259.49,4127.18,4336.92,4613.85,4060.51,4591.28,4186.67,4238.97,4203.59,4279.49,4617.95,4398.46,0
4348.72,4036.92,4258.46,4131.79,4333.33,4614.36,4055.38,4593.85,4183.08,4235.38,4200,4273.85,4609.23,4395.9,0
4365.13,4047.18,4262.56,4135.38,4334.87,4616.41,4054.36,4591.79,4182.05,4234.36,4202.56,4280,4609.74,4409.23,0
4385.64,4060.51,4273.33,4142.56,4338.46,4613.85,4055.9,4591.28,4188.72,4236.92,4210.26,4290.77,4626.67,4432.82,0
4396.92,4071.28,4281.54,4150.77,4338.97,4617.95,4058.97,4594.36,4184.62,4234.36,4210.77,4289.74,4629.74,4440,0
4406.67,4080,4282.05,4153.85,4340.51,4618.46,4059.49,4588.21,4175.38,4230.77,4206.15,4287.69,4621.54,4443.59,0
4421.03,4094.36,4280.51,4157.44,4343.59,4609.23,4054.36,4579.49,4179.49,4230.77,4209.23,4293.33,4626.15,4452.82,0
4421.54,4098.46,4278.97,4161.03,4343.08,4610.77,4054.36,4581.54,4175.38,4226.67,4207.69,4293.85,4625.64,4450.77,0
4417.95,4091.28,4282.05,4158.97,4341.03,4615.9,4060.51,4582.05,4162.05,4221.03,4199.49,4292.82,4613.85,4445.64,0
4427.18,4091.79,4291.28,4156.92,4340,4608.21,4059.49,4575.9,4167.18,4221.03,4201.03,4295.9,4616.92,4450.26,0
4434.36,4098.46,4296.92,4160.51,4338.97,4605.13,4056.92,4576.41,4180,4225.13,4208.72,4298.46,4627.18,4455.9,0
4437.44,4099.49,4297.95,4163.59,4342.05,4614.87,4063.08,4587.69,4183.59,4235.38,4214.87,4302.56,4636.41,4464.1,0
4448.21,4102.56,4306.15,4169.23,4346.67,4623.59,4071.28,4600,4193.85,4247.69,4222.56,4313.85,4650.77,4475.9,0
4450.26,4104.1,4313.33,4169.74,4348.21,4629.74,4074.87,4610.26,4210.26,4251.79,4224.1,4315.9,4647.69,4473.85,0
4443.08,4102.05,4306.67,4163.08,4351.28,4632.31,4073.33,4612.31,4208.72,4251.28,4221.03,4307.69,4637.95,4467.69,0
4447.18,4102.05,4300,4163.59,4351.28,4628.72,4071.28,4599.49,4186.67,4251.79,4225.64,4306.67,4648.72,4471.28,0
4442.05,4097.95,4295.9,4163.59,4345.64,4630.26,4076.41,4590.77,4175.9,4243.59,4221.54,4305.64,4651.79,4463.59,0
4428.21,4090.26,4286.67,4155.38,4343.08,4634.36,4081.54,4598.97,4191.28,4235.38,4211.79,4296.92,4634.87,4449.23,0
4430.26,4095.9,4285.13,4151.28,4347.69,4631.28,4080.51,4605.13,4201.03,4242.56,4214.87,4298.97,4632.82,4454.36,0
4440,4105.64,4293.33,4156.41,4350.26,4627.69,4081.54,4597.95,4191.79,4250.77,4223.08,4307.18,4645.64,4467.69,0
4438.46,4098.46,4296.41,4156.92,4348.72,4629.23,4084.1,4593.33,4189.74,4252.82,4225.13,4307.18,4652.31,4471.79,0
4439.49,4087.69,4293.85,4151.79,4348.21,4630.26,4082.56,4597.44,4195.9,4258.46,4228.21,4310.26,4658.46,4473.85,0
4447.69,4092.82,4295.38,4152.82,4349.74,4624.1,4077.95,4595.38,4191.28,4259.49,4234.87,4316.92,4664.62,4477.44,0
4446.67,4095.38,4295.38,4153.85,4350.77,4619.49,4073.85,4590.26,4189.74,4253.85,4236.41,4312.31,4664.62,4475.38,0
4443.59,4090.77,4293.33,4153.33,4350.77,4622.05,4070.26,4597.95,4201.03,4258.46,4238.46,4309.23,4669.23,4476.41,0
4446.15,4091.28,4295.9,4152.82,4352.82,4629.74,4072.31,4610.77,4204.1,4266.67,4245.13,4314.87,4676.92,4479.49,0
4444.62,4091.28,4301.03,4152.82,4354.87,4635.38,4078.46,4612.82,4203.08,4266.67,4246.15,4316.92,4679.49,4475.9,0
4440.51,4086.67,4304.62,4154.87,4353.85,4636.41,4080,4610.26,4210.26,4268.21,4244.1,4318.46,4678.46,4473.85,0
4439.49,4082.56,4301.03,4154.87,4349.74,4636.92,4082.05,4606.67,4205.64,4265.13,4238.97,4316.92,4671.28,4471.28,0
4439.49,4078.46,4295.38,4150.77,4347.18,4638.46,4086.67,4602.56,4195.9,4259.49,4233.33,4311.28,4664.62,4469.23,0
4440.51,4074.36,4296.92,4149.23,4351.79,4637.44,4089.74,4602.56,4200.51,4265.13,4239.49,4314.87,4677.95,4477.95,0
4444.62,4073.33,4301.03,4150.77,4356.41,4632.82,4085.64,4601.54,4198.46,4267.69,4248.21,4323.08,4687.69,4483.08,0
4441.03,4075.38,4298.46,4144.1,4351.28,4624.62,4073.33,4588.21,4184.1,4257.44,4241.03,4317.44,4674.36,4472.31,0
4431.28,4074.36,4293.85,4144.1,4348.72,4616.41,4063.08,4580.51,4186.15,4253.33,4232.82,4309.23,4667.18,4461.54,0
4424.1,4070.77,4294.36,4149.74,4358.46,4618.97,4066.67,4593.85,4201.54,4261.54,4236.92,4312.82,4675.9,4463.08,0
4420.51,4068.72,4293.85,4143.59,4362.05,4625.64,4075.38,4607.69,4206.15,4265.64,4237.95,4315.38,4675.38,4460.51,0
4417.44,4069.23,4291.28,4140,4351.79,4626.15,4078.97,4609.23,4202.05,4262.56,4235.38,4311.79,4667.18,4455.38,0
4420,4070.77,4295.38,4151.28,4346.15,4625.13,4082.05,4608.72,4199.49,4257.95,4239.49,4315.38,4671.28,4463.59,0
4423.08,4066.15,4298.46,4154.36,4350.26,4626.15,4085.13,4604.62,4192.31,4254.36,4237.95,4316.41,4675.38,4466.67,0
4420.51,4058.46,4294.87,4147.18,4350.77,4625.64,4084.62,4596.41,4186.67,4256.41,4234.36,4309.23,4671.28,4461.54,0
4425.64,4066.15,4298.97,4151.79,4348.72,4622.56,4082.05,4595.9,4195.9,4266.15,4244.62,4312.82,4676.92,4468.72,0
4431.79,4072.31,4304.62,4154.36,4350.77,4621.03,4077.44,4601.54,4211.28,4275.9,4249.74,4321.54,4685.64,4476.41,0
4423.59,4057.95,4296.92,4144.62,4350.26,4623.59,4076.41,4604.1,4208.21,4270.77,4239.49,4312.82,4676.41,4464.62,0
4413.33,4044.62,4290.26,4137.44,4347.69,4625.64,4084.1,4601.54,4192.31,4253.85,4227.69,4303.59,4665.64,4453.85,0
4410.77,4045.64,4292.82,4137.44,4351.28,4623.59,4085.64,4599.49,4187.18,4248.72,4227.18,4307.18,4672.82,4456.92,0
4409.74,4047.69,4290.26,4140.51,4356.41,4620,4076.41,4598.46,4190.77,4253.33,4233.33,4309.74,4680,4459.49,0
4412.31,4050.26,4289.74,4146.15,4357.44,4622.56,4077.95,4604.62,4200,4258.46,4237.95,4309.23,4676.92,4461.54,0
4420,4055.9,4295.38,4151.28,4359.49,4627.69,4087.69,4614.87,4216.92,4270.77,4243.08,4314.87,4680.51,4470.77,0
4429.23,4065.13,4296.92,4154.36,4365.13,4628.21,4083.59,4617.44,4225.64,4285.64,4256.41,4326.15,4696.41,4481.03,0
4436.41,4071.79,4300,4157.44,4363.08,4625.13,4072.82,4613.33,4212.31,4284.1,4264.1,4329.74,4705.64,4483.59,0
4435.9,4062.05,4302.56,4152.31,4353.85,4625.13,4073.33,4607.69,4203.59,4273.33,4251.79,4322.56,4694.87,4480.51,1
4429.23,4046.15,4299.49,4143.08,4346.15,4626.15,4076.92,4603.59,4209.23,4269.23,4240,4318.46,4681.03,4475.38,1
4422.05,4040.51,4295.9,4137.44,4346.67,4631.79,4076.41,4600.51,4199.49,4260,4237.95,4318.46,4678.46,4468.21,1
4418.46,4045.64,4296.41,4140,4353.85,4634.87,4076.92,4600.51,4187.18,4248.72,4235.38,4314.36,4677.95,4466.67,1
4421.54,4054.87,4297.95,4150.26,4356.41,4626.67,4080,4607.69,4197.95,4255.9,4238.97,4320.51,4680,4473.85,1
4422.56,4054.36,4300.51,4151.28,4351.79,4616.41,4077.95,4609.74,4200,4267.18,4243.59,4329.23,4682.05,4469.74,1
4408.72,4039.49,4295.9,4141.03,4348.72,4614.36,4073.33,4598.97,4184.1,4257.95,4238.46,4315.9,4677.44,4452.82,1
4397.44,4033.33,4283.59,4138.97,4354.36,4614.87,4073.85,4597.95,4192.82,4255.9,4237.44,4302.05,4676.92,4449.23,1
4397.95,4040,4278.46,4143.59,4357.44,4616.41,4075.38,4612.31,4217.44,4276.41,4246.67,4310.26,4686.15,4457.44,1
4396.92,4037.95,4280,4139.49,4349.74,4621.03,4075.38,4618.46,4220,4284.62,4247.18,4314.36,4689.23,4454.87,1
4394.87,4029.23,4279.49,4133.33,4347.69,4625.64,4078.46,4613.85,4210.26,4272.82,4238.46,4304.62,4680.51,4448.21,1
4397.44,4025.64,4282.05,4133.85,4350.77,4630.77,4085.64,4611.79,4204.1,4265.64,4231.28,4301.54,4671.28,4446.67,1
4400,4018.97,4287.18,4132.82,4348.72,4634.36,4089.23,4614.36,4200,4262.56,4229.23,4306.67,4663.08,4448.21,1
4403.59,4015.38,4292.31,4134.87,4346.15,4627.69,4081.54,4610.26,4191.28,4258.97,4232.31,4312.31,4665.64,4456.92,1
4415.38,4030.26,4302.05,4146.67,4355.9,4619.49,4069.23,4592.82,4186.67,4264.62,4240,4317.44,4680,4473.33,1
4428.21,4046.67,4312.31,4156.92,4364.62,4621.03,4066.67,4581.54,4192.82,4271.28,4246.67,4320.51,4689.23,4480.51,1
4428.72,4044.62,4312.31,4156.92,4361.54,4626.15,4069.74,4588.21,4197.44,4268.72,4244.1,4320.51,4686.67,4473.33,1
4418.46,4031.28,4309.74,4149.23,4356.92,4624.1,4070.77,4602.05,4207.18,4270.26,4243.59,4323.59,4682.56,4466.15,1
4407.18,4014.87,4306.67,4140,4349.74,4621.03,4078.97,4617.95,4223.59,4277.95,4249.74,4329.74,4681.03,4463.59,1
4400,4005.64,4301.03,4135.9,4343.59,4621.54,4089.74,4626.67,4218.46,4275.9,4251.79,4327.69,4680.51,4458.97,1
4393.85,4009.74,4294.87,4137.44,4344.1,4623.08,4088.72,4621.54,4199.49,4268.21,4245.13,4317.95,4680,4449.74,1
4386.67,4009.23,4285.13,4130.77,4344.62,4628.21,4088.21,4619.49,4201.54,4264.1,4234.87,4310.26,4668.21,4441.54,1
4383.08,4003.08,4280.51,4122.05,4344.62,4630.26,4090.77,4618.46,4206.67,4260.51,4230.77,4306.67,4661.03,4442.56,1
4385.64,4004.1,4285.64,4126.15,4348.72,4626.67,4081.54,4608.21,4203.08,4263.08,4236.41,4306.15,4672.82,4451.28,1
4387.18,4005.13,4286.15,4131.28,4351.79,4625.13,4069.74,4604.1,4210.77,4273.33,4237.44,4306.15,4676.41,4449.74,1
4382.56,4006.67,4278.46,4131.28,4349.74,4622.56,4067.18,4600,4211.79,4273.33,4229.74,4303.08,4666.67,4442.05,1
4379.49,4013.33,4278.97,4136.41,4349.23,4616.41,4067.18,4590.77,4200,4268.72,4231.28,4303.59,4671.79,4447.18,1
4380.51,4009.23,4288.21,4136.41,4347.69,4617.95,4075.9,4600,4202.56,4272.82,4241.54,4311.28,4683.59,4453.85,1
4381.03,4001.54,4293.33,4130.77,4348.21,4623.08,4086.15,4614.87,4211.28,4274.87,4241.54,4314.87,4675.9,4447.18,1
4383.08,4005.13,4296.41,4134.36,4347.69,4621.54,4083.59,4612.31,4207.18,4266.15,4231.79,4311.79,4661.54,4441.54,1
4383.08,4003.08,4294.36,4135.9,4343.08,4620,4081.03,4608.21,4201.54,4259.49,4227.18,4310.77,4659.49,4446.15,1
4384.62,3994.36,4295.9,4132.31,4344.62,4621.54,4082.56,4607.69,4199.49,4258.97,4230.26,4314.87,4662.56,4449.74,1
4387.69,3993.33,4300,4133.85,4350.26,4621.03,4079.49,4601.03,4192.82,4255.38,4230.77,4316.92,4663.08,4445.64,1
4385.64,3989.23,4299.49,4137.95,4349.23,4625.64,4078.97,4602.56,4195.38,4250.77,4228.21,4314.87,4661.54,4442.05,1
4383.59,3988.21,4299.49,4135.9,4349.23,4627.69,4080,4612.82,4208.72,4257.44,4235.9,4316.92,4662.56,4445.64,1
4383.59,3997.44,4296.41,4134.87,4350.77,4618.97,4077.44,4610.26,4210.77,4269.74,4244.1,4318.46,4667.69,4449.23,1
4380,3999.49,4292.82,4136.92,4348.21,4616.41,4081.03,4605.13,4210.77,4272.82,4242.56,4315.38,4671.28,4448.72,1
4383.59,3994.87,4301.03,4138.97,4345.64,4623.08,4088.72,4612.82,4220,4272.82,4246.15,4319.49,4672.31,4452.31,1
4393.33,3993.33,4309.23,4138.46,4346.15,4625.64,4089.74,4619.49,4218.46,4279.49,4252.82,4327.18,4676.92,4454.36,1
4384.1,3989.23,4299.49,4130.77,4343.59,4622.56,4086.15,4613.85,4206.67,4278.46,4245.13,4319.49,4673.33,4442.05,1
4365.13,3980.51,4290.26,4122.56,4343.08,4624.1,4083.08,4606.15,4205.64,4264.62,4232.82,4306.67,4658.97,4428.21,1
4366.15,3977.95,4294.36,4123.59,4346.67,4629.74,4081.03,4604.62,4205.64,4255.9,4232.31,4310.26,4657.44,4431.79,1
4370.26,3978.97,4289.23,4125.13,4346.67,4630.26,4082.05,4606.67,4198.46,4256.41,4235.38,4313.33,4663.08,4434.36,1
4361.54,3985.13,4277.44,4127.18,4345.13,4622.05,4081.54,4609.74,4198.46,4257.44,4230.77,4303.08,4656.41,4422.05,1
4357.44,3991.28,4278.97,4135.9,4347.69,4615.9,4081.03,4611.28,4205.64,4259.49,4224.62,4296.92,4651.28,4416.41,1
4361.54,3991.79,4289.74,4141.03,4350.26,4618.46,4085.13,4615.38,4213.85,4265.64,4229.74,4302.56,4658.46,4427.18,1
4365.64,3989.74,4295.9,4137.44,4350.26,4621.54,4087.18,4620.51,4213.33,4272.31,4237.95,4309.74,4664.1,4432.31,1
4365.64,3986.67,4293.33,4137.44,4350.77,4624.1,4085.13,4617.95,4208.72,4270.26,4235.38,4309.23,4662.56,4424.62,1
4361.54,3983.08,4287.18,4136.41,4350.77,4630.77,4087.18,4615.38,4213.33,4265.64,4227.18,4303.08,4654.36,4415.38,1
4350.26,3978.97,4281.03,4127.69,4349.74,4632.82,4085.13,4613.33,4211.79,4264.62,4221.54,4296.41,4642.56,4407.69,1
4342.56,3974.87,4278.46,4122.56,4351.79,4630.77,4076.41,4603.59,4193.85,4260.51,4217.95,4290.26,4636.92,4402.05,1
4347.18,3974.36,4280,4124.62,4351.79,4630.26,4073.85,4596.41,4187.69,4254.87,4218.46,4291.79,4640.51,4406.67,1
4356.41,3975.9,4281.03,4125.13,4348.72,4628.21,4075.38,4601.54,4195.9,4251.79,4224.1,4300.51,4645.13,4414.87,1
4360,3977.44,4283.08,4126.15,4348.21,4626.15,4076.41,4610.26,4200,4248.21,4224.1,4302.56,4642.56,4414.87,1
4358.46,3978.97,4289.74,4132.82,4351.79,4630.77,4083.08,4616.41,4205.13,4252.31,4220.51,4299.49,4636.41,4411.79,1
4359.49,3986.15,4295.38,4137.95,4357.44,4635.9,4090.77,4622.05,4217.95,4262.05,4220.51,4302.56,4634.36,4413.85,1
4367.18,3996.92,4294.87,4140.51,4361.54,4639.49,4089.23,4632.82,4236.92,4267.69,4222.05,4309.23,4636.41,4418.97,1
4369.74,4002.56,4294.87,4141.54,4359.49,4642.05,4085.64,4641.03,4242.05,4273.85,4227.18,4311.28,4637.44,4418.46,1
4365.64,4000.51,4293.33,4140.51,4358.97,4643.08,4086.67,4633.33,4220,4275.9,4229.74,4307.18,4638.46,4414.87,1
4363.59,3996.92,4285.13,4138.97,4363.08,4640.51,4085.13,4616.41,4200.51,4266.15,4226.15,4302.56,4640,4413.85,1
4360,3993.85,4278.97,4140.51,4355.9,4633.85,4082.56,4609.74,4206.15,4258.46,4221.54,4300,4637.95,4409.23,1
4351.28,3986.15,4277.95,4133.85,4345.64,4630.77,4084.1,4615.9,4214.36,4260,4220.51,4297.44,4633.85,4402.56,1
4351.79,3982.05,4277.95,4125.13,4349.74,4634.87,4084.62,4623.59,4214.87,4261.03,4222.05,4299.49,4632.31,4405.64,1
4359.49,3988.72,4283.08,4132.31,4357.44,4635.9,4084.1,4623.59,4215.9,4262.56,4224.1,4306.67,4635.38,4413.85,1
4357.95,3993.33,4286.67,4140.51,4355.9,4633.85,4086.67,4615.9,4210.26,4261.54,4223.59,4306.15,4638.97,4409.74,1
4350.77,3988.21,4284.1,4137.95,4354.36,4631.79,4088.72,4615.9,4208.72,4255.9,4216.41,4297.95,4637.95,4399.49,1
4346.15,3984.1,4280.51,4133.33,4356.41,4625.13,4085.13,4621.03,4216.92,4258.97,4214.36,4296.41,4632.31,4393.85,1
4340,3983.08,4278.97,4127.69,4354.36,4625.64,4083.59,4622.56,4218.97,4266.67,4217.44,4297.95,4624.1,4386.67,1
4333.85,3983.59,4276.92,4122.05,4351.28,4636.92,4087.69,4624.62,4209.74,4262.56,4212.31,4293.85,4617.44,4380,1
4336.92,3988.72,4278.97,4128.72,4352.82,4638.97,4089.74,4624.62,4205.64,4253.33,4207.18,4289.23,4617.95,4387.69,1
4347.18,3992.82,4287.18,4137.44,4354.87,4632.31,4084.62,4621.03,4211.79,4257.95,4210.77,4292.31,4624.62,4398.97,1
4352.31,3992.82,4290.26,4136.41,4352.82,4626.67,4078.97,4620.51,4210.77,4261.03,4214.36,4298.46,4624.62,4399.49,1
4355.38,3998.46,4291.28,4136.92,4351.28,4622.56,4082.05,4623.08,4208.21,4254.87,4217.44,4304.1,4626.67,4404.62,1
4357.44,4001.03,4291.79,4137.44,4351.79,4623.59,4084.1,4620,4207.69,4251.79,4222.05,4306.67,4633.85,4410.77,1
4356.41,3994.36,4295.9,4136.41,4351.28,4623.59,4076.92,4617.44,4207.18,4253.33,4222.56,4305.13,4629.74,4405.64,1
4356.41,3991.79,4298.97,4138.46,4347.18,4621.54,4074.87,4618.97,4210.77,4256.41,4217.44,4304.1,4622.56,4398.46,1
4352.82,3988.21,4289.74,4135.38,4341.54,4624.62,4081.03,4619.49,4212.31,4255.9,4214.87,4300,4626.67,4397.95,1
4345.13,3982.56,4278.97,4124.62,4343.59,4630.26,4084.62,4615.38,4205.13,4253.33,4216.92,4296.41,4629.74,4396.92,1
4342.56,3985.64,4277.44,4121.03,4349.74,4632.82,4087.69,4614.36,4203.59,4251.28,4219.49,4295.38,4626.67,4394.87,1
4342.05,3986.67,4280.51,4122.56,4349.74,4631.79,4092.31,4616.41,4210.26,4251.28,4217.95,4295.38,4627.69,4395.9,1
4342.56,3980.51,4280.51,4122.05,4348.21,4623.08,4087.18,4612.82,4202.05,4252.82,4220,4300.51,4631.79,4399.49,1
4345.64,3980,4280.51,4124.1,4351.28,4614.36,4080.51,4608.21,4194.87,4251.28,4223.59,4304.1,4629.74,4399.49,1
4341.03,3981.54,4280.51,4122.56,4352.31,4616.92,4084.1,4612.31,4202.56,4244.62,4213.85,4296.41,4622.05,4386.67,1
4329.74,3978.97,4276.92,4115.38,4347.69,4621.03,4088.72,4616.92,4205.13,4238.97,4204.62,4287.69,4614.36,4376.92,1
4332.82,3984.1,4271.28,4115.38,4348.72,4622.56,4083.59,4615.38,4200,4245.64,4207.18,4289.23,4614.87,4384.1,1
4344.62,3992.31,4266.67,4123.08,4355.9,4626.15,4079.49,4612.31,4200.51,4250.26,4209.74,4291.79,4617.44,4387.69,1
4341.03,3983.59,4266.67,4118.46,4355.38,4631.28,4085.13,4614.87,4204.62,4245.64,4207.69,4289.23,4614.36,4378.97,1
4329.74,3975.38,4264.62,4106.15,4351.79,4636.41,4088.21,4616.92,4201.03,4246.67,4206.67,4286.15,4612.82,4381.03,1
4335.9,3983.08,4265.13,4108.72,4353.33,4635.9,4087.69,4616.41,4201.54,4249.23,4207.69,4286.15,4620,4395.9,1
4350.26,3990.26,4271.28,4113.85,4354.36,4632.31,4095.38,4620,4209.23,4246.67,4211.28,4291.28,4628.21,4401.54,1
4352.82,3988.21,4276.92,4112.31,4353.33,4633.33,4098.97,4623.59,4213.33,4249.23,4217.44,4296.41,4631.79,4404.62,1
4350.26,3987.69,4278.46,4113.33,4351.28,4631.28,4090.77,4617.95,4209.23,4259.49,4223.08,4300,4635.9,4410.26,1
4353.33,3986.67,4279.49,4117.95,4347.69,4624.1,4084.62,4614.87,4206.67,4262.56,4225.64,4302.56,4639.49,4410.26,1
4356.92,3986.15,4284.62,4120,4348.72,4622.05,4088.21,4617.44,4208.72,4258.46,4225.64,4305.13,4634.36,4405.13,1
4357.44,3995.38,4289.74,4120.51,4352.31,4624.1,4089.23,4616.92,4206.15,4258.46,4223.59,4305.64,4627.18,4402.56,1
4354.36,3998.97,4286.15,4113.85,4349.74,4627.69,4085.13,4613.85,4201.54,4258.97,4223.08,4302.56,4631.28,4404.62,1
4349.74,3987.18,4279.49,4106.15,4345.13,4629.74,4086.15,4616.41,4204.62,4257.44,4222.56,4299.49,4638.46,4404.62,1
4345.13,3981.54,4273.85,4107.18,4345.64,4625.13,4086.67,4617.44,4207.18,4254.36,4222.05,4294.87,4632.31,4399.49,1
4340.51,3987.69,4267.18,4109.23,4346.15,4623.59,4084.62,4613.33,4199.49,4249.74,4218.97,4289.74,4626.67,4394.36,1
4337.95,3988.72,4266.15,4107.69,4346.67,4629.74,4087.18,4609.74,4193.85,4245.13,4213.33,4291.28,4626.15,4393.85,1
4335.9,3984.1,4273.33,4109.74,4349.23,4631.79,4090.26,4613.85,4203.59,4247.18,4215.38,4298.97,4622.05,4393.85,1
4337.95,3987.18,4282.05,4116.41,4352.82,4625.13,4087.18,4617.95,4211.28,4255.38,4223.08,4303.59,4626.67,4399.49,1
4345.13,3996.92,4287.18,4121.03,4356.41,4623.08,4082.05,4612.82,4205.13,4258.97,4224.1,4305.64,4635.9,4406.67,1
4348.72,4003.59,4285.64,4123.08,4356.92,4626.67,4080,4612.82,4205.64,4259.49,4220.51,4300.51,4631.28,4401.03,1
4345.64,4003.59,4279.49,4123.08,4353.33,4629.74,4082.05,4621.03,4212.31,4257.95,4220.51,4289.23,4624.62,4395.9,1
4343.08,3997.44,4271.79,4114.87,4350.77,4632.31,4085.13,4617.44,4201.54,4253.85,4222.05,4286.15,4627.69,4397.95,1
4336.92,3986.15,4264.62,4106.15,4347.18,4632.82,4087.18,4609.23,4188.21,4249.23,4217.95,4288.21,4627.18,4392.82,1
4332.31,3982.56,4264.62,4106.67,4346.67,4632.31,4089.23,4609.74,4196.92,4250.26,4213.33,4287.18,4622.56,4387.69,1
4338.97,3990.77,4273.85,4110.77,4349.74,4631.79,4092.31,4611.79,4205.13,4252.82,4212.82,4286.15,4625.13,4395.9,1
4342.05,3992.31,4278.46,4107.69,4347.18,4628.72,4092.82,4609.74,4192.82,4246.67,4212.31,4287.69,4626.67,4397.44,1
4333.33,3981.03,4276.92,4103.59,4340,4624.1,4089.74,4603.59,4185.64,4236.41,4210.77,4291.79,4622.56,4390.26,1
4329.23,3978.46,4278.46,4104.62,4340,4623.08,4085.13,4602.56,4193.33,4236.41,4212.31,4295.9,4622.05,4391.79,1
4336.92,3989.23,4281.54,4110.26,4344.62,4621.03,4081.03,4611.28,4200,4244.62,4211.79,4296.92,4624.62,4396.41,1
4343.59,3993.33,4282.05,4114.36,4344.62,4617.44,4079.49,4616.92,4201.03,4248.72,4210.26,4292.82,4623.59,4397.95,1
4342.56,3988.72,4279.49,4112.31,4339.49,4620,4083.59,4613.85,4207.69,4253.33,4214.36,4288.72,4627.18,4401.54,1
4343.08,3987.18,4277.95,4107.69,4341.03,4628.21,4090.26,4616.92,4213.85,4263.08,4221.54,4293.85,4636.92,4408.72,1
4351.28,3991.28,4285.13,4110.77,4347.69,4634.87,4094.36,4622.05,4213.85,4266.15,4227.18,4303.59,4641.54,4415.38,1
4360,4000,4293.85,4120,4348.72,4632.82,4093.85,4617.44,4212.82,4261.54,4227.69,4306.15,4640.51,4417.95,1
4360,4001.03,4290.77,4121.54,4346.15,4627.18,4091.79,4610.26,4205.13,4254.87,4226.67,4302.56,4640.51,4417.95,1
4353.33,3991.28,4282.05,4111.79,4347.18,4626.15,4091.28,4610.26,4197.44,4251.28,4226.15,4302.56,4640,4414.36,1
4344.1,3986.67,4275.9,4105.13,4343.59,4626.15,4091.28,4612.82,4197.44,4249.74,4223.59,4299.49,4637.95,4408.72,1
4338.97,3991.28,4273.85,4106.15,4337.44,4622.56,4090.26,4609.74,4202.56,4248.72,4222.56,4292.31,4635.38,4404.1,1
4344.1,3992.82,4278.46,4105.64,4345.64,4624.62,4091.79,4609.74,4206.67,4252.82,4224.62,4293.85,4635.9,4403.59,1
4349.23,3992.82,4282.56,4110.77,4357.44,4631.79,4088.72,4615.9,4209.74,4258.46,4227.18,4300.51,4646.15,4407.18,1
4342.05,3991.79,4279.49,4116.92,4354.87,4634.87,4083.08,4617.44,4211.79,4260,4226.67,4298.97,4650.77,4405.64,1
4330.77,3983.08,4275.9,4113.85,4350.26,4636.92,4087.18,4621.03,4213.33,4256.41,4225.13,4291.28,4642.56,4398.97,1
4332.82,3980,4277.95,4112.31,4352.82,4637.44,4092.31,4624.1,4214.36,4257.95,4225.13,4290.26,4637.44,4400,1
4343.59,3988.21,4284.1,4121.03,4352.82,4630.77,4087.18,4613.33,4209.23,4260.51,4226.15,4294.87,4638.46,4406.15,1
4349.23,3996.41,4288.21,4125.13,4354.36,4629.23,4085.64,4607.69,4206.15,4257.44,4226.67,4300,4641.03,4409.23,1
4346.15,3995.38,4283.59,4120.51,4355.9,4637.44,4095.9,4617.44,4208.72,4255.9,4224.1,4302.05,4642.56,4408.72,1
4341.03,3989.74,4280,4119.49,4350.77,4638.97,4100.51,4619.49,4207.18,4257.44,4223.59,4301.03,4641.54,4409.74,1
4343.59,3991.79,4284.62,4121.54,4350.26,4632.82,4093.33,4614.87,4204.1,4257.44,4229.23,4299.49,4642.56,4407.69,1
4346.67,3998.97,4284.1,4123.08,4355.38,4628.72,4087.18,4614.36,4204.62,4255.9,4228.72,4293.33,4641.54,4402.05,1
4338.46,3995.9,4278.97,4121.03,4352.31,4626.67,4086.67,4612.82,4208.21,4257.44,4223.59,4289.23,4639.49,4400.51,1
4327.69,3985.13,4279.49,4112.82,4344.1,4625.64,4087.18,4609.74,4206.67,4257.44,4222.05,4289.74,4637.95,4398.46,1
4326.67,3985.13,4276.92,4107.69,4341.54,4627.18,4087.18,4612.31,4206.67,4256.41,4223.08,4289.23,4633.33,4391.79,1
4330.26,3990.77,4269.74,4107.18,4344.1,4628.72,4088.72,4616.41,4209.74,4255.38,4220,4290.26,4629.74,4391.79,1
4327.18,3990.26,4268.72,4110.26,4346.15,4628.72,4087.18,4615.38,4201.54,4247.18,4212.82,4288.21,4631.28,4392.31,1
4324.62,3991.79,4274.36,4117.44,4347.69,4626.67,4081.54,4609.74,4191.79,4242.56,4213.33,4284.62,4634.36,4391.28,1
4330.77,3996.41,4280.51,4123.08,4346.67,4621.03,4077.44,4608.21,4195.9,4250.77,4221.54,4288.21,4637.95,4395.9,1
4333.33,3994.87,4277.95,4116.92,4344.1,4620.51,4078.97,4613.85,4206.15,4259.49,4226.15,4288.72,4641.03,4397.44,1
4323.59,3989.74,4269.23,4110.77,4346.15,4626.67,4082.05,4620,4212.82,4262.56,4223.08,4282.05,4640.51,4389.23,1
4317.44,3990.77,4268.72,4117.95,4351.28,4629.23,4085.64,4624.62,4218.97,4262.56,4221.03,4281.54,4637.44,4386.67,1
4318.97,3994.36,4272.31,4122.56,4349.23,4632.31,4091.28,4628.21,4214.36,4258.46,4217.44,4286.15,4629.74,4384.1,1
4318.97,3991.79,4273.85,4117.44,4341.03,4633.85,4094.36,4623.59,4203.08,4248.72,4208.21,4286.15,4618.46,4376.41,1
4323.08,3990.26,4280,4116.92,4338.46,4623.59,4093.33,4616.41,4204.62,4246.15,4209.23,4293.85,4617.95,4383.08,1
4330.77,3990.26,4287.18,4121.03,4340,4614.87,4089.74,4610.77,4204.62,4252.31,4219.49,4304.62,4626.15,4393.33,1
4329.74,3986.67,4283.59,4121.54,4337.44,4620,4086.67,4607.18,4197.95,4249.23,4219.49,4300.51,4626.15,4387.18,1
4320,3984.1,4279.49,4119.49,4334.87,4627.18,4087.18,4606.67,4194.87,4235.38,4207.69,4290.77,4615.38,4375.38,1
4320,3988.72,4279.49,4116.41,4341.03,4629.23,4086.15,4606.15,4192.82,4232.31,4205.13,4290.77,4612.82,4378.46,1
4326.67,3994.36,4280,4117.95,4349.74,4629.74,4085.13,4610.77,4199.49,4246.15,4217.44,4297.95,4626.15,4390.26,1
4324.1,3993.33,4282.05,4122.56,4349.74,4632.31,4088.21,4625.13,4221.54,4255.38,4225.64,4295.38,4634.36,4389.74,1
4318.97,3993.85,4280.51,4121.54,4346.67,4632.82,4090.77,4636.41,4229.74,4255.38,4218.46,4288.72,4629.74,4382.05,1
4325.13,4000.51,4278.46,4121.03,4347.18,4630.26,4087.18,4632.82,4222.05,4259.49,4213.85,4291.28,4626.67,4383.59,1
4331.79,4005.13,4282.56,4126.67,4347.69,4627.69,4082.05,4627.18,4222.56,4266.15,4218.97,4298.46,4628.72,4389.74,1
4328.21,4002.56,4282.05,4127.18,4346.15,4628.21,4081.03,4621.54,4213.33,4258.46,4217.44,4295.38,4626.67,4383.08,1
4319.49,3996.92,4269.74,4120.51,4347.18,4630.77,4085.13,4616.41,4200,4245.64,4206.67,4285.64,4621.03,4373.33,1
4317.95,3996.41,4265.13,4117.44,4349.74,4633.33,4090.77,4617.44,4208.21,4247.69,4207.69,4281.03,4621.03,4376.92,1
4325.13,4001.54,4274.87,4118.97,4347.69,4631.79,4089.74,4616.92,4213.33,4255.9,4216.92,4282.05,4628.72,4383.59,1
4331.28,4006.15,4280.51,4126.15,4347.69,4629.23,4085.64,4609.74,4197.95,4253.33,4220,4285.13,4633.85,4384.1,1
4333.33,4007.69,4286.15,4136.41,4352.82,4630.26,4085.64,4608.72,4191.28,4244.62,4218.97,4291.28,4632.31,4385.13,1
4339.49,4011.28,4294.87,4138.97,4355.38,4633.85,4088.21,4613.85,4204.1,4248.21,4220.51,4301.54,4634.36,4390.26,1
4344.1,4011.28,4295.9,4137.44,4355.9,4633.33,4090.26,4616.92,4212.82,4256.41,4226.67,4309.74,4637.95,4394.87,1
4337.95,4005.13,4292.82,4137.44,4357.44,4632.82,4090.77,4621.54,4215.38,4260,4231.79,4312.82,4637.44,4395.9,1
4329.23,4002.56,4285.64,4131.79,4355.9,4634.87,4087.69,4626.67,4220,4265.13,4228.72,4308.21,4637.95,4389.23,1
4321.03,3998.97,4269.74,4120,4349.74,4634.87,4082.05,4627.18,4221.03,4265.13,4223.08,4294.36,4636.41,4379.49,1
4313.85,3992.82,4262.05,4117.44,4349.23,4632.82,4081.54,4625.64,4212.31,4255.38,4219.49,4283.08,4630.26,4374.36,1
4308.72,3988.72,4262.56,4122.56,4350.26,4633.85,4085.64,4625.64,4210.26,4251.79,4215.9,4285.64,4624.62,4369.74,1
4302.05,3986.67,4259.49,4115.9,4346.15,4633.33,4089.23,4629.23,4223.08,4258.46,4211.79,4287.18,4616.92,4364.1,1
4296.92,3987.18,4258.46,4110.77,4344.62,4629.74,4092.82,4631.79,4227.18,4259.49,4209.74,4284.62,4611.79,4364.62,1
4299.49,3989.74,4253.85,4118.46,4347.69,4634.36,4097.95,4629.74,4215.9,4253.33,4209.74,4285.64,4613.33,4365.64,1
4306.67,3993.85,4248.21,4121.54,4348.72,4637.44,4097.95,4621.54,4206.67,4249.74,4209.74,4286.15,4615.9,4371.28,1
4311.28,4001.54,4254.36,4121.03,4350.26,4630.77,4088.72,4615.9,4208.72,4255.9,4216.41,4287.69,4622.56,4382.56,1
4316.92,4005.64,4266.67,4130.77,4351.79,4626.67,4083.08,4620.51,4212.82,4262.56,4223.08,4292.82,4631.79,4384.1,1
4323.59,4004.62,4275.9,4140,4353.85,4629.23,4085.13,4621.54,4210.26,4261.03,4223.59,4293.85,4635.9,4382.56,1
4328.21,4012.82,4283.59,4137.95,4356.92,4630.26,4089.74,4614.87,4206.67,4256.92,4222.05,4289.74,4636.92,4387.18,1
4326.15,4020,4285.13,4138.46,4359.49,4630.77,4095.9,4616.41,4206.67,4252.31,4221.54,4289.23,4636.41,4383.08,1
4316.92,4011.28,4276.41,4139.49,4358.46,4633.85,4101.03,4624.1,4210.77,4250.77,4219.49,4290.26,4630.77,4373.33,1
4309.23,4003.59,4269.23,4129.74,4356.41,4637.95,4100,4627.18,4221.54,4261.54,4219.49,4289.23,4625.64,4370.26,1
4304.1,4001.54,4265.13,4119.49,4355.38,4641.54,4094.87,4629.74,4225.64,4270.77,4220.51,4285.13,4623.08,4365.64,1
4296.41,3998.46,4255.9,4118.97,4356.41,4643.08,4089.74,4625.64,4216.92,4265.13,4214.87,4277.95,4618.97,4361.03,1
4291.79,3998.97,4246.15,4121.03,4357.44,4640,4085.13,4620.51,4216.92,4268.21,4211.28,4277.44,4624.1,4366.67,1
4300,4007.69,4249.74,4122.56,4361.03,4635.38,4083.59,4624.62,4229.74,4280.51,4218.46,4282.05,4634.87,4377.44,1
4314.87,4020.51,4263.08,4131.28,4365.13,4635.38,4087.69,4629.74,4228.21,4280,4225.13,4288.21,4643.08,4385.13,1
4321.03,4025.13,4272.82,4140,4361.03,4635.9,4092.82,4629.74,4222.56,4270.77,4223.59,4295.9,4647.18,4389.74,1
4316.92,4020.51,4280,4139.49,4356.41,4633.33,4093.33,4630.26,4226.15,4267.18,4225.64,4298.97,4647.18,4390.26,1
4310.26,4010.77,4279.49,4132.31,4355.38,4632.31,4092.31,4630.26,4221.54,4262.56,4225.64,4292.31,4638.46,4379.49,1
4301.54,3999.49,4268.21,4129.23,4351.79,4633.85,4096.41,4628.21,4212.31,4252.82,4215.38,4284.1,4622.56,4366.15,1
4291.28,3996.41,4262.56,4129.74,4349.23,4638.46,4099.49,4629.23,4218.46,4254.36,4214.87,4284.1,4618.46,4366.15,1
4290.26,3998.97,4263.59,4126.67,4350.77,4640,4095.9,4637.95,4234.87,4268.21,4227.18,4288.72,4627.69,4369.74,1
4299.49,4004.62,4264.62,4126.67,4354.87,4635.38,4087.69,4639.49,4236.41,4276.92,4229.23,4293.33,4636.41,4374.87,1
4311.79,4013.33,4269.23,4135.38,4364.62,4635.9,4084.1,4630.26,4228.21,4278.97,4228.21,4295.9,4642.56,4386.67,1
4319.49,4018.97,4277.95,4141.03,4368.72,4641.03,4085.64,4627.69,4230.26,4283.08,4236.41,4294.87,4647.69,4394.87,1
4315.9,4012.31,4280,4136.92,4359.49,4636.41,4086.67,4634.36,4232.82,4283.08,4235.9,4291.79,4647.18,4387.18,1
4310.77,4003.08,4272.82,4132.82,4354.36,4626.15,4084.62,4636.92,4228.21,4274.36,4228.21,4288.72,4643.08,4381.03,1
4309.74,4005.13,4267.69,4127.69,4356.41,4627.18,4085.13,4638.97,4225.64,4272.31,4229.74,4291.79,4642.05,4381.03,1
4303.08,4005.64,4262.05,4121.54,4354.87,4633.85,4087.18,4642.56,4225.13,4273.85,4228.72,4289.74,4634.87,4369.74,1
4293.33,3998.97,4252.82,4120.51,4353.85,4633.85,4086.15,4639.49,4222.56,4270.26,4223.08,4278.97,4627.18,4360,1
4290.26,3997.44,4246.67,4121.54,4354.36,4636.41,4086.67,4634.36,4222.05,4267.18,4221.03,4271.28,4627.18,4360,1
4294.36,4000,4246.15,4116.41,4352.31,4642.05,4090.77,4631.28,4218.46,4264.62,4218.97,4275.38,4626.67,4364.62,1
4302.05,4003.08,4252.82,4111.79,4352.82,4638.97,4090.77,4631.28,4218.46,4262.56,4220.51,4281.54,4629.74,4371.28,1
4313.33,4007.69,4265.64,4116.92,4351.79,4627.69,4088.21,4633.33,4227.69,4267.18,4227.18,4288.21,4640.51,4381.03,1
4317.44,4010.26,4270.77,4123.08,4348.72,4626.67,4087.69,4628.21,4224.62,4273.85,4234.87,4297.44,4649.74,4387.18,1
4305.64,4000.51,4266.67,4121.03,4352.31,4632.82,4091.28,4623.59,4213.85,4270.26,4234.87,4299.49,4647.69,4380,1
4290.77,3991.28,4262.05,4116.92,4354.87,4631.79,4095.38,4627.18,4211.28,4265.13,4229.23,4295.9,4639.49,4369.74,1
4284.1,3992.82,4254.87,4116.41,4351.79,4630.77,4096.41,4626.15,4210.77,4265.13,4227.18,4289.23,4633.85,4365.13,1
4283.08,3992.82,4246.67,4112.82,4353.33,4636.41,4096.41,4624.62,4214.87,4264.1,4228.72,4283.59,4632.82,4366.15,1
4281.54,3988.21,4245.13,4108.72,4357.44,4640,4095.38,4635.9,4230.26,4267.18,4228.21,4281.03,4633.85,4367.69,1
4282.56,3991.28,4242.56,4106.15,4356.41,4640.51,4091.28,4647.18,4236.92,4275.38,4225.64,4277.44,4637.95,4366.15,1
4289.23,4004.1,4239.49,4108.72,4356.92,4640,4089.74,4644.1,4229.23,4281.03,4226.67,4274.36,4643.08,4368.72,1
4296.41,4012.31,4243.08,4113.85,4361.54,4639.49,4084.62,4636.92,4227.69,4281.03,4225.64,4270.77,4647.18,4374.87,1
4301.54,4011.79,4244.62,4116.41,4362.56,4637.44,4074.36,4634.87,4233.33,4277.95,4227.18,4270.26,4649.74,4377.44,1
4307.18,4017.44,4246.67,4126.15,4363.59,4632.82,4075.9,4632.31,4233.85,4277.95,4234.36,4275.9,4652.31,4377.44,1
4314.87,4025.64,4258.46,4137.95,4364.62,4635.9,4086.67,4628.72,4229.74,4280.51,4235.9,4283.08,4651.28,4380,1
4316.41,4026.15,4266.67,4138.46,4362.05,4640.51,4090.26,4628.72,4223.59,4277.44,4228.72,4285.13,4644.62,4380,1
4311.28,4025.13,4266.67,4137.44,4361.54,4637.44,4087.69,4627.18,4215.38,4271.28,4225.13,4286.15,4641.03,4373.85,1
4306.15,4022.05,4265.13,4136.41,4361.54,4636.41,4091.79,4621.54,4209.23,4270.26,4225.13,4280.51,4640.51,4366.67,1
4300.51,4010.77,4256.41,4127.69,4360,4638.97,4095.38,4618.97,4206.15,4269.23,4218.46,4270.26,4636.41,4362.05,1
4295.9,4003.59,4247.18,4120.51,4356.41,4635.38,4090.77,4622.05,4214.87,4270.77,4218.97,4273.85,4636.92,4364.1,1
4296.92,4007.18,4253.85,4123.08,4353.33,4629.23,4088.21,4631.28,4231.79,4280.51,4229.23,4286.15,4644.1,4370.26,1
4298.97,4003.08,4263.59,4122.56,4347.18,4626.67,4089.23,4638.97,4236.92,4282.56,4229.23,4288.21,4643.59,4370.77,1
4297.95,3992.82,4260.51,4118.46,4345.13,4626.67,4091.28,4642.56,4237.44,4278.46,4225.13,4287.18,4637.44,4367.69,1
4294.87,3993.85,4257.44,4117.95,4351.28,4630.77,4094.36,4644.1,4243.59,4282.56,4230.26,4290.77,4641.54,4370.77,1
4292.82,3996.92,4261.54,4120.51,4353.33,4634.36,4096.92,4643.08,4240,4281.03,4231.79,4292.82,4643.59,4367.18,1
4288.21,3990.26,4260.51,4118.46,4349.23,4637.95,4098.46,4643.59,4226.67,4265.64,4220,4283.59,4630.77,4350.77,1
4278.97,3988.21,4250.26,4112.82,4351.79,4645.13,4096.92,4638.97,4216.92,4254.36,4207.69,4272.31,4613.85,4340.51,1
4272.31,3990.77,4238.46,4114.87,4359.49,4643.59,4091.79,4628.72,4209.23,4249.23,4200.51,4263.08,4608.21,4335.38,1
4270.26,3988.21,4231.28,4116.41,4358.97,4635.38,4087.18,4623.59,4207.18,4244.62,4194.36,4251.79,4607.69,4327.69,1
4271.28,3988.72,4231.79,4111.28,4355.9,4633.33,4085.64,4625.64,4212.82,4244.62,4192.31,4247.18,4607.69,4330.26,1
4277.44,3996.92,4238.46,4113.85,4355.38,4633.85,4086.15,4633.33,4221.54,4255.9,4203.59,4254.36,4616.92,4345.13,1
4291.28,4004.1,4245.64,4121.03,4354.36,4631.28,4089.74,4644.62,4235.9,4276.41,4220.51,4266.15,4633.85,4356.41,1
4300,4008.21,4253.33,4121.54,4351.79,4628.72,4093.33,4648.21,4241.03,4288.21,4227.18,4272.82,4641.54,4361.03,1
4297.95,4007.69,4263.59,4122.56,4346.15,4626.67,4091.79,4639.49,4227.69,4278.46,4224.62,4274.36,4635.9,4360,1
4297.95,4009.74,4270.26,4125.64,4347.18,4625.13,4088.72,4630.77,4218.46,4266.15,4223.08,4279.49,4628.21,4357.95,1
4303.59,4012.82,4267.69,4125.64,4352.31,4627.18,4086.67,4623.08,4213.85,4263.08,4218.46,4282.05,4624.62,4356.92,1
4302.05,4008.21,4264.1,4122.56,4349.74,4630.77,4087.69,4621.54,4207.18,4255.38,4210.26,4276.41,4619.49,4353.33,1
4293.33,4000,4263.08,4115.9,4342.05,4631.28,4092.31,4621.03,4200.51,4238.46,4203.08,4270.77,4610.26,4347.69,1
4288.72,3998.97,4261.03,4115.9,4345.64,4629.23,4093.85,4616.41,4200,4227.18,4196.92,4271.79,4605.13,4346.67,1
4288.21,4001.54,4262.56,4121.54,4351.28,4624.1,4090.26,4614.87,4201.03,4231.28,4193.85,4270.26,4605.64,4349.23,1
4288.72,4002.56,4263.08,4115.9,4347.69,4623.59,4091.79,4617.95,4200,4236.92,4194.36,4263.08,4605.64,4347.69,1
4288.72,4000,4255.9,4110.26,4346.67,4627.18,4094.87,4621.03,4202.05,4234.36,4196.41,4261.03,4607.69,4345.13,1
4283.08,3994.87,4248.72,4118.97,4349.23,4627.69,4091.28,4625.64,4209.74,4238.97,4201.03,4262.56,4613.85,4343.08,1
4280,3996.92,4247.18,4125.13,4349.74,4624.1,4090.77,4628.21,4213.85,4252.82,4209.23,4262.56,4619.49,4343.59,1
4284.1,4002.56,4248.21,4120.51,4345.13,4624.1,4096.92,4623.59,4207.69,4261.03,4216.92,4264.1,4624.62,4348.72,1
4283.08,3993.33,4249.74,4118.97,4341.54,4630.26,4101.03,4626.15,4216.41,4268.72,4223.59,4271.79,4630.77,4352.31,1
4277.44,3986.15,4250.77,4118.97,4343.59,4634.87,4101.54,4639.49,4237.44,4280,4229.23,4281.54,4631.79,4352.31,1
4285.64,4000,4249.23,4113.85,4346.15,4637.95,4103.59,4642.56,4241.03,4278.97,4224.1,4280,4625.64,4354.87,1
4304.1,4020.51,4253.85,4118.46,4347.18,4638.97,4103.08,4636.41,4229.23,4272.82,4211.79,4273.85,4621.03,4364.62,1
4318.46,4033.33,4264.62,4134.87,4347.18,4634.36,4096.92,4632.82,4223.59,4273.33,4215.38,4280,4625.13,4375.38,1
4326.15,4040,4265.64,4141.03,4349.23,4625.64,4088.72,4629.23,4223.59,4268.21,4222.05,4283.08,4632.82,4377.95,1
4329.74,4042.05,4266.15,4138.97,4352.31,4623.08,4085.13,4627.18,4222.56,4262.05,4217.95,4277.95,4634.36,4377.44,1
4330.26,4040,4271.79,4141.54,4353.85,4627.69,4086.67,4632.82,4224.1,4260.51,4216.41,4280,4630.77,4380.51,1
4328.21,4038.46,4271.79,4141.03,4350.77,4626.15,4087.69,4632.31,4213.85,4252.82,4218.97,4282.56,4628.21,4380,1
4323.08,4034.87,4264.1,4135.9,4345.13,4618.97,4087.18,4615.38,4188.72,4242.05,4210.26,4274.87,4620.51,4370.26,1
4312.31,4031.79,4262.56,4135.38,4343.08,4615.38,4085.13,4596.41,4173.33,4233.33,4197.95,4267.18,4606.67,4358.46,1
4307.69,4031.79,4264.1,4136.41,4342.56,4615.38,4086.67,4595.38,4177.95,4227.69,4193.33,4265.64,4597.44,4352.31,1
4311.79,4034.36,4263.59,4136.41,4341.03,4617.95,4090.77,4606.15,4189.23,4231.28,4192.82,4265.64,4601.54,4353.33,1
4312.31,4033.85,4265.13,4137.44,4341.03,4620.51,4092.31,4610.26,4202.56,4244.62,4195.9,4267.69,4607.69,4356.92,1
4305.13,4026.15,4262.05,4129.74,4340.51,4625.64,4090.77,4614.87,4216.92,4251.79,4197.44,4267.18,4606.15,4356.92,1
4304.1,4025.64,4254.36,4124.1,4342.05,4629.23,4088.72,4625.64,4217.95,4251.28,4202.05,4264.1,4608.72,4359.49,1
4311.28,4036.41,4254.36,4131.28,4347.18,4625.64,4086.15,4629.74,4210.26,4253.85,4209.23,4266.67,4618.46,4367.18,1
4316.41,4040.51,4260.51,4136.92,4349.23,4621.03,4083.08,4625.64,4209.74,4255.38,4208.72,4270.26,4623.08,4369.23,1
4321.54,4041.03,4270.26,4141.03,4351.28,4619.49,4078.46,4616.41,4207.18,4250.26,4206.67,4272.31,4623.59,4370.26,1
4326.67,4048.21,4277.95,4149.23,4353.33,4615.9,4071.28,4604.1,4195.9,4245.13,4212.31,4277.44,4627.18,4375.9,1
4328.21,4050.26,4280.51,4154.36,4349.23,4612.31,4067.69,4598.97,4193.85,4248.72,4217.95,4281.54,4629.23,4377.95,1
4325.13,4043.08,4280,4150.26,4345.64,4613.33,4075.9,4605.64,4199.49,4251.79,4214.87,4278.97,4628.21,4370.26,1
4315.38,4035.38,4274.36,4143.59,4348.21,4618.97,4088.72,4607.69,4190.77,4245.13,4209.23,4272.31,4622.05,4358.46,1
4301.54,4026.67,4264.62,4135.38,4346.67,4624.62,4092.31,4601.54,4174.87,4232.31,4203.08,4266.15,4605.64,4348.21,1
4292.82,4018.46,4258.46,4127.18,4338.97,4622.56,4088.21,4603.08,4177.44,4225.13,4194.87,4263.08,4594.87,4344.62,1
4294.87,4015.9,4261.54,4122.56,4334.87,4619.49,4087.18,4614.36,4193.33,4229.23,4194.36,4265.64,4600,4349.74,1
4297.44,4015.38,4263.59,4120,4334.36,4623.08,4088.72,4620.51,4197.44,4233.85,4197.44,4268.72,4603.59,4352.31,1
4296.92,4016.41,4262.56,4125.64,4335.9,4622.05,4086.67,4621.03,4196.41,4232.82,4191.79,4266.67,4598.46,4350.26,1
4303.08,4025.13,4263.59,4135.38,4341.54,4616.41,4083.08,4621.03,4200,4235.9,4191.28,4268.72,4599.49,4351.28,1
4311.79,4033.33,4267.69,4139.49,4346.15,4618.46,4083.08,4615.9,4200,4243.59,4202.05,4272.82,4608.72,4357.44,1
4310.26,4033.85,4270.26,4138.97,4344.1,4622.05,4082.05,4610.77,4203.08,4247.69,4207.18,4273.85,4610.77,4361.03,1
4302.56,4030.26,4267.69,4136.92,4340,4617.44,4074.87,4611.28,4208.72,4247.69,4202.05,4272.82,4604.62,4354.36,1
4301.03,4028.21,4268.72,4137.44,4341.54,4615.38,4070.26,4612.31,4203.59,4244.62,4201.54,4272.31,4604.1,4349.23,1
4307.18,4027.18,4276.92,4139.49,4342.05,4618.97,4075.38,4612.31,4194.87,4244.1,4206.15,4275.38,4608.21,4355.9,1
4312.82,4026.15,4279.49,4137.95,4342.56,4619.49,4078.97,4610.77,4192.82,4242.56,4207.18,4280,4608.72,4365.64,1
4311.79,4030.77,4272.31,4134.87,4349.74,4618.46,4075.38,4609.23,4196.41,4238.46,4207.69,4285.13,4613.33,4367.18,1
4307.18,4034.36,4266.67,4136.92,4352.31,4622.05,4077.95,4618.46,4207.18,4242.05,4208.21,4283.08,4618.46,4356.92,1
4296.92,4023.08,4259.49,4130.77,4343.59,4628.21,4087.18,4630.77,4214.36,4245.64,4199.49,4268.72,4606.67,4338.97,1
4290.26,4015.38,4253.85,4122.56,4341.54,4628.21,4089.74,4629.74,4212.82,4245.64,4190.77,4259.49,4597.44,4337.44,1
4298.97,4030.26,4259.49,4131.79,4351.79,4629.23,4088.21,4626.15,4213.33,4254.36,4197.95,4268.21,4606.67,4353.33,1
4307.69,4040,4264.62,4142.05,4353.85,4633.33,4088.72,4622.56,4208.72,4260.51,4206.15,4275.38,4613.33,4358.46,1
4304.1,4029.23,4265.13,4135.9,4343.08,4628.21,4087.18,4615.9,4201.54,4254.87,4205.64,4272.82,4611.79,4357.95,1
4305.13,4021.03,4270.77,4132.31,4337.95,4616.92,4084.1,4618.46,4208.72,4253.85,4209.23,4279.49,4617.44,4365.64,1
4313.85,4025.13,4283.59,4136.92,4341.54,4615.38,4085.13,4624.62,4210.77,4257.95,4216.41,4295.9,4623.59,4373.85,1
4317.44,4028.21,4290.26,4138.97,4341.03,4617.95,4087.18,4616.41,4192.82,4246.67,4215.38,4300,4624.62,4373.85,1
4317.44,4026.15,4287.18,4140,4338.46,4616.92,4084.1,4604.1,4180.51,4235.9,4210.26,4292.82,4623.59,4371.28,1
4315.38,4024.62,4283.08,4141.03,4343.59,4620,4080.51,4604.1,4180.51,4235.38,4210.26,4289.23,4618.97,4367.69,1
4305.13,4027.69,4277.44,4140,4348.72,4627.69,4083.08,4608.72,4184.1,4234.36,4211.28,4289.23,4614.87,4361.54,1
4296.92,4028.21,4268.21,4140,4347.18,4629.74,4086.15,4614.87,4196.41,4235.38,4207.69,4285.13,4612.31,4357.44,1
4300.51,4024.62,4270.26,4140.51,4348.72,4630.77,4087.69,4622.56,4206.15,4243.08,4204.62,4280,4609.74,4357.95,1
4305.13,4026.15,4278.97,4140,4349.23,4628.72,4086.15,4623.59,4203.08,4250.77,4202.05,4275.9,4609.74,4358.46,1
4298.97,4027.18,4270.77,4139.49,4345.64,4622.56,4080.51,4615.38,4204.1,4250.77,4197.95,4267.18,4611.28,4351.28,1
4290.26,4020,4260,4139.49,4345.64,4624.1,4077.44,4616.92,4213.85,4250.26,4194.36,4261.03,4609.74,4344.62,1
4284.62,4008.72,4265.64,4133.85,4343.08,4631.28,4082.56,4628.72,4211.79,4247.18,4191.28,4264.62,4602.05,4340,1
4277.44,4002.56,4266.15,4126.67,4336.92,4631.79,4087.18,4624.1,4197.44,4236.41,4188.21,4268.21,4593.85,4336.92,1
4274.36,3999.49,4260,4123.08,4334.87,4625.64,4086.15,4615.38,4197.44,4231.79,4188.21,4267.18,4590.26,4338.46,1
4279.49,3996.41,4262.56,4120,4334.36,4624.1,4086.15,4618.97,4200.51,4232.31,4190.77,4266.67,4592.31,4342.05,1
4286.67,3997.95,4263.08,4117.44,4329.74,4624.62,4090.77,4621.03,4193.85,4228.21,4190.26,4271.28,4594.87,4346.15,1
4294.36,4006.15,4264.1,4123.59,4329.74,4622.56,4094.87,4617.44,4197.44,4229.74,4196.92,4280.51,4600,4355.9,1
4303.59,4014.87,4273.85,4136.41,4339.49,4623.59,4091.79,4617.95,4204.62,4238.46,4205.64,4287.69,4608.72,4363.08,1
4309.74,4018.46,4280,4143.59,4345.13,4623.59,4084.1,4616.41,4194.87,4239.49,4206.67,4286.67,4613.33,4361.03,1
4311.28,4018.97,4277.95,4143.08,4343.59,4621.54,4083.08,4614.36,4188.21,4232.82,4206.67,4287.18,4611.79,4359.49,1
4310.77,4016.41,4280.51,4141.54,4341.54,4621.54,4087.69,4615.38,4195.9,4232.31,4209.74,4291.28,4610.77,4361.03,1
4305.13,4010.26,4282.56,4140.51,4337.44,4618.97,4086.67,4611.79,4191.79,4230.26,4205.13,4283.59,4609.74,4354.36,1
4294.87,4003.08,4272.31,4134.87,4332.31,4615.9,4083.59,4610.26,4185.13,4225.64,4190.77,4264.62,4592.31,4338.46,1
4289.74,4000.51,4260,4124.62,4333.85,4623.08,4086.15,4616.41,4193.85,4227.18,4184.1,4258.97,4578.97,4333.33,1
4292.31,4005.64,4252.31,4120.51,4336.41,4630.26,4087.18,4615.9,4196.92,4233.33,4188.21,4265.13,4587.18,4339.49,1
4293.33,4012.31,4247.69,4124.1,4337.95,4628.21,4083.59,4613.33,4198.46,4239.49,4193.85,4263.59,4597.44,4341.03,1
4287.69,4012.82,4247.18,4123.08,4342.05,4630.77,4087.18,4624.62,4217.44,4248.21,4196.92,4257.95,4600,4336.41,1
4284.1,4007.69,4246.15,4122.56,4345.13,4636.92,4092.82,4633.85,4222.05,4250.77,4198.46,4255.9,4604.62,4336.92,1
4289.74,4010.77,4251.28,4133.33,4349.23,4630.26,4090.26,4626.67,4204.62,4244.62,4201.03,4258.97,4610.77,4349.74,1
4306.15,4021.03,4270.26,4142.56,4350.26,4619.49,4082.05,4614.87,4198.97,4244.62,4209.74,4273.85,4619.49,4368.21,1
4316.92,4018.46,4284.62,4141.54,4341.54,4616.92,4080.51,4611.28,4200.51,4251.28,4219.49,4290.26,4628.72,4376.92,1
4315.9,4007.18,4283.59,4137.95,4336.92,4618.97,4088.72,4613.33,4197.44,4250.77,4223.59,4292.82,4626.15,4375.9,1
4313.85,4008.21,4282.56,4140,4340.51,4615.9,4097.44,4618.46,4203.59,4246.67,4220.51,4290.26,4621.03,4372.31,1
4309.74,4009.23,4281.03,4134.87,4338.97,4612.82,4101.03,4625.64,4213.33,4247.18,4212.82,4289.74,4620.51,4363.59,1
4296.41,3996.92,4268.72,4121.54,4337.95,4618.97,4099.49,4623.59,4207.69,4244.1,4206.67,4278.97,4614.36,4350.26,1
4282.05,3986.15,4252.31,4112.82,4338.46,4626.15,4094.36,4615.9,4199.49,4234.87,4197.95,4263.08,4598.97,4336.41,1
4275.9,3985.64,4244.1,4110.26,4335.9,4629.74,4087.69,4610.26,4197.44,4227.18,4185.64,4256.92,4585.64,4329.74,1
4281.03,3991.79,4246.67,4114.87,4338.97,4629.74,4080.51,4607.18,4193.85,4231.79,4188.21,4262.05,4592.31,4341.03,1
4298.46,4003.59,4260,4128.72,4349.23,4629.74,4084.1,4615.38,4205.13,4249.74,4208.21,4274.87,4614.36,4365.13,1
4314.36,4014.36,4274.36,4138.46,4349.74,4632.82,4092.82,4630.26,4220.51,4258.97,4222.56,4291.79,4627.18,4378.97,1
4313.33,4012.31,4279.49,4134.87,4340.51,4635.38,4093.85,4631.28,4213.85,4254.87,4222.05,4298.46,4627.18,4376.41,1
4307.69,4005.64,4279.49,4130.26,4337.95,4632.31,4090.26,4624.62,4204.1,4254.87,4222.05,4294.36,4627.18,4376.41,1
4311.79,4007.69,4280.51,4132.82,4343.59,4624.62,4090.77,4629.23,4219.49,4262.56,4223.08,4296.41,4627.69,4378.97,1
4312.82,4011.79,4281.54,4135.38,4345.64,4622.05,4091.79,4635.38,4232.31,4265.13,4220,4298.46,4627.69,4371.79,1
4304.1,4009.74,4279.49,4134.36,4345.64,4624.1,4089.74,4634.87,4225.64,4263.08,4218.97,4290.26,4623.59,4364.62,1
4298.97,4005.13,4272.82,4133.33,4348.72,4628.21,4091.79,4635.38,4221.54,4264.1,4216.92,4285.13,4618.97,4365.13,1
4298.97,4007.18,4264.62,4134.87,4349.23,4632.31,4092.31,4630.77,4220.51,4263.59,4215.38,4286.15,4622.56,4365.64,1
4296.92,4008.21,4263.08,4137.95,4348.72,4633.33,4090.26,4626.15,4219.49,4260.51,4217.44,4283.59,4625.13,4364.62,1
4295.38,4004.62,4273.85,4139.49,4347.69,4633.33,4095.38,4627.69,4216.92,4257.95,4218.46,4283.59,4620.51,4366.15,1
4294.87,4000,4280,4134.87,4339.49,4632.82,4100.51,4626.15,4208.21,4251.79,4213.33,4288.72,4614.36,4364.62,1
4292.82,3994.87,4273.33,4125.64,4330.77,4630.77,4096.92,4615.9,4198.97,4244.62,4206.15,4284.62,4608.72,4358.46,1
4289.23,3991.79,4264.62,4118.97,4330.26,4624.62,4092.82,4614.36,4196.92,4237.95,4201.03,4275.9,4605.13,4354.87,1
4286.15,3996.92,4264.62,4122.56,4336.92,4618.46,4094.87,4624.62,4202.56,4236.41,4200.51,4278.46,4609.74,4358.97,1
4289.23,4001.54,4270.77,4128.21,4338.46,4616.92,4097.44,4632.31,4209.74,4243.08,4206.67,4281.03,4613.33,4360.51,1
4288.72,3992.82,4270.26,4126.15,4332.31,4615.9,4094.36,4628.21,4207.69,4241.54,4206.15,4273.85,4606.15,4349.74,1
4282.56,3990.26,4264.1,4120.51,4332.82,4616.41,4090.26,4619.49,4200.51,4232.82,4196.92,4268.21,4597.95,4343.08,1
4285.64,4000.51,4260,4121.54,4342.56,4622.05,4089.74,4616.92,4203.08,4233.85,4196.92,4271.28,4598.97,4347.69,1
4289.23,4003.08,4254.36,4125.64,4347.18,4626.67,4087.18,4613.85,4204.62,4241.03,4203.08,4270.26,4604.1,4346.15,1
4279.49,3995.9,4253.33,4125.13,4344.1,4625.13,4083.59,4611.28,4204.1,4241.54,4202.56,4263.08,4601.03,4338.46,1
4272.82,3991.79,4256.41,4123.08,4341.54,4624.1,4085.13,4614.36,4200.51,4240,4196.92,4263.08,4595.9,4335.9,1
4278.97,3995.9,4254.36,4124.62,4341.54,4622.56,4085.64,4609.74,4190.26,4236.92,4195.38,4264.1,4599.49,4338.97,1
4284.1,4002.05,4251.79,4125.64,4340,4617.95,4083.08,4603.59,4185.64,4229.23,4196.92,4262.56,4604.62,4343.59,1
4284.62,4005.13,4259.49,4123.59,4335.38,4616.92,4085.13,4609.74,4191.79,4231.28,4200.51,4265.64,4606.67,4348.21,1
4288.21,4004.62,4265.64,4128.72,4335.9,4618.46,4087.69,4618.97,4196.41,4241.03,4209.23,4277.44,4609.74,4352.82,1
4294.36,4005.13,4264.62,4135.9,4340,4622.05,4089.74,4622.05,4198.46,4242.56,4214.87,4283.59,4612.31,4356.41,1
4289.23,3997.95,4263.59,4129.23,4335.38,4627.69,4099.49,4625.64,4201.03,4236.41,4208.72,4275.38,4607.69,4347.69,1
4274.87,3982.05,4261.54,4117.95,4329.74,4626.15,4102.05,4623.08,4198.97,4229.23,4196.41,4267.18,4594.87,4332.31,1
4273.85,3983.59,4262.05,4120.51,4331.28,4617.44,4088.72,4613.85,4200,4228.72,4191.28,4268.72,4586.15,4334.36,1
4283.59,3998.46,4265.64,4125.13,4334.36,4615.38,4080,4611.79,4203.08,4233.85,4193.85,4268.21,4587.18,4341.54,1
4286.15,4004.1,4264.1,4120,4337.44,4614.87,4081.54,4613.33,4194.87,4235.38,4196.41,4264.1,4587.18,4340.51,1
4290.77,4006.67,4266.67,4124.62,4341.54,4609.23,4078.97,4610.26,4188.21,4232.82,4200.51,4272.31,4591.28,4346.67,1
4298.46,4011.28,4268.72,4134.36,4342.56,4608.72,4078.97,4608.21,4193.33,4237.44,4207.18,4283.08,4598.97,4351.79,1
4294.87,4010.26,4265.13,4134.36,4342.56,4614.87,4086.67,4612.31,4194.87,4238.46,4205.64,4280.51,4595.38,4344.62,1
4289.23,4011.79,4266.67,4134.36,4343.59,4620.51,4090.26,4612.82,4190.77,4232.31,4201.54,4278.46,4591.28,4344.1,1
4294.87,4023.59,4274.36,4142.56,4344.1,4622.05,4088.21,4610.26,4193.33,4235.38,4206.67,4281.54,4602.56,4355.9,1
4301.03,4030.26,4273.85,4144.1,4345.13,4620,4087.69,4610.77,4194.87,4239.49,4208.21,4276.92,4609.74,4353.85,1
4294.87,4022.56,4264.1,4136.92,4338.97,4620,4088.21,4610.26,4193.33,4232.82,4199.49,4271.28,4600,4342.56,1
4285.64,4013.33,4262.05,4133.85,4332.31,4625.13,4089.23,4616.41,4197.44,4227.18,4195.38,4273.85,4591.28,4344.1,1
4288.21,4015.9,4268.21,4135.38,4336.41,4632.31,4090.26,4622.56,4201.03,4226.15,4199.49,4276.41,4592.31,4347.69,1
4288.72,4018.46,4267.69,4131.79,4338.97,4629.23,4086.15,4616.41,4191.79,4221.03,4196.41,4270.77,4590.26,4336.92,1
4280,4011.28,4261.54,4124.62,4333.85,4622.05,4082.05,4609.74,4185.64,4217.95,4188.21,4267.18,4585.64,4330.77,1
4280,4013.33,4264.1,4128.21,4335.9,4624.1,4087.18,4618.97,4193.85,4223.59,4190.26,4270.77,4587.18,4336.92,1
4289.74,4023.59,4271.28,4139.49,4343.08,4627.18,4093.33,4628.21,4203.59,4233.33,4198.46,4273.33,4591.28,4338.97,1
4291.79,4022.05,4268.72,4140,4340.51,4620.51,4088.72,4622.56,4198.97,4236.41,4197.44,4273.85,4590.77,4335.9,1
4288.72,4019.49,4263.59,4135.9,4337.44,4615.38,4082.05,4615.38,4192.31,4238.46,4193.85,4277.95,4593.85,4339.49,1
4289.23,4025.64,4266.15,4137.95,4343.08,4622.05,4083.08,4617.44,4203.59,4248.21,4202.05,4283.08,4603.08,4345.64,1
4289.23,4027.69,4268.21,4140,4348.21,4630.77,4086.67,4623.08,4213.85,4253.33,4211.28,4279.49,4610.77,4348.21,1
4291.28,4026.67,4265.13,4138.97,4345.64,4628.21,4086.15,4622.56,4203.08,4243.08,4206.15,4274.87,4611.79,4350.77,1
4294.36,4030.26,4263.59,4137.95,4341.03,4625.13,4084.1,4620,4199.49,4235.9,4204.1,4278.97,4609.74,4351.28,1
4293.85,4031.79,4267.18,4135.9,4342.56,4630.26,4090.77,4624.62,4210.26,4239.49,4207.18,4278.97,4608.21,4349.74,1
4292.31,4032.31,4269.74,4136.92,4346.15,4631.79,4094.36,4620.51,4200.51,4232.31,4201.03,4274.36,4605.64,4345.64,1
4294.36,4034.36,4267.18,4139.49,4343.59,4621.03,4084.62,4601.54,4175.38,4220,4190.26,4269.74,4598.97,4338.46,1
4290.26,4032.82,4263.08,4138.46,4338.46,4615.38,4078.97,4593.85,4174.36,4218.46,4189.23,4264.62,4592.82,4334.36,1
4288.72,4034.87,4268.21,4140.51,4343.59,4619.49,4083.08,4606.67,4199.49,4230.26,4201.03,4270.77,4603.08,4348.21,1
4302.56,4046.67,4279.49,4149.23,4350.77,4621.03,4082.56,4616.41,4213.85,4248.21,4214.87,4286.67,4620.51,4364.62,1
4316.92,4055.38,4283.08,4155.38,4350.26,4624.1,4080.51,4615.38,4205.13,4252.31,4217.95,4291.79,4623.08,4364.1,1
4313.33,4052.82,4282.05,4153.85,4350.77,4626.67,4081.03,4620,4202.05,4245.13,4211.28,4287.69,4614.36,4355.38,1
4303.59,4044.1,4281.03,4143.59,4352.82,4624.62,4082.05,4630.77,4213.85,4245.13,4207.18,4284.1,4608.72,4348.72,1
4298.46,4037.44,4273.33,4136.92,4350.77,4625.13,4084.1,4632.82,4214.36,4246.15,4204.1,4275.9,4603.59,4344.62,1
4296.92,4038.97,4267.18,4145.64,4348.72,4627.69,4084.1,4625.64,4204.62,4241.03,4199.49,4271.28,4599.49,4342.56,1
4295.9,4041.54,4266.67,4154.87,4350.26,4625.64,4079.49,4619.49,4204.62,4239.49,4197.44,4271.79,4601.54,4340,1
4294.87,4038.97,4265.13,4151.79,4350.77,4624.1,4075.38,4614.36,4202.05,4237.44,4193.33,4265.64,4596.41,4332.31,1
4295.9,4039.49,4265.64,4150.77,4351.79,4626.15,4074.87,4607.69,4192.31,4228.72,4188.21,4257.95,4587.18,4330.77,1
4296.41,4040.51,4268.72,4152.82,4349.23,4627.69,4074.36,4603.08,4187.69,4222.56,4188.21,4255.38,4585.13,4335.38,1
4297.44,4035.9,4270.26,4151.28,4342.05,4627.69,4074.36,4604.1,4191.28,4220,4190.26,4256.41,4591.28,4341.54,1
4308.72,4040,4275.9,4154.36,4348.72,4623.59,4075.38,4607.18,4196.41,4227.69,4199.49,4267.18,4604.1,4353.85,1
4318.97,4050.26,4284.62,4157.44,4355.9,4616.92,4072.31,4606.15,4194.87,4236.92,4207.69,4280.51,4612.31,4361.54,1
4313.85,4046.67,4282.05,4155.38,4347.69,4612.82,4068.21,4604.1,4189.74,4231.28,4202.05,4278.46,4608.21,4354.36,1
4308.21,4036.41,4277.44,4155.38,4341.03,4611.79,4071.28,4610.26,4190.77,4229.74,4197.44,4270.77,4602.56,4345.13,1
4314.87,4042.05,4280.51,4157.44,4344.62,4611.28,4074.87,4616.41,4195.38,4240,4201.03,4273.85,4604.1,4348.72,1
4318.97,4053.85,4282.56,4155.9,4345.64,4613.33,4076.92,4615.9,4201.03,4243.59,4202.05,4279.49,4605.13,4354.36,1
4315.9,4052.82,4280,4157.44,4345.13,4620.51,4080.51,4617.95,4205.64,4243.59,4201.03,4276.92,4607.69,4354.36,1
4315.9,4049.23,4275.9,4163.59,4347.69,4623.59,4082.56,4617.95,4197.44,4244.1,4204.62,4271.79,4611.28,4355.38,1
4317.95,4056.92,4276.41,4169.23,4350.77,4619.49,4078.46,4610.26,4190.26,4241.03,4209.23,4273.85,4611.28,4357.95,1
4313.33,4059.49,4279.49,4168.72,4354.87,4621.03,4074.87,4610.77,4196.92,4235.38,4206.67,4277.44,4607.18,4353.33,1
4306.67,4049.23,4276.41,4159.49,4353.85,4624.1,4075.9,4612.82,4198.46,4231.79,4197.95,4274.36,4604.62,4348.21,1
4308.72,4042.05,4273.33,4151.79,4347.69,4618.97,4074.87,4605.13,4189.74,4232.31,4195.38,4272.82,4603.59,4350.26,1
4311.79,4043.08,4277.44,4158.46,4348.72,4614.36,4074.36,4596.92,4185.64,4231.28,4197.44,4274.36,4601.54,4350.77,1
4310.77,4043.59,4281.03,4166.67,4352.82,4616.41,4078.97,4598.46,4188.21,4229.74,4195.38,4272.82,4600,4348.72,1
4311.79,4042.56,4281.54,4160.51,4349.74,4621.03,4085.64,4603.08,4194.36,4232.82,4196.92,4271.28,4603.08,4350.26,1
4312.31,4041.54,4284.1,4153.33,4345.64,4620.51,4086.15,4601.54,4203.59,4243.59,4206.15,4275.38,4608.21,4352.82,1
4313.85,4041.03,4288.72,4156.92,4347.69,4620,4085.13,4597.44,4204.62,4252.31,4214.87,4281.03,4612.82,4354.36,1
4314.87,4040,4292.31,4159.49,4347.18,4621.03,4088.72,4603.08,4198.97,4252.82,4216.92,4285.64,4613.33,4355.38,1
4312.31,4035.9,4289.74,4155.38,4341.03,4619.49,4085.13,4610.77,4203.59,4250.26,4210.77,4287.18,4609.74,4350.77,1
4309.74,4034.87,4281.54,4154.36,4340.51,4615.38,4075.9,4612.31,4211.28,4248.72,4206.15,4284.1,4606.67,4344.1,1
4306.67,4032.82,4278.97,4152.31,4340,4614.36,4075.9,4609.74,4206.15,4245.13,4203.59,4276.92,4601.03,4338.46,1
4299.49,4025.13,4279.49,4146.67,4336.41,4614.87,4080,4604.62,4192.82,4233.33,4195.38,4271.79,4590.77,4336.92,1
4295.9,4020.51,4277.44,4143.08,4338.97,4612.82,4078.46,4600,4190.26,4226.15,4191.28,4272.82,4588.72,4337.95,1
4297.44,4022.56,4274.87,4140,4342.05,4614.87,4077.44,4599.49,4198.46,4229.23,4197.44,4274.87,4596.41,4340.51,1
4302.56,4029.23,4270.26,4145.13,4341.54,4616.41,4081.03,4593.85,4201.03,4233.33,4203.08,4275.38,4604.1,4346.15,1
4307.18,4033.33,4265.13,4152.82,4343.08,4616.92,4086.15,4594.36,4197.44,4234.87,4205.64,4276.41,4606.67,4345.64,1
4303.08,4028.21,4264.62,4146.15,4343.59,4618.97,4089.74,4604.1,4196.92,4235.38,4206.67,4272.82,4604.1,4339.49,1
4301.03,4024.1,4264.1,4135.38,4343.08,4618.46,4087.69,4607.69,4205.64,4238.97,4208.72,4272.82,4605.64,4343.08,1
4305.64,4027.69,4262.56,4137.44,4346.15,4621.54,4088.72,4611.28,4214.36,4246.67,4211.79,4281.03,4609.23,4347.69,1
4303.59,4025.13,4264.1,4140,4345.64,4629.23,4094.36,4617.44,4216.41,4253.33,4212.31,4282.05,4608.72,4343.08,1
4301.03,4020,4264.1,4135.38,4342.56,4628.21,4090.77,4613.33,4211.79,4254.87,4210.26,4274.87,4609.23,4345.13,1
4308.21,4025.64,4260,4133.85,4342.56,4618.46,4078.97,4606.67,4209.23,4255.9,4213.85,4274.87,4612.31,4355.38,1
4311.79,4027.18,4262.05,4134.87,4340,4615.9,4074.87,4606.15,4211.79,4259.49,4217.95,4278.46,4612.82,4353.33,1
4305.13,4017.44,4264.1,4133.33,4336.92,4619.49,4080,4605.64,4213.33,4260,4212.82,4275.38,4609.74,4342.56,1
4301.03,4016.41,4256.41,4131.79,4337.44,4617.44,4083.08,4604.1,4207.18,4256.41,4206.67,4269.74,4608.21,4337.44,1
4298.97,4020,4250.77,4128.21,4335.9,4617.95,4082.05,4598.46,4195.38,4245.64,4206.15,4267.18,4604.62,4331.79,1
4292.82,4014.87,4254.36,4121.03,4334.36,4622.56,4083.59,4595.9,4191.79,4231.28,4202.56,4270.77,4597.95,4331.79,1
4297.44,4016.92,4262.56,4127.69,4340.51,4622.56,4089.74,4608.21,4203.08,4231.79,4200.51,4275.9,4598.46,4344.1,1
4306.67,4022.56,4267.69,4136.92,4340.51,4618.46,4093.85,4616.92,4208.21,4241.03,4205.13,4280.51,4601.03,4347.18,1
4306.15,4020,4267.18,4131.28,4335.9,4617.44,4092.31,4609.74,4204.62,4242.56,4207.69,4283.08,4601.54,4341.03,1
4302.05,4018.46,4263.59,4128.21,4336.41,4616.92,4089.23,4607.18,4205.64,4243.08,4205.64,4281.54,4605.64,4340.51,1
4302.05,4020,4261.03,4132.82,4336.92,4614.87,4088.72,4611.28,4206.15,4251.79,4206.15,4275.38,4607.69,4341.03,1
4300.51,4019.49,4262.05,4132.82,4337.44,4614.36,4085.13,4607.69,4206.15,4254.36,4210.26,4273.33,4608.72,4341.54,1
4299.49,4023.59,4261.03,4132.31,4338.97,4615.9,4079.49,4606.15,4208.72,4248.21,4209.23,4272.31,4611.28,4341.54,1
4301.03,4024.62,4253.85,4133.85,4337.44,4616.41,4077.95,4604.62,4197.95,4239.49,4203.59,4266.15,4606.15,4332.82,1
4293.85,4017.95,4249.74,4133.33,4338.97,4618.97,4083.08,4601.54,4188.72,4237.44,4199.49,4263.08,4596.41,4328.21,1
4291.79,4015.38,4260,4133.33,4346.67,4624.1,4094.87,4608.21,4202.05,4242.05,4199.49,4269.74,4596.41,4336.41,1
4297.44,4017.95,4266.15,4129.74,4343.59,4624.62,4100,4613.85,4210.26,4245.13,4197.95,4270.26,4597.95,4334.36,1
4292.31,4012.31,4252.82,4122.05,4333.33,4618.46,4092.82,4609.23,4198.97,4240,4194.36,4260.51,4589.23,4324.62,1
4289.74,4011.28,4247.69,4123.08,4338.46,4616.41,4085.64,4603.08,4197.95,4236.41,4197.44,4259.49,4589.23,4331.79,1
4301.03,4021.54,4260.51,4129.23,4347.18,4621.54,4088.72,4602.05,4205.64,4244.62,4204.62,4270.77,4600.51,4341.03,1
4305.64,4024.1,4267.69,4131.28,4342.56,4622.56,4090.77,4601.54,4206.67,4250.77,4208.21,4281.03,4603.59,4342.05,1
4300.51,4014.36,4264.1,4127.69,4335.38,4618.46,4086.15,4601.54,4200,4245.64,4207.69,4283.59,4601.03,4344.62,1
4301.54,4007.69,4263.08,4121.03,4333.85,4614.36,4084.62,4601.03,4194.87,4238.97,4203.08,4278.97,4598.46,4341.03,1
4303.08,4005.13,4263.59,4118.46,4333.33,4617.44,4087.69,4603.08,4201.03,4236.92,4200,4271.79,4594.87,4335.38,1
4301.03,4008.21,4265.13,4124.62,4338.97,4623.08,4088.21,4608.72,4204.1,4241.03,4202.56,4274.36,4596.41,4342.05,1
4301.03,4016.92,4267.18,4130.77,4342.56,4620,4084.1,4609.23,4196.92,4244.1,4207.18,4277.95,4601.54,4347.18,1
4297.95,4015.9,4257.44,4127.18,4334.36,4615.38,4081.54,4611.28,4203.08,4242.05,4206.67,4272.31,4598.97,4338.46,1
4294.36,4009.74,4251.79,4120.51,4332.82,4614.87,4083.59,4615.9,4213.85,4241.54,4205.13,4268.21,4595.9,4334.87,1
4297.44,4017.95,4261.54,4124.1,4340.51,4611.28,4080.51,4609.74,4204.62,4248.72,4206.15,4272.31,4604.1,4343.08,1
4301.54,4021.03,4260.51,4126.15,4336.92,4606.15,4074.36,4593.85,4189.74,4243.59,4203.08,4275.38,4604.62,4342.05,1
4293.85,4009.74,4246.67,4122.05,4329.23,4607.69,4076.92,4591.28,4187.69,4229.23,4194.36,4268.21,4593.33,4328.21,1
4282.56,4004.62,4244.62,4120.51,4329.74,4611.79,4078.97,4598.97,4194.36,4230.26,4188.21,4256.41,4586.67,4320.51,1
4277.95,4006.67,4247.18,4121.03,4330.26,4612.31,4074.36,4600,4198.46,4235.38,4185.13,4252.82,4583.08,4322.56,1
4279.49,4004.1,4243.08,4121.03,4328.72,4613.85,4072.82,4597.44,4195.9,4230.77,4184.62,4255.9,4581.03,4326.15,1
4283.08,4003.59,4242.05,4119.49,4330.77,4616.41,4076.41,4599.49,4195.38,4232.82,4191.79,4257.95,4588.21,4328.72,1
4285.64,4010.77,4244.62,4120.51,4333.85,4614.87,4072.31,4597.44,4196.41,4240.51,4197.95,4257.95,4596.92,4330.77,1
4286.67,4013.33,4245.64,4122.56,4332.82,4608.72,4067.69,4591.79,4200.51,4240.51,4194.36,4255.9,4597.44,4328.21,1
4285.64,4009.74,4245.13,4123.08,4330.77,4609.74,4074.87,4600,4208.21,4237.95,4190.77,4252.82,4593.85,4322.56,1
4287.18,4009.23,4247.18,4121.54,4330.77,4615.9,4081.03,4612.31,4206.15,4240.51,4194.36,4258.46,4595.38,4326.15,1
4290.26,4010.77,4249.74,4120,4333.33,4615.38,4076.92,4605.64,4193.85,4236.41,4198.97,4267.69,4598.46,4335.38,1
4292.31,4010.77,4249.74,4118.97,4333.85,4612.82,4073.33,4593.33,4188.72,4228.72,4197.44,4270.26,4598.97,4340.51,1
4293.85,4009.23,4250.26,4122.05,4331.79,4614.87,4074.36,4591.28,4190.77,4230.26,4192.82,4269.23,4594.36,4340,1
4292.82,4007.18,4250.26,4122.56,4331.79,4614.87,4073.85,4588.72,4189.74,4234.36,4192.31,4266.15,4590.26,4334.87,1
4289.74,4006.67,4252.31,4118.46,4334.36,4612.82,4072.82,4585.13,4192.31,4231.28,4194.87,4264.1,4594.87,4335.38,1
4296.41,4014.36,4257.95,4125.13,4340,4616.41,4073.33,4587.18,4196.41,4231.28,4195.9,4267.18,4603.08,4344.1,1
4302.05,4022.56,4262.05,4136.41,4345.13,4617.95,4073.33,4589.74,4196.92,4238.97,4197.44,4269.23,4604.62,4347.18,1
4301.03,4021.03,4262.05,4136.92,4344.1,4616.92,4075.38,4597.95,4203.59,4248.72,4202.05,4272.31,4602.56,4345.64,1
4302.05,4017.95,4265.13,4130.26,4338.46,4617.95,4080.51,4608.21,4212.31,4249.23,4204.1,4276.41,4606.15,4347.69,1
4303.08,4014.87,4266.15,4124.62,4333.33,4618.97,4086.15,4607.69,4214.36,4245.64,4203.08,4274.87,4612.31,4346.15,1
4298.46,4011.79,4255.9,4121.54,4332.31,4617.44,4085.64,4601.54,4209.74,4248.72,4204.62,4270.26,4611.79,4343.08,1
4293.33,4011.79,4247.69,4122.56,4337.44,4617.44,4081.54,4598.97,4200,4250.77,4204.1,4266.67,4604.62,4341.54,1
4287.69,4012.31,4246.67,4125.64,4340.51,4616.41,4080.51,4594.87,4188.72,4240,4198.97,4261.03,4601.54,4333.33,1
4280,4010.26,4246.67,4124.1,4338.46,4616.92,4084.1,4589.23,4188.72,4230.26,4192.31,4259.49,4598.46,4326.67,1
4281.54,4009.74,4252.82,4122.05,4336.92,4620.51,4085.64,4594.36,4203.08,4238.46,4195.38,4265.13,4598.97,4332.82,1
4287.69,4012.31,4263.08,4127.18,4335.38,4617.95,4076.41,4601.54,4209.23,4245.64,4202.56,4269.23,4603.59,4336.92,1
4290.26,4016.92,4264.62,4136.41,4334.36,4612.31,4068.72,4597.95,4201.03,4241.54,4202.56,4268.72,4602.05,4335.9,1
4295.38,4018.97,4260,4134.87,4336.92,4612.82,4074.87,4592.31,4195.9,4236.41,4197.44,4270.26,4597.44,4340.51,1
4297.95,4012.31,4262.56,4126.15,4337.95,4620,4081.54,4595.38,4196.41,4234.87,4197.95,4273.33,4598.97,4344.62,1
4298.97,4010.77,4264.62,4129.74,4339.49,4622.05,4074.87,4598.97,4198.46,4238.97,4202.56,4278.46,4602.05,4345.64,1
4302.56,4020,4266.15,4137.95,4347.69,4618.97,4068.21,4596.92,4200.51,4245.13,4206.15,4283.59,4604.62,4349.23,1
4298.46,4023.59,4271.79,4140,4350.26,4623.59,4074.36,4596.92,4202.56,4247.18,4210.26,4281.54,4609.74,4350.26,1
4291.28,4018.97,4271.79,4139.49,4348.21,4628.21,4083.08,4604.62,4205.13,4246.67,4206.15,4278.97,4608.72,4344.1,1
4294.87,4015.38,4267.69,4140,4348.21,4624.62,4083.08,4607.18,4203.59,4243.59,4198.97,4280.51,4601.54,4342.05,1
4296.92,4011.28,4265.13,4136.92,4343.59,4622.05,4082.05,4600,4196.41,4232.82,4194.36,4275.9,4599.49,4338.97,1
4286.67,4007.69,4262.56,4131.79,4341.54,4625.13,4086.67,4596.92,4193.33,4227.18,4189.74,4267.18,4596.41,4334.36,1
4286.15,4008.72,4262.05,4132.31,4347.69,4628.72,4090.26,4601.03,4202.05,4237.44,4194.36,4269.23,4598.97,4343.08,1
4294.36,4013.33,4264.1,4133.85,4346.67,4626.67,4087.69,4606.67,4215.38,4248.21,4202.05,4275.38,4607.69,4348.21,1
4290.26,4015.38,4261.54,4133.85,4341.54,4623.59,4084.1,4607.69,4210.26,4245.64,4197.44,4271.28,4605.13,4336.92,1
4286.15,4015.9,4258.46,4134.36,4345.13,4624.62,4083.59,4602.05,4196.41,4240.51,4190.77,4268.21,4597.44,4331.79,1
4291.28,4013.33,4260.51,4136.92,4347.69,4628.72,4086.15,4602.56,4200,4238.97,4192.82,4271.28,4594.87,4339.49,1
4290.77,4010.26,4262.05,4135.9,4344.1,4629.23,4085.64,4605.64,4204.62,4238.46,4193.33,4272.31,4596.92,4341.54,1
4289.74,4014.87,4262.56,4135.9,4347.18,4629.23,4084.62,4600.51,4195.38,4241.03,4195.9,4273.85,4602.56,4340.51,1
4297.44,4023.59,4264.62,4140,4351.79,4630.77,4088.21,4604.1,4205.64,4247.18,4205.64,4278.97,4610.77,4345.64,1
4295.9,4023.59,4264.62,4140,4347.18,4628.72,4089.74,4618.46,4229.23,4253.33,4209.74,4278.97,4615.38,4348.72,1
4286.67,4018.46,4261.54,4140,4345.13,4627.18,4087.69,4622.05,4227.69,4260,4208.72,4277.44,4619.49,4347.69,1
4290.77,4023.08,4263.08,4141.54,4348.72,4630.26,4090.26,4618.46,4218.46,4266.15,4210.77,4278.97,4624.62,4344.62,1
4294.87,4025.13,4266.67,4139.49,4347.18,4635.9,4095.38,4617.95,4215.9,4261.03,4209.23,4278.46,4619.49,4342.05,1
4287.18,4014.87,4260.51,4136.92,4344.1,4636.92,4092.31,4613.85,4210.26,4252.82,4205.64,4274.36,4611.28,4344.1,1
4280.51,4005.13,4253.85,4136.92,4342.56,4630.26,4087.69,4609.23,4206.67,4247.69,4200,4271.79,4607.69,4338.97,1
4280.51,4000.51,4255.9,4130.26,4336.41,4626.15,4089.23,4609.74,4202.56,4238.97,4189.74,4270.26,4598.46,4330.26,1
4285.64,4002.56,4264.1,4126.67,4334.87,4627.69,4090.77,4608.72,4203.08,4237.95,4190.26,4270.77,4594.36,4336.41,1
4294.36,4012.82,4270.26,4136.41,4341.03,4623.59,4088.21,4610.77,4212.82,4245.64,4203.59,4279.49,4606.15,4351.28,1
4299.49,4018.97,4270.26,4142.05,4343.59,4616.92,4083.08,4610.26,4205.64,4243.08,4204.62,4285.64,4614.87,4355.38,1
4295.38,4012.31,4269.23,4136.41,4341.54,4619.49,4078.46,4599.49,4191.28,4233.85,4191.28,4280.51,4602.05,4348.21,1
4293.85,4010.26,4271.79,4137.95,4342.56,4623.59,4081.03,4597.44,4198.46,4237.44,4192.82,4277.44,4593.33,4346.15,1
4297.44,4018.97,4278.46,4143.08,4345.13,4622.56,4087.69,4606.67,4209.74,4246.67,4204.62,4283.08,4602.56,4351.28,1
4298.97,4018.46,4277.95,4138.97,4341.54,4620.51,4088.72,4610.77,4206.15,4244.62,4205.13,4285.64,4609.23,4354.87,1
4297.44,4010.26,4270.26,4135.38,4335.9,4619.49,4086.15,4609.23,4206.15,4245.13,4203.08,4283.59,4608.72,4355.9,1
4293.33,4009.23,4263.08,4136.92,4337.44,4622.56,4086.15,4612.31,4213.85,4249.23,4207.18,4284.62,4609.23,4353.85,1
4291.28,4010.26,4262.56,4137.95,4342.56,4628.21,4085.64,4611.28,4208.72,4248.21,4210.26,4284.1,4612.82,4354.36,1
4294.36,4011.28,4265.13,4138.97,4342.05,4630.77,4082.56,4607.18,4200.51,4246.15,4212.31,4283.59,4618.97,4358.46,1
4294.87,4014.36,4265.13,4140.51,4344.1,4633.33,4083.59,4616.92,4215.9,4254.87,4218.97,4289.23,4625.13,4358.97,1
4292.31,4014.36,4266.15,4137.44,4348.21,4636.92,4087.18,4626.67,4230.77,4262.05,4221.03,4290.77,4626.67,4356.92,1
4291.28,4013.33,4266.67,4142.56,4343.59,4633.33,4083.59,4617.95,4212.82,4254.87,4211.28,4283.59,4620,4354.87,1
4293.33,4018.46,4266.67,4150.26,4341.03,4623.59,4076.92,4605.13,4196.41,4244.62,4204.1,4280.51,4613.85,4352.31,1
4295.38,4021.54,4267.69,4145.64,4344.1,4620.51,4078.97,4605.64,4204.1,4240.51,4204.1,4284.62,4609.74,4349.74,1
4293.33,4012.82,4265.13,4136.92,4339.49,4621.03,4083.59,4607.69,4202.05,4236.92,4197.95,4282.05,4602.56,4346.67,1
4285.64,4006.67,4262.05,4137.95,4332.31,4619.49,4078.46,4605.64,4194.36,4230.77,4189.74,4273.85,4594.36,4341.03,1
4280,4006.15,4262.05,4140,4331.28,4616.92,4074.87,4606.15,4197.95,4227.18,4188.21,4270.26,4589.74,4336.41,1
4283.08,4006.15,4261.03,4134.36,4332.31,4616.41,4077.95,4601.54,4198.46,4227.18,4190.26,4271.79,4591.28,4342.56,1
4294.87,4012.31,4265.64,4136.41,4335.9,4615.9,4076.92,4595.38,4197.95,4233.33,4197.44,4281.54,4600,4360,1
4307.69,4025.13,4277.95,4148.72,4341.54,4616.92,4076.41,4601.03,4207.18,4246.15,4210.77,4292.31,4613.33,4370.26,1
4307.18,4025.64,4281.54,4151.28,4339.49,4619.49,4083.59,4611.79,4212.82,4249.74,4215.38,4293.85,4614.36,4362.56,1
4290.26,4006.67,4269.23,4134.36,4328.72,4621.03,4089.23,4616.41,4207.69,4243.59,4205.64,4284.62,4599.49,4346.67,1
4277.95,3993.85,4251.28,4117.95,4324.1,4621.03,4086.15,4611.79,4200,4236.92,4193.33,4273.33,4588.72,4338.46,1
4282.56,4001.54,4245.64,4123.59,4333.33,4619.49,4075.9,4599.49,4189.74,4232.31,4191.28,4270.26,4590.26,4343.59,1
4295.38,4013.85,4255.9,4138.46,4341.03,4616.92,4067.69,4586.67,4186.67,4232.82,4195.9,4274.36,4594.87,4353.33,1
4299.49,4013.33,4259.49,4138.97,4337.95,4617.95,4068.72,4589.23,4195.9,4241.03,4198.46,4275.9,4596.41,4355.9,1
4295.9,4008.72,4252.82,4128.21,4337.44,4620,4070.26,4601.54,4206.15,4248.21,4201.54,4275.9,4601.54,4355.38,1
4298.46,4010.77,4254.87,4125.13,4339.49,4615.9,4066.15,4602.05,4206.15,4249.74,4208.72,4280,4610.26,4357.95,1
4298.97,4011.28,4257.44,4128.21,4335.9,4613.85,4067.18,4593.85,4197.44,4244.1,4209.74,4282.05,4609.23,4354.36,1
4291.79,4007.18,4250.26,4124.62,4330.77,4617.44,4072.31,4594.36,4192.82,4240.51,4200,4278.46,4603.08,4351.28,1
4293.33,4005.64,4245.64,4120,4330.77,4617.95,4074.87,4598.46,4194.87,4240.51,4198.46,4279.49,4605.64,4357.95,1
4300,4004.62,4250.77,4118.97,4330.77,4615.9,4076.92,4600.51,4194.36,4237.95,4204.62,4285.64,4608.72,4360.51,1
4294.36,4005.13,4255.38,4119.49,4329.74,4618.46,4080.51,4600.51,4192.82,4235.9,4202.05,4285.64,4602.05,4351.79,1
4288.72,4009.74,4255.38,4121.54,4332.82,4621.03,4081.54,4598.46,4202.56,4243.59,4196.92,4280,4598.97,4345.64,1
4287.18,4010.77,4251.28,4122.05,4335.38,4620.51,4080.51,4597.44,4205.13,4247.18,4197.44,4275.38,4601.03,4344.1,1
4278.46,4002.05,4244.1,4115.38,4329.74,4620,4079.49,4598.97,4192.82,4236.41,4193.85,4269.23,4595.38,4338.46,1
4274.36,3998.46,4245.64,4111.79,4329.74,4617.95,4075.9,4595.9,4186.67,4230.26,4186.67,4265.13,4588.72,4334.87,1
4284.1,4005.13,4248.72,4117.95,4336.92,4617.44,4075.38,4590.26,4186.67,4231.79,4190.26,4271.28,4592.31,4340.51,1
4291.79,4008.21,4247.69,4123.08,4334.87,4616.41,4075.38,4587.69,4182.05,4231.28,4195.38,4274.87,4596.92,4346.67,1
4291.79,4010.26,4253.85,4123.08,4334.36,4613.33,4070.77,4587.18,4182.56,4232.82,4196.92,4276.41,4599.49,4351.28,1
4297.44,4016.92,4268.21,4125.13,4340.51,4612.31,4068.21,4592.31,4196.92,4240.51,4203.59,4287.18,4605.64,4358.97,1
4306.15,4015.9,4272.82,4127.18,4337.44,4611.79,4066.15,4599.49,4207.69,4248.72,4210.26,4294.36,4613.33,4366.15,1
4303.59,4010.26,4266.15,4123.59,4329.74,4609.23,4057.95,4597.44,4201.54,4249.23,4208.72,4282.56,4615.38,4360.51,1
4294.87,4008.72,4263.59,4122.56,4331.28,4611.79,4058.46,4593.33,4192.31,4242.56,4201.03,4274.36,4606.67,4350.26,1
4296.92,4012.31,4264.62,4128.21,4336.92,4615.9,4066.67,4594.36,4190.77,4237.95,4197.44,4281.03,4601.03,4352.31,1
4305.13,4021.54,4270.26,4134.36,4338.97,4614.36,4064.62,4595.9,4194.87,4241.54,4203.59,4287.18,4609.74,4363.59,1
4303.59,4029.23,4274.36,4135.9,4342.05,4616.92,4063.59,4600,4202.56,4251.28,4211.28,4290.77,4621.03,4367.69,1
4300.51,4023.08,4268.21,4135.9,4343.08,4624.62,4069.23,4606.67,4205.64,4255.38,4211.79,4291.28,4622.05,4360,1
4299.49,4016.41,4263.59,4135.38,4340,4621.54,4069.23,4602.56,4194.87,4249.74,4207.18,4283.59,4615.38,4350.26,1
4295.38,4021.03,4266.15,4130.77,4339.49,4616.41,4067.69,4593.85,4191.79,4245.13,4205.64,4275.9,4610.77,4350.26,1
4287.18,4018.46,4256.92,4124.62,4339.49,4621.54,4071.79,4597.95,4203.59,4247.69,4205.13,4272.82,4609.23,4350.26,1
4281.54,4010.77,4245.13,4119.49,4337.95,4626.15,4072.31,4606.67,4209.23,4250.26,4205.64,4276.41,4613.33,4346.67,1
4288.72,4017.44,4253.85,4122.05,4339.49,4621.54,4070.26,4606.15,4210.77,4258.46,4213.85,4286.67,4624.1,4357.44,1
4298.97,4025.13,4266.67,4131.28,4343.59,4616.92,4069.74,4604.62,4211.79,4268.21,4222.56,4291.28,4631.79,4369.74,1
4295.9,4022.56,4264.62,4131.28,4343.08,4615.38,4068.21,4604.62,4207.69,4262.05,4221.54,4285.64,4627.69,4361.03,1
4286.15,4014.87,4255.38,4122.05,4337.95,4614.87,4070.26,4599.49,4197.44,4249.74,4210.77,4277.44,4621.54,4347.69,1
4282.56,4009.74,4250.26,4117.95,4334.87,4615.9,4072.31,4592.31,4189.23,4242.05,4204.1,4271.28,4615.38,4344.62,1
4285.13,4013.85,4251.79,4125.64,4336.92,4616.41,4068.72,4589.23,4187.69,4235.38,4201.54,4272.31,4611.28,4346.67,1
4282.56,4011.28,4251.28,4121.54,4335.38,4616.41,4069.23,4591.79,4190.26,4233.33,4197.44,4273.85,4605.64,4340,1
4272.31,3990.77,4246.15,4106.67,4326.67,4618.97,4074.87,4599.49,4199.49,4237.44,4200.51,4269.23,4596.41,4332.82,1
4276.41,3990.26,4250.26,4108.21,4330.26,4618.97,4075.38,4602.05,4199.49,4242.05,4201.03,4265.64,4595.38,4338.97,1
4296.41,4018.46,4260.51,4123.59,4343.59,4617.44,4074.36,4593.33,4188.72,4242.56,4196.92,4266.67,4604.1,4351.28,1
4308.21,4033.33,4266.15,4129.74,4342.56,4617.95,4075.38,4589.23,4190.26,4243.08,4203.08,4272.82,4607.69,4359.49,1
4315.38,4033.85,4273.85,4131.28,4337.44,4615.9,4074.87,4595.38,4199.49,4245.13,4213.33,4286.15,4610.77,4371.28,1
4330.77,4046.67,4283.59,4141.03,4343.59,4614.36,4072.82,4595.38,4192.31,4244.62,4212.31,4294.36,4619.49,4384.62,1
4338.46,4054.36,4287.18,4142.05,4345.13,4619.49,4073.33,4588.72,4178.97,4240.51,4207.69,4290.26,4616.92,4384.1,1
4334.36,4046.15,4285.64,4137.44,4341.03,4621.54,4073.33,4590.77,4183.59,4236.92,4208.21,4284.62,4608.72,4375.38,1
4325.13,4040,4281.54,4137.95,4342.56,4621.03,4072.82,4594.87,4189.74,4235.9,4205.64,4282.05,4606.67,4367.69,1
4312.82,4039.49,4274.36,4135.9,4345.13,4628.72,4075.9,4595.9,4192.31,4236.41,4204.62,4280.51,4601.03,4362.05,1
4309.74,4038.97,4269.23,4131.79,4344.1,4629.23,4074.87,4595.38,4195.38,4238.46,4205.13,4284.62,4600,4366.15,1
4312.82,4038.97,4265.64,4133.33,4342.56,4621.54,4069.74,4597.95,4201.03,4240.51,4206.67,4284.62,4607.69,4371.28,1
4312.82,4039.49,4264.62,4136.92,4341.54,4622.05,4072.31,4607.69,4211.28,4245.64,4206.67,4282.05,4610.26,4366.15,1
4313.33,4042.05,4266.67,4136.92,4342.05,4623.08,4075.38,4610.26,4207.18,4250.77,4205.13,4281.03,4606.15,4358.46,1
4310.26,4044.1,4265.13,4136.92,4346.67,4620,4072.82,4602.05,4194.87,4247.69,4206.15,4277.44,4604.1,4359.49,1
4307.69,4042.05,4264.62,4137.44,4349.74,4620.51,4072.31,4602.05,4202.05,4245.64,4208.21,4276.41,4605.13,4363.08,1
4311.79,4043.59,4272.82,4142.05,4350.77,4620.51,4072.31,4603.08,4204.62,4248.21,4207.69,4279.49,4608.72,4364.62,1
4316.92,4051.79,4280,4148.21,4352.31,4620.51,4068.72,4592.82,4183.59,4245.64,4206.15,4277.95,4610.77,4364.1,1
4316.41,4049.74,4274.36,4144.1,4351.79,4627.69,4070.77,4590.26,4181.54,4240.51,4206.67,4273.33,4607.18,4362.56,1
4312.31,4038.46,4270.26,4135.38,4348.21,4631.79,4076.41,4599.49,4195.9,4238.97,4203.59,4274.87,4600.51,4362.56,1
4314.36,4040.51,4274.36,4135.38,4345.64,4631.28,4074.36,4601.03,4189.74,4236.41,4201.54,4280,4598.46,4368.72,1
4323.59,4049.74,4282.56,4143.08,4348.72,4632.82,4072.82,4598.97,4189.23,4237.44,4209.23,4288.21,4608.72,4381.03,1
4332.31,4050.77,4291.28,4150.77,4353.33,4633.85,4081.03,4605.64,4205.13,4247.69,4216.41,4298.46,4620,4385.13,1
4333.33,4046.67,4290.77,4153.33,4354.87,4632.31,4086.15,4607.69,4206.15,4252.31,4212.31,4295.38,4616.41,4377.95,1
4326.15,4044.62,4285.13,4150.77,4352.82,4631.28,4084.1,4605.64,4201.54,4246.15,4207.18,4284.62,4606.15,4374.87,1
4324.1,4048.72,4287.18,4151.28,4351.28,4629.74,4081.03,4608.21,4206.15,4245.64,4212.82,4284.62,4610.77,4382.05,1
4330.26,4049.74,4288.21,4152.82,4349.74,4627.69,4074.36,4608.72,4202.56,4250.77,4215.38,4293.33,4618.97,4382.56,1
4326.15,4043.59,4280,4150.26,4349.23,4628.21,4069.74,4606.67,4202.05,4251.79,4211.79,4292.31,4613.33,4376.92,1
4317.95,4044.1,4277.44,4151.28,4352.82,4633.85,4071.28,4611.28,4211.28,4252.82,4214.87,4287.18,4609.74,4381.54,1
4322.56,4052.31,4282.05,4152.82,4356.92,4638.46,4072.31,4612.31,4204.62,4251.28,4216.41,4287.18,4616.92,4385.13,1
4326.67,4053.85,4282.56,4152.82,4356.92,4635.38,4073.33,4604.62,4191.28,4246.15,4210.77,4285.13,4615.38,4378.46,1
4320,4047.69,4280,4151.79,4354.87,4633.85,4079.49,4607.69,4198.46,4245.64,4209.23,4283.08,4607.69,4375.9,1
4317.95,4048.21,4276.92,4149.74,4352.31,4637.95,4082.56,4615.38,4205.64,4247.18,4211.28,4285.64,4609.74,4377.95,1
4321.03,4051.28,4277.44,4147.69,4350.26,4640,4078.46,4611.28,4202.05,4245.64,4207.69,4286.15,4610.26,4377.95,1
4322.05,4052.82,4279.49,4149.23,4354.87,4644.1,4080.51,4608.21,4206.67,4250.77,4207.69,4283.08,4608.21,4378.46,1
4322.05,4054.87,4276.92,4151.79,4358.97,4646.67,4084.62,4616.41,4214.36,4256.92,4211.79,4282.05,4610.26,4379.49,1
4322.56,4055.38,4275.9,4151.79,4353.85,4638.97,4082.56,4621.03,4216.92,4254.87,4208.72,4280.51,4610.77,4378.46,1
4327.69,4055.9,4283.59,4153.33,4353.85,4631.28,4080,4615.38,4213.85,4255.38,4208.21,4285.64,4613.33,4384.62,1
4331.79,4056.41,4288.21,4155.9,4358.97,4634.87,4080,4610.77,4200.51,4251.28,4211.28,4292.82,4616.41,4389.23,1
4329.74,4053.85,4285.13,4154.87,4357.95,4635.9,4074.87,4609.23,4188.21,4239.49,4209.23,4286.67,4609.23,4384.62,1
4331.28,4051.79,4285.13,4153.33,4355.38,4630.26,4069.74,4606.67,4196.41,4237.95,4207.69,4280.51,4608.21,4384.1,1
4328.21,4042.05,4285.13,4152.82,4353.33,4632.31,4076.41,4609.74,4206.15,4242.05,4207.69,4284.1,4612.31,4382.56,1
4317.44,4031.79,4282.05,4149.74,4349.74,4641.03,4087.18,4614.36,4198.97,4240,4204.1,4284.62,4603.08,4375.38,1
4325.13,4047.18,4287.18,4151.79,4353.33,4648.21,4089.23,4612.82,4197.44,4238.46,4203.59,4285.13,4599.49,4382.05,1
4344.62,4069.74,4296.92,4165.13,4359.49,4649.74,4086.15,4610.26,4208.21,4244.1,4207.18,4292.31,4604.62,4391.79,1
4344.62,4066.67,4297.44,4168.21,4355.9,4644.1,4082.05,4611.28,4207.69,4245.13,4204.62,4292.82,4598.46,4386.67,1
4340.51,4063.08,4294.36,4162.05,4352.31,4637.44,4075.9,4606.15,4196.92,4240.51,4203.08,4285.64,4596.92,4383.08,1
4349.23,4075.9,4297.95,4165.13,4357.95,4637.44,4073.85,4603.08,4197.44,4241.03,4208.72,4285.64,4606.15,4388.21,1
4345.64,4074.87,4293.85,4164.1,4357.44,4642.05,4078.46,4605.64,4195.38,4240,4206.67,4286.67,4600.51,4383.59,1
4329.74,4061.03,4282.56,4153.85,4350.26,4636.92,4078.46,4598.46,4182.05,4229.74,4198.97,4281.03,4590.26,4372.82,1
4326.15,4061.03,4277.95,4153.85,4348.72,4629.74,4073.85,4589.23,4182.05,4224.62,4200,4276.41,4597.95,4372.31,1
4329.74,4064.62,4278.97,4157.44,4349.74,4630.77,4073.33,4596.41,4190.77,4230.77,4204.62,4278.97,4600.51,4375.9,1
4332.82,4062.56,4282.05,4156.41,4350.26,4632.31,4075.9,4606.15,4196.92,4233.33,4206.15,4281.03,4595.38,4381.54,1
4335.38,4064.1,4284.62,4162.56,4351.28,4630.77,4073.33,4603.59,4197.95,4232.31,4205.64,4283.08,4597.44,4383.08,1
4332.31,4065.64,4281.54,4170.77,4352.31,4631.28,4070.26,4598.97,4192.82,4232.31,4198.97,4282.05,4594.36,4372.82,1
4330.26,4061.54,4281.54,4165.64,4349.74,4631.79,4072.31,4597.44,4187.18,4229.74,4192.31,4280,4587.18,4370.77,1
4337.95,4061.54,4288.21,4158.97,4349.23,4631.79,4074.36,4595.38,4188.21,4227.18,4196.41,4284.1,4591.79,4384.1,1
4342.56,4062.56,4287.18,4156.41,4348.72,4629.74,4070.26,4591.79,4185.64,4227.18,4200,4285.64,4598.46,4384.62,1
4333.85,4057.44,4280,4154.36,4344.62,4626.67,4065.64,4584.62,4175.38,4227.18,4194.36,4276.41,4594.36,4368.21,1
4325.13,4054.36,4280.51,4155.38,4343.08,4626.15,4064.1,4582.05,4173.33,4222.56,4191.79,4269.74,4589.74,4362.05,1
4320.51,4051.28,4281.54,4158.46,4340,4626.15,4066.15,4589.74,4178.46,4214.87,4191.79,4271.28,4584.62,4358.97,1
4316.41,4046.15,4277.44,4156.92,4340,4620.51,4066.67,4593.85,4181.54,4211.79,4189.74,4270.26,4576.41,4354.36,1
4316.92,4044.62,4276.41,4152.82,4341.54,4615.9,4061.03,4589.74,4184.1,4217.95,4188.72,4270.26,4577.44,4355.38,1
4314.87,4043.08,4276.41,4152.31,4341.03,4623.59,4062.05,4591.28,4185.13,4222.56,4185.64,4271.28,4578.97,4353.33,1
4313.33,4042.56,4275.9,4156.41,4343.59,4630.26,4066.67,4591.79,4180.51,4218.97,4185.13,4268.21,4577.44,4352.82,1
4320,4047.69,4279.49,4158.97,4348.21,4629.23,4067.69,4589.74,4186.15,4218.97,4192.82,4271.79,4584.1,4361.03,1
4328.21,4051.28,4284.1,4157.95,4351.28,4631.28,4070.26,4598.97,4199.49,4231.28,4202.05,4282.56,4595.9,4368.72,1
4328.72,4051.28,4284.62,4155.9,4350.26,4632.82,4073.85,4605.64,4197.44,4237.44,4202.56,4284.62,4599.49,4367.18,1
4324.1,4050.26,4281.54,4156.41,4347.69,4627.69,4071.79,4601.03,4189.74,4230.77,4198.46,4276.41,4596.92,4362.56,1
4318.97,4044.62,4273.85,4150.77,4346.15,4625.13,4069.23,4601.03,4194.36,4231.28,4197.44,4270.26,4592.31,4354.87,1
4311.79,4040,4265.13,4144.62,4345.13,4625.13,4068.72,4602.56,4193.33,4235.9,4197.44,4268.21,4591.79,4350.26,1
4309.74,4042.56,4262.56,4145.13,4348.21,4625.13,4067.69,4593.85,4187.18,4231.28,4197.44,4267.18,4597.44,4352.31,1
4307.69,4046.15,4261.54,4144.1,4349.23,4628.72,4069.74,4589.74,4190.26,4226.15,4195.9,4265.13,4595.38,4349.23,1
4302.56,4033.85,4261.03,4135.9,4348.72,4631.79,4075.38,4598.46,4196.41,4226.67,4193.85,4267.18,4584.62,4343.08,1
4304.62,4021.03,4269.23,4131.79,4350.26,4631.28,4083.59,4607.69,4202.05,4232.31,4198.97,4273.85,4584.62,4346.67,1
4315.9,4042.56,4279.49,4139.49,4357.44,4632.31,4087.18,4609.23,4203.59,4238.46,4203.59,4276.92,4593.33,4360,1
4329.74,4073.33,4280.51,4151.79,4358.46,4631.79,4082.05,4607.18,4198.97,4236.92,4203.59,4278.97,4594.36,4369.74,1
4342.05,4080.51,4281.54,4158.46,4353.85,4626.67,4078.46,4605.64,4190.26,4233.33,4206.15,4285.13,4591.79,4367.18,1
4347.18,4082.05,4286.15,4155.38,4352.31,4627.69,4082.05,4601.03,4180.51,4228.72,4200,4285.64,4584.1,4361.03,1
4345.64,4092.31,4290.26,4154.87,4353.33,4632.31,4085.13,4599.49,4184.62,4218.46,4187.69,4282.05,4574.36,4364.1,1
4343.59,4093.85,4291.28,4156.92,4353.85,4633.33,4085.13,4604.1,4194.87,4220,4189.74,4282.56,4574.87,4370.26,1
4341.54,4084.62,4290.77,4153.85,4353.85,4628.21,4085.64,4601.03,4191.28,4230.26,4199.49,4282.56,4581.54,4364.62,1
4333.85,4074.87,4290.77,4151.28,4351.28,4624.1,4087.18,4595.9,4183.59,4230.26,4198.46,4284.1,4583.08,4356.41,1
4323.59,4068.72,4287.18,4153.85,4347.69,4625.64,4087.18,4602.56,4193.33,4226.67,4195.9,4284.1,4577.95,4351.28,1
4316.92,4071.79,4280,4152.31,4349.23,4625.13,4086.15,4605.13,4200,4229.23,4196.92,4277.95,4577.44,4343.08,1
4308.21,4072.82,4276.41,4145.13,4351.79,4622.56,4084.1,4598.97,4189.74,4230.26,4193.33,4267.69,4576.41,4332.31,1
4295.38,4061.54,4272.31,4140.51,4349.23,4621.54,4082.56,4594.87,4178.97,4223.08,4183.59,4262.56,4566.15,4323.08,1
4287.69,4055.9,4266.15,4141.03,4345.64,4621.54,4082.05,4592.31,4175.38,4217.44,4177.44,4265.64,4556.92,4319.49,1
4282.56,4056.92,4266.15,4138.97,4344.1,4621.03,4081.03,4594.87,4185.13,4218.97,4180.51,4265.13,4554.87,4315.38,1
4270.26,4047.18,4260.51,4128.72,4342.56,4624.62,4078.97,4606.67,4200.51,4218.97,4179.49,4254.36,4550.26,4302.56,1
4260,4034.87,4247.18,4121.03,4340,4627.69,4080,4609.74,4193.85,4216.41,4172.31,4249.23,4543.59,4291.79,1
4261.54,4038.97,4249.74,4123.59,4342.56,4624.1,4080,4599.49,4177.95,4220,4173.33,4256.41,4547.69,4296.92,1
4261.03,4043.59,4263.08,4126.15,4347.18,4620.51,4075.38,4599.49,4188.21,4224.62,4180,4261.03,4553.33,4304.62,1
4258.97,4038.46,4264.62,4129.74,4342.05,4618.46,4071.79,4604.62,4198.46,4220,4177.44,4258.97,4551.28,4298.97,1
4257.95,4036.41,4259.49,4130.26,4336.41,4615.9,4072.31,4597.95,4179.49,4212.82,4168.21,4255.38,4549.23,4289.23,1
4252.31,4038.46,4260,4127.18,4341.54,4614.87,4068.72,4587.18,4168.21,4209.74,4165.64,4252.82,4545.64,4286.67,1
4247.69,4037.95,4262.05,4127.69,4346.15,4615.38,4063.59,4583.59,4176.41,4210.26,4170.26,4255.38,4542.05,4287.69,1
4252.82,4038.46,4263.59,4130.26,4343.59,4615.9,4065.64,4588.72,4182.05,4214.36,4172.82,4257.95,4545.64,4291.79,1
4252.82,4038.97,4264.1,4130.77,4341.54,4618.97,4072.31,4597.44,4189.23,4222.56,4175.9,4258.46,4552.31,4294.36,1
4245.13,4037.95,4261.03,4132.31,4344.1,4625.13,4074.87,4602.05,4193.85,4225.64,4177.95,4257.95,4550.26,4292.82,1
4245.64,4037.95,4262.56,4133.33,4345.13,4628.21,4074.36,4603.59,4191.79,4225.13,4178.46,4259.49,4549.23,4292.82,1
4247.18,4036.92,4261.03,4126.15,4338.97,4625.64,4074.36,4609.23,4191.79,4226.67,4177.95,4260.51,4552.31,4290.26,1
4240,4034.36,4252.31,4121.03,4332.82,4620,4072.82,4612.31,4193.85,4224.62,4174.87,4258.46,4548.72,4286.15,1
4236.41,4033.85,4249.74,4122.56,4340.51,4623.08,4072.31,4609.74,4196.92,4223.08,4173.85,4256.92,4544.62,4286.67,1
4233.85,4033.85,4251.79,4123.08,4345.64,4630.77,4077.44,4609.23,4194.36,4224.1,4173.85,4252.31,4546.15,4282.56,1
4223.08,4028.72,4247.18,4119.49,4341.03,4626.67,4078.46,4607.69,4187.69,4220.51,4167.69,4245.13,4543.08,4271.79,1
4221.03,4025.64,4244.62,4117.44,4342.56,4619.49,4074.36,4603.59,4190.77,4216.92,4163.59,4241.54,4538.46,4268.72,1
4223.59,4024.62,4243.59,4119.49,4344.62,4619.49,4073.85,4602.56,4197.95,4222.05,4168.72,4242.56,4540,4266.67,1
4210.77,4012.82,4233.33,4111.79,4334.87,4618.46,4075.38,4606.15,4194.36,4221.03,4165.13,4235.9,4535.38,4254.87,1
4204.62,4007.69,4227.18,4105.13,4330.77,4617.44,4080,4609.23,4191.79,4212.82,4157.44,4229.23,4529.23,4255.38,1
4217.44,4019.49,4233.85,4113.33,4337.95,4625.64,4085.64,4613.85,4199.49,4217.44,4165.13,4238.46,4538.97,4267.69,1
4221.54,4024.62,4234.87,4116.41,4338.97,4629.23,4082.05,4613.33,4197.95,4225.64,4173.85,4246.67,4547.69,4269.74,1
4211.79,4015.9,4230.26,4107.69,4336.41,4623.08,4071.79,4605.64,4187.69,4225.13,4168.72,4240.51,4544.62,4265.13,1
4210.26,4012.82,4230.26,4104.62,4339.49,4621.03,4072.82,4601.03,4185.64,4219.49,4163.08,4233.85,4541.03,4262.05,1
4211.79,4011.79,4231.79,4108.21,4339.49,4624.62,4082.05,4603.08,4186.15,4213.85,4162.05,4235.9,4537.95,4257.95,1
4208.21,4010.77,4231.28,4109.74,4337.44,4626.15,4080.51,4603.59,4186.15,4214.87,4159.49,4236.41,4533.85,4255.9,1
4213.33,4017.44,4237.95,4112.31,4342.56,4626.67,4075.38,4606.15,4198.46,4223.59,4160.51,4238.46,4536.41,4262.56,1
4216.41,4011.28,4243.59,4110.77,4341.54,4628.72,4082.05,4616.92,4208.72,4229.23,4166.15,4245.64,4539.49,4261.03,1
4208.21,3997.44,4238.97,4105.13,4334.36,4624.62,4084.1,4616.41,4194.36,4224.62,4163.08,4245.13,4532.82,4251.79,1
4206.67,4012.31,4234.36,4112.31,4333.33,4616.92,4074.87,4602.56,4180,4215.38,4153.33,4239.49,4523.59,4248.72,1
4211.28,4040,4235.38,4123.08,4335.38,4613.85,4071.28,4598.46,4180.51,4205.13,4144.1,4234.36,4511.79,4246.15,1
4209.74,4051.28,4233.33,4124.62,4334.36,4613.33,4070.26,4594.87,4171.79,4190.77,4133.33,4223.08,4493.85,4236.41,0
4209.23,4064.1,4228.72,4130.26,4339.49,4614.87,4065.64,4582.56,4154.87,4179.49,4123.59,4215.9,4478.46,4229.23,0
4212.82,4086.15,4229.74,4142.05,4347.18,4619.49,4068.21,4580,4156.92,4177.44,4117.44,4220.51,4465.64,4228.72,0
4209.74,4089.23,4231.79,4142.05,4343.59,4619.49,4070.77,4584.62,4165.64,4180,4106.67,4216.41,4450.77,4216.41,0
4204.62,4075.9,4226.67,4131.79,4338.97,4616.92,4062.56,4580,4162.05,4179.49,4100,4202.05,4443.08,4205.64,0
4201.54,4072.31,4225.13,4129.23,4342.56,4615.38,4056.92,4580,4162.56,4176.92,4106.15,4201.03,4449.74,4212.31,0
4198.46,4078.46,4223.08,4134.87,4346.67,4615.38,4061.03,4589.23,4172.82,4180.51,4111.79,4207.18,4456.92,4217.44,0
4200,4078.97,4218.46,4139.49,4346.67,4617.44,4065.13,4585.64,4169.23,4188.72,4111.79,4206.67,4454.36,4214.87,0
4207.18,4074.87,4223.59,4138.97,4345.64,4616.41,4064.62,4575.38,4158.97,4186.15,4113.85,4206.15,4451.79,4217.44,0
4212.82,4076.41,4233.33,4139.49,4344.1,4614.36,4059.49,4577.95,4165.13,4180,4114.36,4211.79,4457.95,4223.08,0
4210.26,4078.46,4231.28,4140,4342.56,4616.41,4056.41,4584.62,4173.85,4185.64,4113.85,4213.85,4465.13,4223.59,0
4209.74,4075.9,4227.69,4139.49,4345.13,4617.95,4060,4584.62,4169.23,4191.28,4121.03,4216.41,4467.18,4227.69,0
4215.9,4074.36,4233.85,4142.56,4344.62,4616.41,4061.03,4585.64,4166.67,4189.23,4127.18,4221.54,4469.74,4231.28,0
4213.33,4070.26,4232.31,4140.51,4339.49,4617.44,4063.08,4595.38,4174.87,4186.67,4120,4223.08,4470.77,4225.64,0
4202.56,4061.54,4227.69,4135.38,4338.46,4620,4068.72,4604.1,4179.49,4187.69,4112.31,4218.46,4465.64,4223.59,0
4204.1,4059.49,4230.26,4136.41,4340.51,4617.95,4069.74,4597.95,4172.31,4190.26,4117.95,4220,4467.18,4230.26,0
4209.74,4060.51,4232.31,4137.95,4338.46,4614.36,4069.74,4595.9,4172.31,4193.85,4124.62,4226.15,4474.36,4233.85,0
4209.23,4057.95,4231.79,4136.92,4339.49,4615.38,4073.85,4607.18,4185.13,4201.03,4125.64,4225.13,4476.92,4232.31,0
4209.74,4062.56,4232.82,4137.95,4343.08,4623.08,4077.95,4613.33,4195.38,4206.15,4131.28,4223.08,4483.08,4235.9,0
4215.38,4069.23,4237.95,4141.03,4343.08,4627.69,4077.44,4611.28,4187.69,4204.1,4136.41,4229.23,4488.21,4236.92,0
4217.95,4064.62,4243.08,4140,4339.49,4622.05,4072.82,4607.18,4177.44,4199.49,4130.77,4233.33,4480.51,4232.31,0
4213.85,4059.49,4247.69,4139.49,4340.51,4614.87,4069.74,4599.49,4174.87,4200,4130.77,4230.77,4479.49,4237.95,0
4218.97,4064.62,4246.67,4141.54,4345.13,4617.44,4067.69,4591.79,4177.44,4201.54,4138.46,4229.74,4490.77,4247.18,0
4219.49,4064.62,4237.44,4140.51,4340.51,4616.92,4061.54,4591.28,4176.92,4196.92,4130.26,4228.72,4483.59,4237.44,0
4205.13,4054.87,4229.74,4136.92,4331.79,4609.74,4056.92,4585.64,4167.69,4190.26,4116.41,4222.56,4469.23,4222.56,0
4197.95,4049.23,4229.74,4132.82,4330.26,4607.69,4054.87,4578.97,4161.54,4186.67,4118.46,4218.46,4472.82,4225.64,0
4201.54,4046.15,4231.28,4132.31,4332.31,4610.26,4052.82,4582.56,4164.62,4185.64,4121.03,4218.97,4475.38,4226.67,0
4199.49,4042.05,4227.18,4132.31,4330.26,4608.72,4052.82,4581.54,4162.05,4181.03,4112.31,4219.49,4465.13,4221.54,0
4202.05,4045.64,4229.23,4135.9,4333.33,4609.23,4052.31,4572.82,4153.85,4177.95,4109.23,4218.46,4464.62,4227.69,0
4217.44,4055.9,4240.51,4147.69,4341.03,4614.36,4052.82,4580.51,4166.67,4189.74,4122.56,4224.62,4480,4241.54,0
4225.13,4061.54,4248.21,4153.33,4346.15,4617.44,4055.38,4597.95,4191.28,4207.18,4139.49,4235.38,4494.87,4250.26,0
4224.1,4058.46,4248.21,4144.62,4342.56,4616.41,4056.41,4597.44,4187.18,4208.21,4143.59,4236.41,4498.46,4249.74,0
4222.05,4051.79,4245.13,4136.41,4335.38,4613.33,4056.92,4586.67,4170.77,4195.38,4134.87,4230.26,4493.85,4244.62,0
4222.05,4048.21,4244.62,4137.95,4335.38,4612.31,4057.44,4589.23,4173.33,4189.23,4128.21,4226.67,4492.31,4246.67,0
4227.18,4052.82,4245.64,4142.05,4341.54,4614.36,4057.44,4596.41,4187.18,4196.41,4132.31,4228.21,4498.46,4254.36,0
4231.79,4057.44,4247.18,4142.56,4343.08,4618.46,4058.97,4595.9,4190.77,4206.15,4141.54,4233.85,4506.67,4255.38,0
4228.72,4051.28,4246.15,4138.97,4342.05,4623.59,4062.05,4597.44,4184.1,4206.67,4143.08,4235.38,4507.69,4251.28,0
4218.46,4040,4242.05,4135.38,4340.51,4621.54,4061.03,4596.92,4175.38,4198.46,4133.85,4229.23,4498.97,4249.74,0
4218.46,4040,4243.08,4136.92,4336.41,4615.9,4057.44,4588.72,4173.85,4196.41,4128.21,4227.69,4492.31,4252.82,0
4224.62,4042.56,4247.18,4136.92,4333.85,4616.41,4056.41,4588.72,4177.44,4198.46,4130.77,4230.26,4493.33,4255.9,0
4221.54,4036.92,4245.13,4136.41,4333.33,4616.41,4055.9,4593.85,4173.33,4192.31,4128.72,4226.67,4492.82,4252.31,0
4217.44,4033.33,4242.56,4135.9,4331.79,4610.77,4055.38,4590.77,4171.28,4186.15,4125.64,4224.1,4490.77,4249.23,0
4223.59,4040,4245.13,4135.38,4335.9,4609.74,4055.9,4587.69,4175.9,4192.31,4130.26,4230.26,4496.92,4256.92,0
4231.79,4050.77,4249.23,4144.62,4343.59,4612.31,4053.85,4591.79,4179.49,4201.54,4137.44,4236.41,4505.13,4264.62,0
4229.74,4046.67,4247.18,4148.72,4338.97,4613.85,4053.85,4592.82,4177.95,4203.59,4141.54,4237.95,4506.67,4261.03,0
4225.64,4036.41,4244.1,4138.97,4332.31,4614.36,4052.31,4588.21,4170.26,4199.49,4142.05,4238.46,4507.18,4260,0
4227.69,4051.28,4248.72,4143.08,4339.49,4612.82,4047.69,4586.15,4165.64,4196.41,4141.54,4236.92,4513.33,4264.62,0
4231.79,4071.28,4246.67,4154.87,4344.62,4612.31,4047.69,4586.15,4165.64,4192.82,4134.87,4230.26,4506.15,4253.85,0
4222.05,4064.62,4231.79,4150.26,4339.49,4614.36,4054.36,4585.13,4162.56,4186.15,4119.49,4218.97,4480,4233.33,0
4213.85,4061.03,4229.23,4147.18,4342.05,4615.9,4054.36,4581.03,4162.56,4182.05,4111.79,4216.41,4469.74,4236.92,0
4227.18,4075.38,4244.1,4156.92,4348.72,4613.85,4053.33,4579.49,4167.18,4184.62,4119.49,4224.1,4486.67,4255.9,0
4235.9,4074.36,4246.67,4156.41,4341.54,4611.28,4057.44,4585.13,4169.74,4190.26,4128.21,4229.23,4497.95,4255.38,0
4225.13,4061.54,4236.41,4150.26,4333.85,4609.23,4055.9,4587.69,4172.82,4193.85,4128.21,4225.64,4495.9,4247.69,0
4217.95,4058.46,4232.31,4146.67,4336.92,4609.23,4049.23,4583.59,4171.28,4192.31,4126.15,4223.08,4492.82,4247.18,0
4215.9,4057.44,4231.79,4142.56,4341.03,4611.79,4048.72,4577.95,4159.49,4183.59,4120,4220.51,4485.13,4240,0
4215.38,4057.95,4238.46,4148.72,4344.1,4615.9,4052.31,4578.46,4161.03,4179.49,4115.38,4218.46,4481.54,4239.49,0
4222.05,4063.59,4249.23,4156.41,4346.67,4619.49,4051.28,4585.64,4176.92,4189.23,4121.03,4223.08,4489.23,4250.26,0
4228.72,4064.62,4249.23,4154.36,4346.15,4617.95,4051.28,4591.79,4177.95,4195.9,4126.67,4228.21,4491.79,4252.82,0
4230.77,4065.13,4246.15,4153.33,4344.1,4618.46,4055.9,4593.33,4174.87,4191.79,4126.67,4230.26,4488.72,4252.82,0
4234.87,4067.18,4251.28,4157.95,4341.54,4622.05,4060.51,4595.38,4179.49,4191.79,4131.79,4237.44,4496.41,4258.46,0
4233.85,4060,4252.82,4153.85,4336.41,4620.51,4061.54,4594.87,4177.95,4198.46,4135.9,4242.56,4501.54,4258.97,0
4225.64,4052.31,4242.56,4144.1,4336.92,4618.97,4059.49,4589.23,4174.36,4198.97,4134.36,4237.95,4501.03,4254.36,0
4223.08,4054.36,4234.36,4142.05,4341.54,4622.05,4058.97,4590.77,4180.51,4198.46,4133.33,4229.74,4501.54,4249.23,0
4224.1,4055.9,4230.77,4145.13,4343.59,4626.15,4059.49,4594.87,4181.54,4197.44,4131.28,4224.1,4496.41,4244.62,0
4217.95,4054.36,4230.26,4146.67,4345.64,4629.74,4058.97,4590.26,4168.72,4194.36,4124.1,4220,4488.21,4243.59,0
4214.87,4052.82,4230.26,4143.08,4344.62,4627.69,4057.95,4589.23,4165.13,4191.28,4117.95,4216.41,4485.64,4240.51,0
4216.92,4045.13,4221.54,4134.36,4334.87,4620.51,4056.41,4591.28,4169.23,4182.56,4115.9,4213.33,4480,4235.38,0
4215.38,4038.46,4214.87,4123.08,4327.69,4612.82,4054.87,4583.59,4165.64,4172.82,4114.87,4214.36,4475.38,4238.97,0
4214.87,4039.49,4219.49,4124.1,4332.82,4611.79,4053.33,4576.41,4164.62,4180,4121.54,4220,4484.1,4247.69,0
4222.56,4044.62,4226.67,4133.85,4340,4614.36,4056.92,4576.92,4164.62,4193.33,4133.33,4226.15,4496.92,4253.85,0
4230.77,4051.28,4228.21,4137.44,4339.49,4617.95,4067.18,4581.03,4166.67,4194.36,4137.44,4228.21,4499.49,4257.44,0
4233.85,4054.87,4230.77,4134.87,4335.9,4616.92,4068.72,4582.05,4170.77,4194.36,4131.28,4229.23,4499.49,4261.03,0
4233.85,4053.85,4232.31,4135.9,4331.79,4613.33,4060,4578.46,4168.21,4196.92,4129.23,4230.26,4502.56,4261.54,0
4235.38,4053.85,4230.77,4134.87,4332.82,4616.92,4057.95,4580.51,4167.18,4197.44,4134.36,4229.23,4504.62,4260,0
4233.33,4048.72,4232.31,4131.79,4340,4622.05,4062.56,4589.23,4172.82,4196.41,4132.82,4227.18,4503.59,4260,0
4229.74,4041.54,4232.31,4127.69,4341.03,4618.46,4058.97,4586.15,4167.18,4192.31,4129.74,4228.72,4503.59,4258.46,0
4230.26,4044.1,4230.26,4127.69,4337.44,4612.82,4050.26,4571.79,4155.9,4196.41,4137.95,4234.36,4507.69,4261.54,0
4233.33,4047.69,4231.28,4134.36,4339.49,4614.36,4049.23,4572.31,4161.54,4202.56,4145.64,4231.79,4511.79,4265.13,0
4230.26,4042.05,4227.18,4133.33,4343.08,4619.49,4053.85,4580,4165.64,4197.44,4135.9,4222.56,4506.67,4260,0
4226.67,4038.46,4218.97,4126.15,4341.03,4619.49,4055.9,4577.44,4156.92,4189.74,4125.13,4218.97,4496.92,4253.33,0
4227.18,4042.56,4221.03,4131.28,4336.41,4615.9,4055.38,4574.36,4158.97,4193.33,4128.21,4224.62,4496.92,4255.38,0
4231.79,4047.18,4229.23,4137.44,4334.36,4612.82,4054.36,4579.49,4170.26,4198.97,4131.79,4226.15,4509.23,4264.1,0
4234.87,4046.15,4230.77,4127.69,4329.23,4615.9,4057.95,4585.64,4171.28,4195.38,4127.18,4223.59,4504.62,4261.54,0
4231.28,4036.41,4231.28,4120.51,4328.72,4621.03,4066.67,4588.21,4164.62,4189.74,4122.56,4227.69,4483.59,4255.9,0
4236.41,4029.74,4235.9,4125.13,4337.95,4623.08,4070.26,4589.74,4167.18,4194.36,4131.79,4235.9,4492.31,4268.21,0
4247.18,4032.31,4235.38,4124.62,4341.54,4623.08,4064.62,4588.72,4174.87,4206.67,4151.79,4239.49,4533.33,4288.21,0
4249.23,4024.62,4229.74,4121.03,4334.87,4621.54,4058.46,4584.1,4175.38,4218.97,4168.72,4241.54,4564.62,4308.72,0
4257.95,4009.23,4235.9,4121.03,4332.82,4618.46,4059.49,4581.03,4175.38,4226.67,4177.95,4249.23,4578.46,4326.67,0
4269.23,4005.13,4246.15,4120.51,4335.9,4615.9,4064.62,4581.03,4175.9,4224.1,4181.03,4254.87,4585.64,4327.18,0
4259.49,4007.18,4242.05,4117.95,4332.82,4619.49,4065.64,4583.08,4173.33,4218.97,4176.92,4251.28,4579.49,4313.85,0
4253.33,4005.64,4232.82,4119.49,4331.79,4622.05,4060.51,4587.69,4174.87,4220,4172.31,4248.21,4575.38,4315.38,0
4262.05,4002.05,4232.82,4120,4331.79,4618.46,4059.49,4594.87,4184.1,4222.05,4174.87,4251.79,4580,4322.56,0
4260.51,3997.95,4238.46,4115.38,4327.18,4620.51,4065.13,4598.46,4191.79,4220,4173.85,4254.36,4576.92,4316.92,0
4259.49,4000,4245.64,4116.41,4331.28,4622.56,4066.15,4598.46,4189.23,4225.13,4174.87,4255.9,4577.95,4319.49,0
4267.69,4007.69,4249.74,4122.05,4339.49,4621.03,4064.1,4601.54,4189.74,4233.33,4184.62,4260,4587.69,4327.18,0
4267.69,4005.13,4244.62,4120,4341.03,4625.13,4069.74,4604.62,4193.33,4233.33,4187.18,4260,4587.69,4325.13,0
4263.59,4000.51,4242.05,4117.44,4340.51,4625.13,4067.18,4598.46,4189.23,4228.72,4183.08,4259.49,4582.05,4320.51,0
4271.79,4009.23,4246.67,4120.51,4340,4616.41,4056.92,4590.26,4186.67,4227.18,4187.69,4264.62,4590.77,4326.15,0
4278.97,4015.9,4248.21,4123.08,4340,4618.46,4062.05,4598.46,4194.87,4234.36,4193.85,4270.26,4598.97,4334.36,0
4274.87,4013.33,4252.82,4122.56,4344.1,4629.74,4074.36,4609.23,4197.44,4239.49,4193.85,4271.28,4591.79,4338.46,0
4275.38,4009.23,4263.08,4123.08,4344.62,4631.79,4074.87,4603.08,4188.21,4234.87,4191.28,4272.31,4591.28,4335.9,0
4277.95,4005.64,4265.64,4124.1,4336.41,4623.59,4069.23,4596.92,4184.1,4226.67,4190.26,4270.26,4597.95,4332.31,0
4271.28,4002.56,4254.36,4121.54,4336.92,4620.51,4068.72,4600.51,4187.18,4224.62,4187.18,4265.13,4593.85,4330.26,0
4265.64,4003.59,4246.67,4118.97,4342.05,4626.67,4073.85,4602.05,4190.26,4229.23,4184.1,4262.56,4589.23,4327.18,0
4267.69,4006.67,4248.72,4120.51,4329.74,4625.64,4074.36,4596.41,4184.62,4225.64,4181.03,4260.51,4590.26,4322.56,0
4265.13,4006.67,4248.72,4119.49,4324.1,4614.36,4063.59,4589.74,4175.9,4217.95,4178.97,4256.92,4587.18,4317.95,0
4265.13,4005.64,4250.77,4121.03,4342.05,4616.92,4057.95,4594.36,4189.74,4225.64,4183.08,4260.51,4589.23,4321.54,0
4277.44,4009.74,4261.54,4126.67,4354.36,4629.23,4062.05,4602.56,4207.69,4238.46,4196.41,4273.33,4601.03,4336.92,0
4281.54,4013.85,4266.67,4126.15,4346.15,4628.72,4062.05,4601.03,4196.41,4234.87,4202.05,4278.97,4605.13,4341.54,0
4270.77,4011.28,4255.38,4121.03,4341.03,4622.56,4059.49,4597.44,4183.08,4230.26,4192.82,4269.74,4595.38,4327.18,0
4266.15,4009.23,4247.18,4122.56,4344.62,4623.59,4058.46,4599.49,4189.74,4236.41,4188.72,4258.46,4591.79,4320.51,0
4268.72,4010.77,4247.18,4124.62,4343.08,4624.62,4058.97,4598.46,4188.72,4232.82,4192.31,4257.95,4594.36,4329.74,0
4267.69,4013.33,4247.69,4121.03,4342.05,4622.05,4061.54,4598.97,4186.67,4226.15,4191.28,4265.13,4594.36,4335.38,0
4270.77,4018.97,4256.92,4124.1,4347.69,4625.13,4067.18,4609.23,4202.56,4235.38,4194.87,4271.79,4599.49,4338.97,0
4278.46,4022.05,4265.64,4132.82,4350.77,4631.79,4072.82,4614.36,4204.62,4243.59,4202.05,4275.38,4603.59,4340,0
4272.31,4018.46,4255.9,4129.23,4347.69,4631.28,4069.74,4604.62,4188.72,4235.9,4194.87,4268.21,4597.44,4326.67,0
4261.03,4013.85,4244.1,4120.51,4342.05,4627.18,4065.13,4596.92,4191.28,4227.69,4182.56,4259.49,4589.74,4317.44,0
4261.54,4009.23,4244.1,4120.51,4336.92,4629.23,4069.74,4603.08,4197.95,4223.08,4179.49,4255.38,4583.59,4320,0
4261.54,4007.18,4244.62,4123.59,4338.46,4626.15,4072.82,4603.08,4185.64,4223.08,4178.97,4254.87,4580.51,4320,0
4263.59,4013.33,4243.08,4124.1,4347.18,4618.97,4063.08,4588.72,4175.38,4225.64,4178.97,4257.44,4583.59,4322.56,0
4267.18,4012.31,4247.69,4123.08,4343.59,4617.95,4056.41,4583.59,4178.97,4223.08,4180.51,4260,4585.64,4326.67,0
4261.54,4002.05,4249.23,4120.51,4330.77,4617.95,4062.05,4593.33,4179.49,4219.49,4180.51,4259.49,4581.54,4318.97,0
4257.95,4002.56,4249.23,4121.03,4332.31,4616.92,4067.69,4594.87,4176.41,4222.05,4178.97,4263.59,4581.54,4314.36,0
4263.08,4008.21,4250.26,4122.05,4336.92,4622.05,4067.69,4587.18,4177.44,4220,4180,4265.13,4583.08,4319.49,0
4258.46,4002.05,4248.21,4118.97,4331.28,4626.67,4068.72,4591.28,4180,4214.36,4179.49,4260.51,4578.46,4320.51,0
4250.26,3994.87,4246.67,4117.44,4329.74,4621.03,4070.26,4599.49,4182.56,4216.41,4180.51,4261.03,4578.97,4316.92,0
4255.9,3999.49,4246.67,4120.51,4334.87,4616.41,4069.74,4598.46,4182.05,4218.46,4180.51,4261.03,4581.54,4313.33,0
4261.03,4005.64,4245.13,4120.51,4334.36,4625.13,4071.79,4601.54,4185.13,4217.44,4175.38,4255.38,4578.46,4308.72,0
4262.05,4004.62,4249.23,4118.46,4333.33,4635.38,4076.92,4610.77,4193.33,4221.54,4173.85,4256.41,4576.92,4317.95,0
4270.77,4010.26,4260,4125.64,4340.51,4633.33,4076.41,4607.69,4193.85,4224.62,4182.05,4264.62,4589.23,4336.41,0
4283.08,4024.62,4266.67,4136.92,4347.69,4628.21,4069.23,4594.87,4187.18,4225.64,4192.82,4270.77,4603.59,4347.69,0
4290.26,4029.74,4266.15,4140.51,4347.69,4632.82,4069.23,4594.36,4187.69,4231.28,4197.44,4274.36,4606.15,4349.23,0
4288.21,4023.59,4263.59,4136.41,4344.1,4636.41,4070.77,4602.05,4192.31,4236.41,4195.38,4275.9,4603.08,4343.59,0
4283.08,4022.05,4263.08,4134.87,4340.51,4631.28,4064.62,4598.97,4189.23,4234.36,4189.23,4271.28,4600.51,4336.92,0
4278.97,4020,4262.56,4133.85,4336.92,4626.15,4063.59,4594.87,4188.72,4228.21,4182.05,4265.13,4595.38,4332.31,0
4272.31,4010.26,4255.38,4127.18,4334.36,4630.26,4070.77,4600.51,4188.21,4223.59,4176.41,4263.08,4585.13,4326.15,0
4265.64,4004.1,4249.23,4121.03,4331.79,4632.31,4071.79,4604.1,4181.54,4219.49,4174.87,4261.03,4577.95,4320.51,0
4264.1,4006.15,4247.69,4118.97,4332.82,4627.69,4070.77,4603.59,4185.13,4217.44,4181.03,4261.03,4581.03,4323.59,0
4269.74,4006.67,4249.74,4122.05,4333.33,4627.18,4071.79,4605.13,4191.79,4224.62,4186.67,4266.67,4587.69,4329.74,0
4268.21,4003.59,4250.77,4120,4328.21,4626.15,4069.23,4600.51,4184.1,4228.72,4187.18,4268.21,4591.79,4326.67,0
4266.67,4003.59,4252.31,4115.9,4326.15,4619.49,4068.21,4600.51,4185.13,4227.18,4188.21,4267.69,4592.82,4327.18,0
4270.77,4006.15,4255.38,4118.97,4330.77,4620,4070.26,4608.72,4194.87,4227.69,4185.13,4269.74,4589.23,4331.28,0
4271.28,4008.72,4255.9,4123.59,4331.79,4623.59,4064.62,4604.62,4189.23,4224.62,4182.56,4269.74,4584.1,4332.82,0
4273.85,4011.28,4257.44,4125.13,4330.26,4620,4057.44,4594.36,4176.41,4220.51,4185.13,4269.74,4588.72,4332.82,0
4280,4012.82,4260.51,4124.62,4333.33,4620,4058.97,4594.36,4180.51,4224.62,4184.62,4273.33,4594.36,4332.31,0
4284.1,4014.87,4263.59,4129.23,4337.44,4627.18,4062.05,4595.9,4189.23,4228.72,4183.59,4273.85,4593.85,4336.41,0
4289.23,4020,4265.13,4133.33,4336.41,4629.74,4062.05,4593.33,4186.15,4224.62,4188.21,4271.79,4591.79,4339.49,0
4290.77,4017.44,4265.64,4129.23,4330.77,4626.67,4063.08,4595.38,4181.54,4218.97,4185.13,4270.26,4591.28,4336.41,0
4284.1,4007.69,4265.13,4123.59,4328.21,4625.64,4065.64,4602.05,4189.74,4219.49,4178.97,4273.85,4588.21,4334.87,0
4280,4007.69,4263.08,4125.64,4332.82,4630.77,4071.79,4612.82,4199.49,4225.13,4185.64,4276.41,4584.62,4339.49,0
4283.08,4012.82,4262.56,4127.18,4336.92,4633.33,4074.87,4613.85,4194.87,4232.31,4192.82,4274.36,4588.21,4342.56,0
4284.1,4009.74,4263.08,4125.64,4333.33,4626.15,4069.23,4603.08,4190.77,4230.26,4189.23,4272.31,4592.82,4337.95,0
4281.54,4006.15,4260.51,4128.21,4331.79,4623.08,4068.21,4600.51,4193.33,4224.62,4184.1,4271.79,4587.69,4331.79,0
4275.9,4007.18,4254.36,4128.72,4331.28,4624.62,4069.23,4602.05,4182.56,4220.51,4180,4268.21,4581.03,4325.64,0
4265.64,4004.1,4246.67,4122.56,4326.67,4618.46,4059.49,4588.72,4166.15,4212.82,4174.87,4257.95,4577.95,4317.44,0
4264.1,4002.05,4244.62,4122.56,4325.64,4613.33,4051.28,4575.38,4160,4206.15,4169.74,4253.33,4573.33,4316.41,0
4275.9,4008.21,4255.38,4126.15,4327.69,4613.85,4053.33,4576.92,4164.62,4209.23,4172.82,4258.97,4573.85,4329.23,0
4282.05,4010.77,4265.13,4125.64,4323.08,4615.38,4057.95,4586.67,4172.31,4212.82,4177.95,4266.67,4579.49,4338.46,0
4279.49,4003.59,4255.9,4121.03,4315.38,4615.38,4060.51,4593.85,4176.41,4210.26,4175.9,4265.64,4579.49,4332.31,0
4278.97,4004.1,4249.74,4121.54,4320,4614.87,4066.15,4592.31,4176.92,4210.77,4174.36,4264.62,4580.51,4331.28,0
4285.64,4015.38,4263.08,4133.85,4327.18,4615.9,4071.79,4594.87,4185.13,4220.51,4182.05,4272.82,4586.67,4343.59,0
4292.82,4022.05,4271.28,4141.03,4325.64,4616.41,4071.79,4603.59,4191.79,4228.72,4189.23,4278.97,4594.87,4352.82,0
4292.31,4016.92,4264.62,4131.28,4321.03,4616.41,4069.74,4603.59,4181.03,4223.08,4188.21,4277.95,4595.9,4346.67,0
4286.67,4006.67,4261.54,4119.49,4318.97,4616.92,4069.74,4594.87,4172.31,4216.41,4184.1,4271.79,4587.18,4337.95,0
4277.95,4006.67,4262.56,4121.54,4322.56,4615.9,4069.23,4593.33,4177.95,4215.38,4183.59,4268.21,4580.51,4336.41,0
4277.95,4014.36,4262.56,4125.64,4328.21,4615.9,4065.13,4592.31,4178.46,4217.95,4182.05,4270.26,4587.18,4340.51,0
4281.03,4015.9,4263.08,4130.26,4330.26,4622.05,4064.1,4591.79,4177.95,4217.44,4180.51,4267.69,4588.72,4338.46,0
4278.97,4013.85,4262.05,4133.85,4330.77,4624.1,4068.21,4594.87,4177.95,4212.31,4178.46,4262.05,4579.49,4328.72,0
4279.49,4016.92,4262.05,4130.77,4331.79,4618.97,4069.23,4592.31,4174.36,4213.33,4176.92,4265.64,4583.59,4328.72,0
4287.18,4019.49,4263.08,4128.72,4327.18,4618.46,4066.67,4590.77,4182.05,4217.95,4180,4271.79,4591.79,4337.95,0
4290.26,4015.38,4264.1,4133.85,4322.56,4618.97,4065.13,4596.41,4188.21,4214.36,4182.56,4268.21,4587.18,4339.49,0
4289.74,4013.85,4264.1,4137.44,4325.64,4615.9,4065.13,4594.36,4177.95,4208.21,4179.49,4268.72,4582.05,4338.46,0
4291.79,4017.44,4265.13,4134.87,4328.21,4616.92,4063.08,4589.23,4175.38,4217.44,4178.97,4272.82,4588.72,4342.56,0
4288.21,4017.95,4264.62,4133.85,4327.18,4617.95,4064.62,4596.92,4188.72,4224.62,4185.64,4271.28,4592.82,4346.67,0
4289.23,4019.49,4263.59,4136.41,4331.28,4618.97,4067.69,4600.51,4191.28,4224.1,4194.87,4273.85,4594.87,4350.77,0
4297.95,4023.08,4265.13,4135.38,4335.9,4622.56,4067.69,4598.46,4188.72,4231.28,4198.46,4283.59,4602.05,4356.41,0
4292.82,4017.95,4260,4126.67,4330.77,4621.54,4067.18,4602.56,4194.87,4233.33,4196.92,4283.59,4600.51,4350.26,0
4284.1,4011.28,4253.33,4120,4326.67,4616.41,4069.23,4601.03,4186.15,4223.08,4194.36,4275.38,4593.33,4340.51,0
4289.23,4015.9,4254.87,4122.56,4329.74,4617.44,4070.77,4591.28,4172.31,4216.92,4192.31,4276.92,4594.87,4345.13,0
4294.87,4019.49,4262.05,4126.15,4331.28,4620.51,4069.74,4588.21,4172.31,4218.97,4190.26,4279.49,4595.9,4346.67,0
4291.28,4016.41,4262.56,4123.08,4329.74,4619.49,4067.18,4591.79,4175.9,4214.36,4189.23,4273.33,4591.28,4339.49,0
4287.18,4012.31,4255.9,4115.9,4329.23,4616.41,4063.08,4591.79,4173.85,4206.67,4186.67,4267.69,4587.69,4338.97,0
4280,4009.74,4248.21,4114.87,4327.69,4612.31,4059.49,4588.72,4172.31,4208.72,4182.05,4263.08,4583.08,4333.85,0
4275.38,4010.77,4243.59,4119.49,4326.67,4612.31,4060,4588.21,4173.33,4210.77,4179.49,4260.51,4580.51,4325.13,0
4284.1,4017.44,4250.26,4122.56,4330.77,4616.92,4064.62,4591.79,4178.97,4210.26,4184.1,4264.1,4586.15,4340,0
4293.33,4023.08,4261.54,4122.56,4335.9,4620,4069.74,4598.46,4186.67,4217.44,4193.33,4273.85,4595.38,4354.36,0
4296.92,4025.13,4268.21,4124.62,4336.41,4620.51,4071.79,4602.05,4188.21,4228.72,4194.36,4281.03,4595.38,4342.56,0
4295.38,4022.56,4267.18,4126.15,4334.36,4624.62,4073.85,4603.59,4188.72,4230.77,4189.74,4278.46,4587.18,4335.38,0
4292.82,4017.44,4265.13,4121.54,4333.33,4630.26,4077.44,4608.72,4195.38,4232.82,4195.9,4276.92,4591.28,4344.62,0
4293.85,4009.23,4265.64,4117.44,4332.31,4631.79,4076.92,4608.72,4195.38,4236.41,4200.51,4279.49,4606.67,4347.69,0
4294.36,4002.56,4265.64,4115.38,4330.26,4629.23,4072.31,4604.1,4192.82,4232.31,4200,4280.51,4617.95,4354.36,0
4290.77,4001.54,4263.59,4112.82,4329.74,4626.15,4070.77,4607.69,4200,4230.77,4207.18,4282.05,4625.13,4363.59,0
4286.67,3994.87,4259.49,4107.69,4330.26,4629.23,4074.87,4614.87,4204.1,4238.46,4207.69,4281.03,4626.15,4355.38,0
4286.67,3983.59,4258.46,4102.56,4329.23,4627.69,4074.36,4607.69,4194.87,4238.97,4196.92,4273.85,4617.95,4348.21,0
4291.79,3990.26,4262.56,4109.74,4330.77,4621.03,4065.13,4594.87,4185.13,4233.85,4197.95,4275.38,4618.97,4360.51,0
4297.44,4001.54,4265.13,4117.95,4332.31,4622.56,4060.51,4593.33,4190.26,4237.44,4208.72,4284.1,4628.72,4363.59,0
4295.9,3996.41,4263.59,4110.77,4326.67,4624.62,4062.56,4599.49,4198.97,4246.15,4207.69,4283.08,4625.13,4355.38,0
4294.36,3993.33,4263.59,4108.21,4322.56,4620,4066.15,4605.13,4197.44,4245.13,4206.67,4283.59,4621.54,4360,0
4298.97,4002.56,4264.1,4118.46,4325.64,4621.54,4073.33,4609.74,4199.49,4244.1,4213.85,4290.26,4630.77,4366.67,0
4301.03,4003.59,4264.62,4117.44,4328.21,4629.74,4077.95,4613.85,4204.62,4248.72,4215.38,4287.18,4632.82,4358.97,0
4292.31,3992.82,4263.08,4105.64,4326.15,4626.15,4073.85,4612.82,4200,4248.72,4211.28,4280,4623.59,4351.79,0
4280,3986.15,4253.33,4103.08,4323.08,4617.44,4070.77,4609.74,4193.33,4239.49,4208.21,4278.97,4618.97,4354.36,0
4278.97,3991.79,4249.23,4105.64,4323.08,4620,4071.79,4607.69,4193.33,4232.82,4208.72,4280.51,4623.59,4353.85,0
4285.64,3997.95,4258.97,4106.67,4323.59,4625.64,4075.38,4612.31,4196.92,4236.92,4210.26,4280.51,4626.67,4352.31,0
4286.67,3993.33,4266.15,4108.21,4320.51,4624.62,4074.87,4615.38,4198.46,4242.56,4210.26,4283.59,4624.62,4358.46,0
4285.13,3988.72,4262.05,4109.23,4319.49,4622.56,4071.28,4609.74,4197.44,4242.56,4208.72,4287.18,4623.08,4360,0
4287.18,3994.36,4260,4111.28,4322.56,4622.56,4070.26,4605.64,4198.46,4240,4206.67,4287.18,4623.59,4349.23,0
4284.1,3993.85,4262.56,4111.79,4322.05,4618.46,4069.23,4605.64,4196.41,4239.49,4207.18,4282.56,4623.08,4343.08,0
4284.1,3988.72,4263.08,4109.74,4321.54,4618.46,4067.18,4606.67,4194.87,4237.95,4208.21,4277.44,4621.54,4351.28,0
4293.33,3993.85,4262.56,4111.79,4329.23,4627.18,4070.26,4611.79,4202.56,4237.44,4208.21,4282.05,4622.56,4357.95,0
4297.95,4004.1,4264.1,4119.49,4333.85,4632.82,4077.44,4615.9,4205.13,4241.54,4209.74,4290.77,4627.69,4358.46,0
4292.31,4002.56,4262.05,4118.97,4328.72,4631.79,4077.44,4611.79,4196.92,4240.51,4211.28,4286.15,4629.23,4358.97,0
4290.77,3994.87,4253.85,4112.82,4327.18,4627.69,4075.38,4603.08,4195.9,4234.87,4206.67,4275.38,4624.62,4352.31,0
4292.82,3994.87,4252.31,4113.33,4331.79,4626.15,4076.92,4599.49,4200.51,4235.9,4205.13,4274.87,4621.54,4345.64,0
4289.74,3997.44,4260.51,4114.87,4333.85,4627.18,4073.85,4606.67,4200.51,4241.03,4211.79,4282.05,4624.1,4351.79,0
4287.69,3996.41,4262.56,4111.79,4327.18,4627.18,4072.82,4616.92,4204.1,4240,4213.85,4287.18,4626.67,4358.97,0
4290.26,3994.87,4260,4106.67,4324.1,4626.67,4078.97,4616.41,4208.72,4241.03,4210.77,4286.67,4626.15,4356.92,0
4292.82,3997.95,4263.08,4109.74,4328.21,4627.69,4082.05,4611.79,4206.15,4249.23,4213.33,4283.08,4627.18,4355.9,0
4293.33,4001.54,4264.62,4116.92,4329.23,4628.72,4078.46,4610.77,4198.97,4249.23,4212.82,4279.49,4626.67,4357.44,0
4293.85,4001.54,4264.1,4119.49,4329.23,4628.21,4079.49,4609.23,4201.03,4244.1,4208.21,4282.56,4623.59,4355.9,0
4293.33,4002.56,4266.67,4117.95,4332.31,4630.77,4085.13,4611.28,4209.23,4245.64,4209.23,4288.21,4624.1,4353.85,0
4291.79,4002.05,4266.15,4120,4331.28,4629.74,4084.1,4614.87,4202.05,4242.05,4210.26,4287.69,4626.67,4352.31,0
4289.23,3998.46,4264.1,4122.05,4329.23,4624.1,4076.41,4612.82,4196.92,4234.87,4208.21,4284.1,4624.1,4351.28,0
4285.64,3995.9,4263.59,4122.05,4332.82,4623.59,4073.33,4610.77,4205.64,4238.46,4209.74,4281.03,4617.95,4349.23,0
4284.1,3997.44,4261.54,4119.49,4332.31,4626.15,4072.31,4609.74,4202.05,4242.56,4208.21,4276.92,4617.95,4348.72,0
4285.64,3994.36,4261.54,4112.82,4329.23,4625.13,4068.21,4606.67,4191.28,4234.87,4204.62,4275.38,4619.49,4348.21,0
4287.18,3988.21,4260,4107.69,4327.69,4623.08,4064.1,4601.54,4190.77,4226.15,4203.59,4277.44,4613.33,4346.15,0
4286.15,3988.72,4255.9,4107.18,4326.15,4619.49,4061.03,4600,4194.87,4230.77,4204.62,4278.46,4612.82,4349.74,0
4287.18,3991.79,4257.95,4109.74,4327.69,4618.97,4062.05,4604.62,4199.49,4238.46,4205.64,4282.05,4622.05,4356.41,0
4289.74,3994.87,4266.67,4117.44,4329.74,4624.62,4069.23,4608.21,4203.08,4238.97,4207.69,4286.67,4624.1,4355.9,0
4293.85,3995.38,4268.21,4120,4326.15,4624.62,4067.69,4605.13,4200,4236.41,4207.18,4287.18,4620.51,4354.36,0
4293.33,3991.28,4261.54,4113.85,4320.51,4617.95,4061.54,4605.64,4193.33,4230.77,4203.59,4285.13,4616.41,4352.82,0
4287.69,3990.77,4260.51,4106.67,4318.46,4618.97,4065.64,4608.72,4191.28,4226.67,4201.03,4282.56,4610.77,4350.26,0
4287.18,3993.33,4268.21,4107.18,4317.95,4619.49,4066.67,4607.69,4195.9,4228.72,4201.03,4284.1,4614.36,4353.85,0
4293.33,3992.31,4270.77,4112.31,4321.03,4613.85,4056.92,4605.13,4197.95,4231.79,4201.54,4286.67,4618.97,4353.85,0
4289.23,3989.23,4264.1,4112.31,4325.64,4617.95,4056.92,4605.13,4193.33,4228.72,4198.46,4283.08,4610.26,4346.15,0
4278.46,3990.26,4262.05,4109.23,4328.21,4624.62,4065.64,4609.74,4195.9,4229.23,4194.87,4275.9,4605.64,4340.51,0
4279.49,3992.31,4257.44,4110.77,4327.69,4619.49,4061.03,4608.21,4201.03,4234.87,4195.38,4270.26,4611.28,4332.82,0
4277.44,3986.67,4247.69,4110.77,4324.1,4616.92,4052.31,4603.08,4195.38,4231.28,4193.85,4267.69,4608.72,4329.74,0
4273.85,3984.1,4247.69,4106.67,4327.18,4622.05,4056.92,4606.67,4197.44,4228.21,4195.9,4273.85,4608.72,4342.05,0
4280,3987.69,4252.31,4109.23,4329.23,4623.08,4060,4609.74,4200,4232.31,4203.08,4283.08,4619.49,4350.77,0
4279.49,3984.62,4252.31,4109.23,4321.03,4620.51,4058.46,4607.69,4194.36,4231.28,4205.13,4282.05,4618.97,4352.31,0
4275.38,3983.59,4258.46,4104.62,4318.46,4621.03,4060,4610.77,4199.49,4231.79,4205.13,4281.03,4615.9,4358.97,0
4284.1,3990.26,4267.18,4112.82,4326.67,4623.59,4060.51,4612.82,4204.62,4242.05,4208.72,4289.74,4624.62,4362.05,0
4286.67,3991.28,4262.05,4119.49,4326.15,4625.13,4058.46,4609.23,4201.54,4247.69,4211.79,4288.72,4629.23,4352.82,0
4274.36,3986.15,4250.77,4110.77,4319.49,4623.08,4059.49,4612.31,4206.67,4242.05,4207.69,4274.87,4622.05,4344.1,0
4271.79,3985.64,4247.69,4105.64,4320,4616.92,4058.97,4613.85,4204.62,4235.9,4198.97,4269.23,4616.41,4341.54,0
4278.46,3986.15,4249.23,4108.21,4321.03,4615.38,4053.33,4603.08,4186.67,4226.15,4197.95,4270.77,4610.77,4343.08,0
4280,3988.21,4247.69,4110.26,4319.49,4616.41,4050.77,4598.97,4187.18,4218.46,4198.97,4271.28,4609.23,4347.69,0
4282.56,3993.85,4249.74,4115.38,4319.49,4614.87,4052.82,4606.15,4196.41,4225.64,4196.41,4273.85,4616.92,4353.33,0
4285.13,3993.33,4254.36,4120.51,4322.56,4616.41,4055.38,4609.74,4193.85,4233.85,4200.51,4273.85,4619.49,4351.79,0
4277.95,3984.62,4251.28,4112.82,4322.56,4618.46,4058.46,4609.23,4194.87,4229.23,4202.56,4269.74,4609.23,4339.49,0
4266.67,3975.9,4244.62,4105.64,4317.95,4618.46,4057.95,4609.74,4196.41,4226.15,4193.33,4268.21,4601.54,4330.77,0
4264.62,3976.41,4243.08,4108.21,4317.95,4616.41,4053.33,4606.67,4195.38,4228.72,4190.26,4267.69,4603.59,4332.31,0
4271.28,3983.08,4244.1,4109.23,4321.54,4615.9,4052.31,4600.51,4192.82,4228.72,4197.44,4267.18,4611.28,4340,0
4277.44,3988.72,4245.64,4112.31,4324.1,4617.44,4055.38,4602.05,4190.77,4230.26,4202.56,4269.23,4615.9,4348.21,0
4283.59,3991.28,4251.79,4121.03,4324.1,4621.03,4058.46,4613.33,4201.54,4234.87,4203.08,4272.82,4615.38,4352.31,0
4285.13,3992.31,4253.85,4124.1,4325.13,4624.62,4061.54,4619.49,4211.79,4237.44,4200,4275.9,4614.87,4350.77,0
4275.9,3989.23,4248.72,4115.9,4323.59,4626.67,4061.54,4614.36,4202.56,4234.87,4194.87,4270.77,4611.79,4342.05,0
4269.23,3985.64,4245.13,4109.23,4320,4625.64,4058.97,4610.77,4196.41,4230.26,4195.9,4265.13,4606.15,4339.49,0
4273.85,3986.15,4243.59,4113.85,4323.08,4620,4057.44,4611.28,4204.1,4229.74,4201.03,4273.85,4608.21,4349.74,0
4280.51,3988.21,4249.74,4120.51,4328.21,4619.49,4056.41,4610.77,4202.56,4237.95,4206.67,4287.18,4617.44,4357.44,0
4284.62,3990.77,4260,4124.62,4325.13,4624.1,4060,4612.31,4198.97,4244.1,4212.82,4287.69,4620.51,4355.9,0
4287.69,3991.79,4258.97,4123.59,4318.97,4622.56,4059.49,4613.33,4199.49,4238.46,4208.72,4276.92,4612.31,4349.74,0
4283.08,3989.74,4246.67,4120.51,4317.44,4615.38,4054.87,4609.74,4194.87,4231.28,4196.41,4267.18,4605.13,4343.59,0
4277.44,3988.21,4244.1,4122.05,4317.44,4615.38,4053.85,4613.33,4203.59,4234.87,4196.92,4269.74,4606.15,4347.18,0
4283.08,3987.18,4249.74,4124.1,4319.49,4617.95,4052.31,4617.44,4210.77,4240.51,4207.69,4279.49,4612.82,4353.85,0
4285.13,3986.15,4250.26,4121.54,4321.54,4616.41,4046.67,4606.67,4193.33,4232.31,4203.59,4278.97,4614.87,4351.79,0
4282.56,3987.69,4249.74,4120,4318.46,4616.41,4048.72,4596.92,4181.54,4217.95,4192.82,4271.28,4608.72,4350.26,0
4284.62,3990.26,4252.31,4122.56,4321.03,4617.95,4055.9,4604.1,4194.87,4221.03,4196.92,4271.79,4605.64,4347.18,0
4285.64,3991.28,4253.85,4124.62,4326.15,4617.95,4050.26,4607.18,4197.95,4231.28,4198.97,4275.9,4608.21,4342.05,0
4281.54,3990.26,4251.28,4123.08,4324.1,4616.92,4039.49,4594.36,4182.05,4227.69,4194.36,4272.31,4606.67,4349.74,0
4276.92,3988.21,4247.69,4121.54,4319.49,4616.41,4038.97,4590.77,4177.44,4218.97,4191.79,4264.1,4602.56,4349.23,0
4277.44,3986.67,4248.21,4121.03,4316.92,4615.38,4043.59,4599.49,4187.18,4218.46,4189.23,4265.13,4603.08,4334.36,0
4281.03,3989.23,4253.33,4124.1,4318.46,4614.36,4047.18,4604.1,4197.44,4226.15,4191.79,4272.82,4603.59,4338.97,0
4282.05,3989.23,4255.38,4125.64,4322.05,4614.87,4049.74,4604.1,4195.9,4229.74,4198.46,4274.87,4602.56,4352.82,0
4277.95,3983.59,4250.77,4123.08,4319.49,4616.92,4053.33,4604.62,4191.28,4225.13,4195.9,4268.72,4602.05,4344.1,0
4274.36,3983.59,4245.13,4121.54,4314.87,4621.54,4058.46,4610.26,4194.87,4221.54,4188.21,4265.13,4597.95,4329.23,0
4272.31,3985.64,4243.59,4122.05,4317.95,4620.51,4059.49,4613.33,4194.87,4221.54,4187.18,4266.15,4591.79,4329.23,0
4265.64,3981.03,4242.56,4121.03,4318.97,4613.85,4055.9,4603.08,4181.03,4213.33,4185.64,4265.13,4589.23,4331.28,0
4262.56,3975.38,4243.59,4121.03,4315.9,4612.82,4054.87,4592.31,4175.9,4204.62,4183.59,4264.1,4589.74,4330.77,0
4271.79,3978.97,4248.72,4122.05,4317.44,4616.92,4055.38,4600,4188.72,4215.38,4193.33,4273.85,4595.9,4338.46,0
4278.97,3981.03,4250.77,4122.05,4321.03,4615.38,4053.33,4607.69,4194.87,4229.74,4202.05,4282.56,4604.62,4346.15,0
4271.79,3975.9,4248.21,4122.05,4321.03,4615.38,4055.9,4604.62,4188.72,4227.69,4196.41,4276.92,4600.51,4336.41,0
4267.18,3976.41,4244.1,4121.03,4320.51,4618.46,4059.49,4601.54,4187.18,4221.03,4192.82,4269.23,4596.41,4329.74,0
4277.95,3986.15,4244.1,4121.03,4322.05,4616.41,4058.46,4605.64,4197.95,4229.74,4204.62,4275.9,4607.69,4349.74,0
4287.18,3994.87,4248.21,4122.05,4323.59,4614.87,4056.41,4612.82,4209.23,4244.62,4215.38,4287.18,4618.46,4363.59,0
4283.59,3989.74,4249.23,4116.92,4319.49,4616.92,4056.41,4615.38,4208.72,4245.64,4209.74,4283.59,4610.77,4349.23,0
4273.33,3978.46,4241.03,4105.13,4311.28,4615.38,4056.92,4615.9,4200.51,4234.87,4200.51,4270.77,4598.46,4336.41,0
4266.67,3973.85,4230.77,4095.38,4310.26,4613.85,4057.95,4613.33,4195.38,4229.74,4199.49,4267.69,4596.41,4335.9,0
4269.23,3975.38,4228.72,4091.28,4317.44,4615.38,4058.46,4607.18,4193.33,4229.23,4198.97,4271.79,4597.44,4336.41,0
4270.26,3976.41,4232.31,4091.79,4320.51,4616.41,4061.03,4608.21,4192.82,4224.62,4194.87,4269.74,4593.85,4338.97,0
4268.72,3980,4232.82,4098.97,4321.54,4617.95,4061.54,4611.79,4191.28,4222.05,4192.82,4266.67,4593.33,4338.46,0
4275.9,3989.23,4230.26,4105.64,4326.15,4616.92,4052.31,4600.51,4182.56,4227.69,4196.92,4266.67,4601.54,4335.38,0
4284.1,3992.82,4235.9,4109.74,4329.74,4613.85,4044.62,4590.77,4184.62,4235.9,4205.64,4270.77,4612.82,4349.74,0
4288.72,3993.85,4245.13,4116.41,4333.33,4618.97,4056.41,4604.1,4202.05,4242.56,4214.36,4281.54,4621.03,4363.59,0
4294.36,4000,4250.26,4122.56,4338.46,4627.69,4071.79,4620.51,4212.31,4250.26,4222.56,4288.72,4626.67,4362.56,0
4297.95,4009.23,4254.87,4126.15,4338.97,4628.72,4066.67,4620.51,4209.23,4253.85,4225.64,4286.67,4630.77,4363.08,0
4297.44,4009.74,4255.38,4126.15,4332.31,4622.56,4055.38,4618.46,4208.72,4245.64,4219.49,4284.62,4628.72,4364.62,0
4294.87,4003.59,4248.21,4121.03,4328.72,4620.51,4054.87,4620,4207.18,4241.03,4215.9,4283.59,4623.08,4362.56,0
4292.82,4001.03,4246.15,4116.92,4332.31,4622.05,4055.9,4615.38,4200,4245.13,4219.49,4282.05,4626.67,4365.64,0
4296.41,4003.59,4251.28,4118.97,4333.85,4620,4052.82,4610.26,4198.97,4240,4220.51,4285.13,4631.28,4365.64,0
4300,4006.67,4256.41,4124.1,4329.74,4618.46,4053.33,4612.82,4202.05,4236.92,4216.41,4286.67,4623.59,4360,0
4298.97,4002.05,4259.49,4120.51,4327.69,4618.46,4055.38,4611.79,4201.54,4244.1,4212.82,4285.64,4615.38,4359.49,0
4296.92,3996.41,4256.92,4108.72,4331.28,4619.49,4054.36,4603.08,4192.82,4243.08,4211.28,4283.59,4616.92,4362.05,0
4295.38,3998.97,4249.23,4108.72,4331.28,4620.51,4060,4603.59,4188.21,4234.87,4210.26,4278.46,4618.97,4357.44,0
4292.82,4005.13,4248.21,4120,4330.26,4620,4063.59,4610.77,4195.9,4233.85,4209.74,4275.9,4613.85,4352.31,0
4292.82,4007.18,4255.38,4123.59,4333.85,4620,4061.54,4613.33,4207.69,4236.92,4206.67,4280.51,4603.08,4351.79,0
4295.38,4000,4261.54,4116.41,4333.85,4622.05,4065.13,4617.44,4211.28,4241.03,4209.23,4288.72,4602.56,4359.49,0
4297.95,3992.31,4255.9,4113.33,4329.74,4625.64,4069.23,4619.49,4203.08,4243.08,4218.46,4289.23,4617.44,4368.21,0
4296.41,3992.31,4246.67,4110.26,4327.69,4627.69,4066.15,4618.46,4207.69,4240.51,4221.54,4279.49,4626.67,4364.62,0
4296.41,3994.87,4247.69,4104.62,4330.26,4628.21,4063.08,4619.49,4216.41,4244.1,4218.97,4276.41,4629.23,4363.08,0
4297.44,3995.38,4251.79,4109.23,4333.85,4628.21,4062.05,4616.41,4208.21,4247.69,4220.51,4280.51,4633.85,4368.21,0
4293.33,3996.41,4247.69,4116.92,4333.33,4629.74,4063.08,4612.31,4200,4244.1,4225.64,4281.54,4635.9,4369.74,0
4294.36,4001.03,4247.69,4119.49,4334.87,4630.26,4066.15,4615.38,4208.21,4248.72,4226.67,4282.56,4637.44,4369.74,0
4303.08,4006.67,4256.41,4119.49,4336.41,4627.18,4065.64,4615.9,4209.23,4251.28,4224.1,4284.62,4637.44,4368.72,0
4301.54,4006.67,4257.44,4121.54,4334.36,4628.21,4065.64,4613.33,4200,4243.08,4219.49,4281.54,4628.21,4366.67,0
4292.31,3995.38,4250.26,4121.54,4334.87,4633.33,4070.77,4620.51,4206.67,4243.59,4217.44,4280,4625.13,4365.64,0
4290.77,3988.72,4247.69,4118.97,4336.92,4632.82,4072.82,4629.74,4215.9,4251.79,4222.56,4281.54,4631.79,4365.13,0
4293.85,3994.36,4250.26,4115.9,4333.85,4631.79,4071.28,4630.26,4208.72,4247.69,4224.62,4282.05,4629.74,4367.69,0
4293.85,3995.9,4251.79,4113.33,4330.26,4632.82,4070.26,4624.62,4203.08,4237.95,4215.9,4284.1,4620.51,4367.69,0
4291.28,3988.72,4250.26,4110.77,4328.21,4629.74,4071.28,4625.13,4213.85,4237.95,4209.74,4283.08,4616.41,4357.95,0
4290.26,3983.59,4249.74,4106.15,4327.18,4626.15,4073.33,4631.79,4220.51,4242.05,4214.87,4284.62,4618.46,4354.36,0
4293.85,3986.67,4255.9,4108.72,4330.77,4627.18,4075.38,4626.67,4207.18,4244.1,4225.13,4292.82,4628.21,4366.67,0
4298.97,3993.33,4260.51,4115.9,4337.44,4629.23,4074.36,4612.82,4196.92,4247.69,4226.67,4292.82,4635.9,4374.36,0
4298.46,3994.87,4257.95,4115.9,4337.44,4629.74,4071.79,4612.82,4205.64,4250.77,4222.05,4286.15,4633.33,4370.77,0
4293.85,3987.69,4257.95,4111.28,4331.79,4628.72,4071.28,4623.59,4211.79,4249.23,4220.51,4283.08,4625.13,4365.64,0
4293.33,3980,4262.05,4107.69,4327.69,4627.18,4072.31,4626.15,4208.21,4245.13,4221.03,4284.1,4621.54,4365.64,0
4292.82,3983.08,4262.05,4111.79,4328.21,4625.64,4072.31,4625.13,4208.21,4242.56,4221.54,4288.21,4621.54,4368.21,0
4292.82,3992.31,4262.05,4121.54,4332.82,4626.67,4071.79,4626.67,4210.26,4243.59,4222.05,4291.79,4622.56,4367.69,0
4295.9,3993.85,4263.59,4120,4332.82,4630.77,4069.23,4623.08,4210.77,4246.15,4221.03,4291.79,4621.03,4366.67,0
4292.31,3986.15,4259.49,4106.15,4327.18,4627.69,4066.67,4619.49,4211.28,4243.59,4212.82,4286.67,4613.33,4364.62,0
4284.62,3985.64,4256.92,4106.67,4328.21,4618.97,4064.62,4615.9,4203.59,4236.92,4206.15,4282.56,4607.18,4362.56,0
4289.23,3997.44,4262.56,4120.51,4334.87,4622.05,4065.13,4610.77,4193.85,4235.9,4210.26,4283.59,4611.28,4363.59,0
4296.92,4002.56,4262.05,4125.64,4337.95,4631.79,4067.69,4610.26,4195.9,4240.51,4216.92,4285.64,4620,4367.69,0
4293.85,3996.92,4250.26,4118.46,4333.85,4631.28,4066.67,4614.87,4207.18,4244.1,4221.54,4286.67,4624.62,4369.74,0
4289.74,3993.33,4246.15,4111.79,4327.69,4623.08,4065.64,4616.92,4212.31,4245.13,4225.13,4289.23,4627.69,4370.77,0
4288.72,3993.85,4257.95,4114.36,4327.18,4620.51,4066.15,4621.03,4209.74,4249.23,4226.67,4289.74,4630.26,4371.79,0
4291.28,3992.82,4266.67,4121.54,4331.79,4624.1,4065.13,4625.64,4208.21,4251.79,4225.13,4290.26,4627.18,4372.31,0
4290.77,3988.21,4262.05,4120,4329.23,4626.15,4064.1,4625.64,4214.87,4247.18,4221.54,4290.26,4621.54,4367.18,0
4287.69,3982.05,4258.97,4110.26,4323.08,4622.05,4065.13,4625.13,4220.51,4245.64,4217.95,4287.18,4618.97,4360.51,0
4291.28,3983.59,4262.56,4111.28,4322.56,4621.03,4063.59,4624.62,4209.74,4246.15,4216.41,4287.18,4618.46,4366.15,0
4298.97,3990.26,4265.64,4121.03,4323.08,4626.67,4064.62,4624.1,4203.59,4242.05,4220,4291.28,4621.54,4373.85,0
4297.44,3991.28,4265.13,4122.56,4323.59,4627.18,4067.69,4623.59,4207.69,4241.03,4223.08,4291.28,4622.56,4369.23,0
4292.31,3985.13,4264.1,4117.95,4326.15,4618.46,4062.05,4616.41,4200.51,4241.54,4218.46,4289.23,4616.41,4363.08,0
4294.36,3984.62,4263.59,4117.44,4326.67,4617.95,4057.95,4611.28,4193.33,4237.44,4215.38,4292.82,4614.87,4367.69,0
4294.87,3989.23,4265.13,4120,4328.72,4624.1,4061.54,4614.36,4202.56,4242.56,4221.03,4294.36,4622.05,4374.36,0
4292.31,3991.28,4263.08,4122.05,4330.26,4623.08,4059.49,4621.03,4213.33,4250.77,4221.54,4287.69,4624.1,4371.79,0
4290.77,3990.77,4254.36,4124.62,4326.15,4616.41,4053.85,4624.62,4210.77,4243.08,4213.85,4277.44,4617.95,4358.46,0
4285.13,3989.74,4247.69,4120,4322.05,4617.95,4057.44,4621.54,4206.15,4233.33,4210.26,4274.87,4611.28,4349.74,0
4277.95,3985.13,4246.67,4112.31,4320,4622.05,4058.46,4617.44,4202.56,4234.36,4210.26,4278.46,4607.69,4353.85,0
4277.44,3980,4246.15,4112.82,4316.92,4617.95,4053.33,4616.92,4198.97,4230.26,4208.72,4278.46,4613.33,4358.97,0
4287.69,3988.21,4249.23,4121.03,4321.03,4616.92,4047.69,4615.38,4200,4233.33,4212.31,4281.03,4620.51,4360,0
4289.74,3994.87,4250.26,4123.59,4323.59,4618.46,4048.21,4611.28,4194.36,4237.44,4207.69,4279.49,4611.28,4354.87,0
4279.49,3988.21,4247.18,4119.49,4320,4617.44,4054.87,4608.72,4180.51,4220.51,4193.33,4269.74,4593.85,4348.72,0
4283.59,3989.23,4252.82,4122.05,4321.54,4616.41,4056.41,4605.13,4183.08,4213.33,4198.46,4274.36,4598.97,4357.44,0
4297.44,3996.41,4265.13,4129.23,4325.64,4615.38,4052.31,4606.15,4205.13,4234.36,4218.97,4289.74,4617.95,4367.18,0
4295.9,3990.77,4262.56,4128.72,4323.59,4616.41,4053.33,4617.95,4213.85,4245.13,4223.59,4291.28,4620,4360.51,0
4283.08,3985.13,4250.77,4121.54,4321.54,4618.97,4053.33,4622.56,4204.62,4236.41,4212.31,4280.51,4609.23,4349.74,0
4277.44,3984.1,4246.15,4120,4320.51,4619.49,4046.67,4616.92,4203.08,4231.79,4200.51,4269.74,4602.05,4346.67,0
4278.97,3982.56,4241.03,4121.54,4314.87,4615.9,4040,4607.18,4196.92,4221.03,4192.31,4259.49,4597.44,4346.67,0
4283.08,3987.18,4236.92,4117.95,4311.28,4612.31,4042.05,4598.46,4179.49,4206.15,4188.21,4257.95,4597.44,4352.82,0
4300,4000.51,4247.69,4125.64,4316.41,4613.33,4051.28,4594.87,4175.9,4207.18,4194.36,4271.79,4607.69,4374.87,0
4322.05,4012.31,4264.62,4138.97,4320,4618.46,4056.41,4602.56,4191.28,4218.46,4207.18,4289.23,4620.51,4391.28,0
4334.87,4021.54,4268.21,4140.51,4317.44,4618.97,4052.31,4609.74,4194.36,4223.59,4215.38,4295.38,4625.64,4392.31,0
4339.49,4025.64,4266.15,4136.92,4317.44,4614.36,4048.72,4606.67,4187.18,4222.56,4213.85,4290.77,4624.1,4397.95,0
4347.69,4028.21,4269.74,4140,4323.59,4616.41,4050.26,4605.13,4190.26,4225.64,4213.33,4289.23,4626.15,4404.1,0
4350.26,4035.9,4271.28,4147.18,4329.74,4622.05,4051.28,4612.31,4198.97,4232.31,4218.97,4292.82,4632.82,4402.56,0
4343.08,4040.51,4267.69,4148.21,4330.26,4624.1,4052.31,4617.95,4209.74,4241.03,4223.59,4294.36,4639.49,4403.08,0
4337.95,4033.33,4264.1,4143.59,4328.72,4629.74,4059.49,4625.13,4225.64,4247.69,4224.62,4292.31,4641.54,4402.56,0
4335.38,4024.1,4263.59,4138.46,4330.26,4635.9,4069.23,4635.38,4230.77,4245.13,4222.05,4290.26,4638.97,4395.38,0
4331.28,4020,4264.1,4136.41,4329.74,4635.38,4068.72,4628.72,4210.77,4240.51,4217.44,4287.69,4637.95,4392.31,0
4329.74,4018.46,4263.59,4136.92,4326.15,4631.28,4057.95,4610.77,4194.87,4240.51,4215.38,4290.26,4636.41,4396.41,0
4330.26,4020.51,4263.59,4134.87,4326.67,4623.08,4050.77,4604.62,4200.51,4239.49,4220,4294.36,4637.95,4395.38,0
4331.79,4025.64,4265.13,4135.38,4325.64,4617.95,4052.82,4606.67,4208.21,4237.44,4227.18,4296.92,4648.21,4389.74,0
4330.26,4025.13,4265.13,4140,4318.46,4623.08,4057.95,4612.82,4207.69,4241.03,4228.72,4294.87,4653.85,4386.15,0
4318.97,4015.9,4260,4139.49,4315.9,4626.67,4060.51,4621.03,4207.18,4240.51,4220,4287.18,4637.95,4383.08,0
4306.15,4008.21,4258.46,4128.21,4318.46,4623.59,4062.05,4622.05,4207.69,4237.44,4211.79,4286.15,4623.08,4382.05,0
4310.77,4005.64,4264.62,4124.62,4317.95,4626.67,4065.13,4623.08,4215.38,4243.59,4217.44,4296.92,4631.28,4382.05,0
4320,4005.64,4267.69,4129.74,4318.97,4633.33,4070.26,4630.26,4220,4245.64,4224.62,4302.56,4635.38,4377.44,0
4312.31,4001.03,4264.1,4126.67,4323.08,4633.33,4074.87,4628.72,4204.62,4236.41,4216.92,4293.85,4621.54,4370.26,0
4306.15,3995.38,4261.54,4125.64,4323.08,4632.31,4072.82,4620,4194.36,4229.23,4208.21,4286.67,4618.46,4369.23,0
4308.21,3997.95,4260,4133.33,4323.08,4628.21,4061.03,4613.85,4195.9,4230.26,4213.33,4288.72,4627.69,4372.82,0
4304.62,4001.54,4253.33,4136.92,4326.15,4618.46,4051.79,4609.23,4190.77,4233.33,4221.03,4286.67,4629.23,4374.36,0
4300,4003.08,4250.77,4136.41,4327.69,4617.44,4053.85,4609.74,4192.82,4233.33,4217.44,4284.1,4623.59,4373.33,0
4300,4000,4256.92,4134.36,4324.1,4620.51,4060,4614.87,4206.15,4231.79,4212.31,4287.18,4622.56,4373.33,0
4305.13,3997.95,4260.51,4131.28,4321.03,4619.49,4061.03,4617.95,4208.72,4231.79,4212.31,4290.26,4623.59,4372.31,0
4311.79,4002.05,4262.05,4132.82,4327.18,4624.1,4061.03,4623.59,4208.21,4234.87,4214.87,4291.28,4623.59,4371.28,0
4311.28,4006.67,4265.64,4137.44,4330.26,4632.31,4065.64,4632.31,4217.95,4240,4215.9,4291.79,4623.59,4371.28,0
4307.69,4005.13,4267.18,4139.49,4325.13,4634.36,4068.21,4633.85,4226.15,4245.64,4216.92,4290.77,4623.59,4372.82,0
4308.72,4000,4264.1,4136.41,4320.51,4626.67,4061.03,4631.79,4226.15,4247.69,4218.97,4290.77,4625.13,4372.82,0
4307.18,3993.85,4266.67,4126.67,4317.44,4618.97,4054.87,4630.77,4221.54,4243.59,4221.03,4294.36,4626.15,4372.31,0
4305.13,3987.18,4275.38,4124.62,4315.9,4621.54,4063.08,4628.21,4218.46,4243.08,4223.59,4300.51,4629.74,4376.41,0
4308.72,3988.21,4281.54,4131.28,4317.95,4628.21,4069.74,4626.15,4218.46,4246.67,4226.15,4304.1,4635.38,4375.38,0
4309.23,3991.28,4278.46,4129.23,4319.49,4626.67,4065.13,4623.59,4217.95,4248.72,4225.64,4303.08,4631.79,4369.74,0
4306.15,3991.79,4278.46,4124.62,4322.56,4623.59,4060.51,4617.95,4210.26,4244.62,4223.08,4298.97,4627.69,4372.31,0
4305.64,3994.36,4279.49,4127.69,4328.21,4626.15,4060,4614.87,4203.08,4240,4220.51,4289.74,4626.15,4372.31,0
4301.54,3990.77,4270.26,4125.64,4326.67,4625.13,4065.13,4620.51,4205.64,4238.46,4215.9,4283.59,4616.92,4360.51,0
4297.44,3985.64,4265.13,4119.49,4324.1,4626.67,4074.36,4629.23,4214.36,4236.41,4210.77,4288.72,4612.82,4361.03,0
4301.03,3990.26,4275.9,4121.03,4329.74,4629.74,4077.44,4628.21,4211.79,4233.33,4213.85,4295.38,4619.49,4373.85,0
4305.64,3995.9,4281.54,4122.05,4327.69,4624.62,4072.82,4619.49,4203.59,4232.31,4216.41,4290.26,4622.05,4370.77,0
4300.51,3991.28,4270.26,4114.87,4314.87,4614.87,4065.64,4615.9,4207.69,4235.38,4209.74,4284.1,4618.46,4361.03,0
4292.31,3985.13,4262.05,4106.15,4308.72,4609.23,4056.92,4613.33,4207.18,4236.41,4207.18,4283.59,4613.85,4359.49,0
4292.31,3987.69,4261.54,4104.1,4312.82,4611.79,4054.87,4610.77,4201.54,4234.87,4213.85,4285.13,4614.36,4362.05,0
4298.97,3990.77,4263.59,4106.67,4312.31,4615.38,4062.05,4610.77,4204.62,4241.03,4216.92,4284.1,4618.97,4366.15,0
4294.36,3985.64,4262.05,4100.51,4308.72,4615.38,4069.23,4615.38,4208.72,4247.18,4213.85,4281.54,4620,4361.54,0
4284.62,3981.54,4253.33,4094.36,4312.82,4613.33,4070.77,4614.36,4203.08,4240.51,4212.31,4280,4617.44,4352.82,0
4287.69,3984.62,4255.38,4098.97,4315.38,4612.82,4065.64,4608.72,4196.92,4234.87,4214.36,4277.95,4620,4358.46,0
4293.33,3987.69,4262.05,4104.1,4310.26,4609.23,4060,4606.67,4196.41,4235.38,4214.36,4275.9,4618.97,4363.59,0
4287.69,3986.15,4255.38,4102.56,4310.77,4604.62,4057.44,4605.64,4191.79,4228.72,4207.18,4270.77,4612.31,4351.28,0
4282.05,3988.21,4245.13,4101.54,4317.95,4605.13,4053.33,4597.44,4182.56,4218.46,4198.97,4263.59,4609.23,4338.46,0
4283.59,3992.31,4247.69,4104.62,4319.49,4611.28,4050.26,4590.77,4179.49,4217.95,4198.97,4263.08,4606.67,4341.54,0
4287.18,3992.31,4256.41,4105.64,4320,4617.95,4057.95,4598.97,4187.18,4221.03,4205.64,4269.74,4606.67,4349.23,0
4291.79,3990.26,4261.03,4105.64,4325.13,4620,4062.05,4610.77,4193.85,4226.15,4206.15,4271.79,4611.28,4352.31,0
4296.41,3993.33,4262.56,4107.18,4327.69,4618.46,4054.87,4609.23,4197.44,4232.82,4205.13,4267.69,4615.38,4352.82,0
4294.87,3999.49,4262.56,4108.21,4327.18,4621.03,4055.9,4600,4197.44,4229.74,4204.62,4269.74,4615.38,4352.82,0
4292.82,3997.95,4265.13,4107.69,4324.62,4624.1,4064.62,4596.92,4193.33,4227.69,4206.15,4277.95,4616.92,4355.38,0
4293.33,3989.23,4265.64,4105.13,4320.51,4622.05,4066.67,4603.59,4201.03,4239.49,4209.74,4282.56,4620.51,4358.97,0
4290.77,3986.15,4262.05,4105.13,4318.97,4620.51,4066.67,4615.38,4211.79,4243.08,4214.36,4281.54,4620,4357.44,0
4289.23,3988.72,4263.08,4106.67,4320,4620.51,4063.59,4615.38,4204.1,4235.9,4217.95,4280.51,4619.49,4356.92,0
4294.36,3994.36,4265.13,4108.72,4322.05,4616.92,4056.92,4600,4189.74,4238.97,4218.97,4281.54,4624.62,4364.1,0
4298.46,4000.51,4265.13,4111.79,4324.62,4614.36,4060,4595.9,4186.15,4241.03,4215.38,4282.56,4627.18,4368.72,0
4299.49,4002.56,4264.62,4111.28,4326.67,4617.44,4066.67,4604.62,4191.28,4231.28,4209.74,4284.1,4623.59,4368.72,0
4304.1,4004.1,4263.08,4105.13,4321.03,4615.9,4062.05,4603.59,4195.38,4226.67,4208.21,4285.13,4622.05,4373.85,0
4312.82,4012.82,4263.08,4108.21,4315.9,4607.69,4053.85,4591.28,4184.1,4223.59,4206.15,4284.1,4622.05,4381.54,0
4321.54,4020,4264.1,4120.51,4316.92,4607.18,4052.31,4587.69,4175.9,4217.44,4206.15,4282.05,4622.05,4384.62,0
4331.79,4025.13,4265.13,4122.56,4318.46,4614.36,4056.92,4599.49,4193.85,4221.54,4210.77,4284.1,4626.67,4388.72,0
4347.69,4040,4271.28,4122.05,4318.46,4617.44,4063.59,4609.23,4206.67,4227.69,4215.9,4288.72,4634.36,4406.15,0
4363.08,4056.41,4278.97,4131.28,4317.95,4611.79,4067.18,4611.28,4196.92,4228.72,4221.03,4290.26,4640,4424.62,0
4374.36,4062.05,4281.54,4137.95,4317.44,4606.67,4062.05,4611.28,4192.82,4232.31,4225.64,4294.36,4641.03,4428.72,0
4386.15,4068.21,4287.69,4143.08,4319.49,4609.74,4055.9,4607.18,4196.41,4234.87,4227.69,4303.08,4640.51,4432.82,0
4398.46,4080.51,4295.9,4149.74,4324.1,4610.77,4053.33,4594.36,4188.21,4231.79,4227.18,4304.62,4645.13,4442.05,0
4400,4085.64,4296.92,4146.67,4322.05,4606.15,4051.28,4584.62,4183.59,4225.64,4224.1,4300,4644.1,4437.44,0
4392.82,4080,4292.82,4138.46,4315.9,4605.64,4052.82,4591.79,4192.82,4224.62,4215.38,4294.87,4634.87,4424.62,0
4386.67,4072.31,4288.21,4138.46,4319.49,4611.28,4058.97,4603.59,4193.85,4224.1,4209.74,4292.31,4629.23,4425.13,0
4378.97,4064.62,4282.56,4140.51,4324.62,4615.38,4058.97,4602.56,4181.03,4213.85,4208.72,4290.26,4624.1,4423.08,0
4365.64,4056.92,4278.97,4134.87,4321.03,4612.82,4053.33,4595.9,4176.41,4206.67,4205.64,4285.64,4615.38,4406.67,0
4354.87,4052.82,4276.92,4129.23,4316.41,4607.69,4052.31,4598.46,4187.69,4216.92,4203.08,4282.05,4615.38,4399.49,0
4351.79,4047.69,4276.92,4131.79,4318.97,4607.69,4055.38,4610.26,4193.33,4226.67,4198.97,4284.1,4616.92,4402.05,0
4348.21,4039.49,4278.46,4133.33,4322.05,4614.87,4057.95,4613.85,4189.74,4221.03,4198.97,4286.67,4610.77,4396.92,0
4342.56,4037.44,4278.97,4130.77,4321.54,4616.92,4059.49,4607.69,4188.72,4220.51,4206.15,4288.21,4611.79,4390.26,0
4340.51,4041.03,4278.46,4129.74,4323.59,4613.33,4058.97,4606.15,4195.38,4231.79,4212.82,4295.38,4623.08,4394.87,0
4340.51,4042.05,4279.49,4129.74,4328.72,4616.41,4060.51,4612.82,4206.67,4238.97,4218.46,4301.54,4630.26,4398.46,0
4336.41,4035.9,4277.95,4126.67,4325.64,4621.03,4066.67,4617.44,4210.77,4241.54,4225.64,4296.92,4627.69,4391.28,0
4328.72,4024.1,4273.33,4123.59,4316.41,4621.54,4069.23,4617.95,4207.69,4242.05,4220.51,4290.26,4622.05,4384.1,0
4324.1,4015.9,4268.72,4121.54,4317.44,4617.95,4067.18,4616.41,4202.56,4236.92,4209.23,4287.18,4617.95,4381.03,0
4320.51,4014.87,4264.62,4120.51,4325.13,4612.82,4065.64,4610.26,4190.77,4228.21,4208.21,4282.05,4613.33,4379.49,0
4317.44,4015.9,4265.13,4121.54,4324.62,4611.79,4061.03,4604.62,4184.62,4226.15,4209.23,4280.51,4611.28,4377.95,0
4316.92,4015.38,4268.21,4122.05,4322.56,4613.33,4058.46,4604.62,4191.28,4225.64,4207.69,4284.62,4614.87,4372.82,0
4312.82,4010.77,4266.15,4118.46,4322.05,4614.36,4063.08,4611.28,4198.46,4219.49,4204.1,4284.62,4612.82,4366.15,0
4309.74,4006.67,4266.67,4115.9,4316.41,4613.85,4067.18,4618.46,4196.92,4221.03,4203.08,4280.51,4609.23,4371.28,0
4316.92,4009.23,4276.92,4116.92,4319.49,4613.33,4068.21,4616.41,4194.87,4228.72,4206.15,4281.03,4611.79,4380,0
4323.59,4012.82,4282.56,4122.05,4330.26,4613.33,4067.69,4609.23,4192.82,4227.18,4207.69,4285.64,4613.33,4378.97,0
4315.9,4012.82,4278.46,4122.05,4327.18,4613.85,4066.15,4610.77,4193.33,4223.08,4206.15,4287.18,4610.77,4377.44,0
4311.79,4012.31,4278.46,4119.49,4321.03,4614.87,4069.23,4616.92,4200,4228.72,4207.18,4286.67,4610.77,4385.64,0
4316.92,4010.77,4282.05,4123.08,4325.64,4610.77,4069.23,4611.79,4196.92,4232.82,4209.74,4288.72,4612.31,4384.1,0
4314.36,4008.21,4280.51,4124.62,4324.1,4603.59,4061.03,4600,4184.1,4226.15,4207.69,4291.28,4609.23,4372.31,0
4304.62,4008.72,4276.41,4123.08,4318.46,4604.62,4061.54,4602.05,4186.15,4226.15,4205.64,4289.74,4607.18,4369.74,0
4301.03,4007.69,4271.28,4122.56,4324.1,4614.36,4071.28,4614.87,4200,4231.28,4203.59,4282.56,4607.18,4369.23,0
4296.41,4002.05,4268.21,4117.44,4324.62,4615.9,4072.82,4615.38,4197.44,4223.08,4196.92,4278.46,4601.54,4358.97,0
4290.26,3996.92,4266.15,4111.79,4318.97,4611.28,4069.74,4608.72,4186.15,4215.9,4194.36,4280,4595.9,4351.79,0
4289.23,3999.49,4263.59,4117.95,4323.59,4610.77,4071.79,4611.28,4191.79,4219.49,4197.44,4278.97,4598.46,4356.41,0
4289.23,4003.59,4263.08,4123.08,4328.21,4611.79,4070.77,4614.36,4200,4224.62,4196.41,4272.31,4599.49,4357.44,0
4289.23,4006.15,4264.62,4121.03,4327.18,4614.87,4067.69,4614.87,4196.92,4225.64,4192.31,4269.23,4595.9,4350.77,0
4291.79,4009.23,4265.64,4125.13,4330.26,4621.03,4071.79,4619.49,4193.33,4229.74,4195.38,4273.85,4601.03,4349.23,0
4293.85,4008.72,4264.62,4126.67,4333.33,4623.08,4075.9,4617.95,4193.85,4233.85,4202.05,4275.38,4607.18,4355.9,0
4295.38,4010.77,4266.67,4126.67,4333.33,4618.97,4075.9,4610.26,4193.85,4234.36,4205.13,4274.87,4605.64,4361.03,0
4294.36,4016.92,4273.33,4132.82,4335.9,4618.46,4077.95,4610.26,4196.92,4232.31,4205.64,4279.49,4609.23,4358.46,0
4289.74,4012.82,4273.33,4130.77,4333.85,4617.95,4081.03,4613.85,4195.9,4223.59,4202.05,4282.05,4609.23,4352.31,0
4286.15,4000,4265.13,4121.03,4325.64,4615.38,4078.97,4612.31,4193.85,4220.51,4194.87,4275.9,4598.97,4347.18,0
4286.15,3995.38,4263.59,4121.03,4328.21,4617.44,4074.87,4611.79,4200.51,4222.56,4191.28,4271.28,4594.36,4348.21,0
4287.18,3996.41,4271.79,4123.59,4333.33,4618.97,4074.36,4614.87,4205.13,4226.15,4194.36,4271.79,4596.41,4350.77,0
4286.67,3994.87,4273.85,4121.54,4330.77,4616.41,4075.9,4620.51,4203.08,4230.77,4197.44,4271.79,4598.46,4350.77,0
4284.1,3992.31,4266.67,4120,4328.72,4616.41,4075.9,4623.59,4201.03,4227.69,4196.41,4272.31,4600,4346.67,0
4281.54,3990.26,4262.56,4120,4328.21,4617.44,4071.28,4615.38,4193.85,4220.51,4194.87,4274.87,4599.49,4343.08,0
4283.59,3995.9,4266.67,4122.56,4330.26,4614.36,4065.13,4604.1,4186.67,4221.03,4201.03,4278.97,4602.05,4352.82,0
4288.72,4005.64,4269.74,4127.69,4334.87,4613.85,4063.08,4604.1,4190.26,4228.72,4210.77,4287.18,4609.23,4363.08,0
4287.18,4003.08,4266.15,4127.18,4333.85,4613.85,4066.15,4613.33,4202.56,4230.26,4208.72,4287.18,4610.77,4352.82,0
4282.56,3994.36,4264.1,4122.56,4325.64,4613.33,4068.21,4618.97,4206.15,4227.18,4199.49,4274.87,4605.64,4338.46,0
4278.97,3991.79,4264.1,4120,4323.08,4617.44,4068.72,4615.38,4196.92,4225.13,4194.36,4268.21,4597.95,4338.97,0
4273.85,3991.79,4261.03,4116.92,4330.77,4621.03,4070.26,4617.44,4198.46,4226.15,4193.33,4269.74,4591.28,4336.41,0
4267.69,3987.69,4253.85,4111.79,4332.82,4622.56,4072.31,4628.72,4216.41,4230.26,4189.23,4265.64,4586.67,4328.21,0
4264.62,3984.1,4248.21,4108.72,4326.15,4624.1,4070.77,4628.72,4213.33,4228.72,4184.1,4263.08,4583.08,4325.64,0
4266.15,3988.72,4249.74,4112.82,4326.15,4622.56,4064.1,4609.23,4186.67,4222.56,4183.59,4265.13,4583.08,4328.72,0
4269.74,4001.03,4256.92,4122.56,4333.85,4616.41,4057.95,4594.36,4182.56,4221.54,4189.74,4263.08,4593.33,4335.38,0
4278.46,4008.72,4263.59,4128.21,4334.36,4614.36,4059.49,4602.05,4201.54,4229.74,4194.87,4262.05,4602.56,4342.05,0
4282.05,4005.64,4263.59,4125.13,4330.77,4620.51,4066.67,4618.46,4206.15,4235.38,4195.38,4266.67,4603.59,4342.56,0
4277.44,3997.95,4260.51,4121.54,4329.23,4624.62,4068.72,4623.59,4197.95,4230.77,4196.41,4265.64,4600,4339.49,0
4278.46,3994.36,4262.05,4123.08,4328.21,4621.03,4062.05,4616.92,4199.49,4222.05,4196.41,4266.15,4599.49,4342.56,0
4286.15,3997.44,4265.64,4123.59,4329.23,4617.95,4057.44,4617.95,4209.23,4223.08,4197.44,4277.44,4604.1,4348.72,0
4287.69,4001.54,4266.15,4123.08,4331.28,4622.05,4062.56,4629.74,4211.28,4234.87,4203.08,4286.15,4609.23,4353.85,0
4285.13,3997.44,4266.67,4125.13,4328.72,4623.59,4066.15,4630.77,4205.13,4240,4208.21,4284.1,4610.77,4355.38,0
4282.05,3991.28,4266.15,4123.08,4326.67,4621.03,4063.08,4614.36,4195.38,4230.26,4205.64,4278.97,4609.23,4353.33,0
4281.54,3992.31,4264.1,4121.03,4328.21,4618.46,4057.44,4606.15,4190.77,4220,4196.41,4273.33,4606.15,4353.85,0
4286.15,3997.95,4269.74,4128.72,4328.21,4616.92,4056.41,4611.79,4194.87,4224.62,4194.36,4270.77,4603.08,4350.26,0
4289.23,4000.51,4278.97,4135.9,4328.21,4617.44,4061.03,4615.38,4194.87,4229.74,4196.92,4273.85,4603.59,4343.59,0
4285.13,3995.9,4273.85,4129.74,4330.26,4619.49,4067.18,4614.87,4192.82,4223.08,4195.38,4277.44,4603.59,4343.08,0
4278.46,3991.79,4263.08,4122.05,4330.77,4623.08,4069.23,4615.9,4196.92,4217.95,4190.77,4273.85,4599.49,4344.62,0
4272.31,3993.85,4263.59,4122.56,4331.28,4625.13,4065.13,4617.44,4196.92,4221.54,4189.23,4269.74,4596.41,4341.03,0
4269.74,3996.92,4265.64,4127.18,4331.28,4625.13,4059.49,4615.9,4195.38,4217.95,4189.23,4270.26,4595.38,4336.41,0
4273.33,3998.97,4262.56,4129.74,4331.28,4625.64,4056.41,4616.41,4200.51,4210.26,4189.23,4268.72,4593.85,4330.77,0
4273.33,3996.92,4261.03,4126.67,4329.23,4625.64,4054.87,4620,4204.62,4215.9,4191.28,4265.64,4591.79,4327.18,0
4265.64,3988.21,4260,4120.51,4324.62,4622.05,4053.33,4620,4196.41,4227.69,4194.36,4266.67,4593.85,4332.31,0
4264.1,3985.13,4259.49,4120.51,4324.1,4618.46,4052.82,4613.33,4188.72,4229.23,4198.97,4269.74,4601.03,4337.95,0
4269.74,3990.26,4260.51,4124.1,4327.18,4618.97,4053.33,4607.18,4191.28,4225.13,4196.92,4272.31,4600.51,4338.97,0
4273.85,3992.82,4262.05,4125.13,4328.72,4620.51,4055.9,4611.28,4193.85,4226.67,4194.87,4273.33,4596.92,4341.54,0
4272.82,3992.82,4260,4122.05,4329.23,4621.54,4059.49,4615.38,4193.33,4226.15,4202.05,4275.38,4601.54,4347.18,0
4271.28,3991.79,4256.92,4118.97,4331.28,4620.51,4058.46,4612.82,4192.31,4215.9,4204.1,4275.9,4604.1,4345.64,0
4275.9,3990.77,4257.95,4120,4331.28,4619.49,4055.38,4609.74,4194.36,4213.85,4197.95,4275.9,4601.54,4343.08,0
4282.56,3991.79,4261.54,4121.54,4327.18,4617.44,4055.9,4612.31,4197.44,4223.59,4197.44,4276.41,4602.05,4348.21,0
4283.59,3993.33,4261.03,4117.44,4321.54,4613.85,4053.85,4613.33,4193.33,4217.95,4195.9,4272.31,4598.97,4346.15,0
4282.56,3990.77,4254.36,4109.23,4324.1,4612.82,4050.77,4607.18,4184.62,4200,4183.59,4263.59,4588.21,4330.77,0
4284.62,3993.33,4249.23,4111.79,4333.33,4617.95,4057.95,4608.72,4188.21,4206.67,4181.54,4261.03,4586.15,4333.85,0
4288.72,4003.08,4250.77,4118.97,4335.38,4624.1,4063.08,4619.49,4203.08,4227.18,4196.41,4267.18,4596.92,4351.79,0
4285.64,4004.1,4252.31,4114.36,4332.31,4621.03,4057.95,4622.56,4207.18,4232.31,4202.05,4268.21,4604.1,4348.21,0
4279.49,4000.51,4247.69,4111.79,4333.85,4615.38,4052.82,4614.36,4194.36,4228.21,4195.9,4264.1,4602.05,4336.92,0
4283.08,4005.13,4247.18,4118.97,4335.38,4615.9,4053.33,4607.69,4185.13,4226.67,4197.95,4265.13,4602.05,4345.13,0
4284.62,4006.67,4249.23,4116.41,4331.79,4613.85,4053.33,4609.74,4189.23,4227.18,4205.13,4267.69,4608.72,4351.28,0
4274.36,3999.49,4244.62,4106.15,4326.67,4611.28,4056.92,4617.95,4201.54,4228.21,4204.1,4267.69,4609.23,4341.54,0
4268.21,3991.79,4242.05,4105.64,4324.1,4615.9,4063.59,4621.54,4205.64,4229.74,4202.05,4268.21,4605.64,4333.85,0
4272.82,3988.21,4246.67,4108.21,4324.1,4620.51,4063.59,4624.62,4205.64,4230.77,4202.05,4269.74,4605.64,4334.87,0
4272.82,3988.21,4244.1,4103.08,4327.69,4618.97,4058.46,4626.15,4202.56,4231.79,4205.13,4267.69,4606.67,4341.54,0
4270.77,3991.79,4237.44,4100.51,4329.23,4615.38,4057.44,4617.95,4194.36,4227.69,4203.59,4265.13,4609.74,4343.08,0
4271.28,3994.36,4243.08,4104.1,4324.62,4617.95,4065.64,4610.77,4189.23,4224.1,4196.41,4266.15,4610.77,4342.56,0
4273.85,3997.44,4248.21,4107.18,4325.64,4621.54,4068.21,4613.33,4192.82,4229.23,4198.97,4270.77,4609.74,4347.69,0
4279.49,4001.54,4246.15,4109.23,4332.31,4619.49,4061.54,4612.31,4191.28,4232.31,4207.18,4273.33,4609.74,4352.31,0
4286.15,4004.62,4254.36,4117.44,4334.36,4617.44,4063.08,4607.18,4187.69,4229.74,4204.62,4272.82,4608.72,4353.85,0
4292.82,4011.28,4268.21,4125.13,4334.87,4622.05,4068.21,4611.79,4197.44,4229.74,4202.56,4274.87,4611.28,4357.95,0
4296.41,4014.36,4270.77,4123.08,4335.9,4622.56,4061.54,4620,4207.18,4232.82,4209.23,4280.51,4616.92,4358.46,0
4291.79,4009.23,4266.67,4119.49,4332.31,4617.44,4052.82,4616.41,4197.44,4229.23,4208.21,4283.08,4615.9,4354.36,0
4285.13,4002.56,4264.1,4117.44,4327.69,4615.9,4052.82,4607.69,4186.67,4223.08,4201.54,4278.97,4607.18,4349.74,0
4285.64,4000,4261.03,4111.28,4328.21,4618.97,4055.38,4606.67,4187.69,4218.97,4196.92,4272.31,4603.59,4347.69,0
4283.08,3998.97,4260,4107.69,4329.23,4620,4057.44,4608.72,4188.72,4216.92,4193.85,4271.79,4603.59,4347.18,0
4278.46,3999.49,4261.54,4108.21,4328.21,4615.38,4055.9,4607.18,4190.77,4219.49,4193.85,4272.31,4601.54,4343.59,0
4281.03,3998.46,4260,4108.21,4327.69,4613.85,4055.9,4608.72,4194.36,4223.59,4192.31,4269.74,4603.08,4340.51,0
4279.49,3995.38,4254.87,4106.15,4328.72,4620.51,4063.08,4611.28,4191.28,4225.13,4188.72,4267.18,4600.51,4344.62,0
4273.85,3993.33,4251.79,4105.64,4328.21,4622.05,4065.13,4611.28,4192.82,4224.62,4191.79,4268.21,4597.44,4344.62,0
4276.41,3991.79,4254.87,4106.15,4325.13,4617.44,4059.49,4615.38,4202.05,4228.72,4198.46,4272.31,4602.56,4342.56,0
4283.59,3993.85,4262.05,4108.72,4328.21,4617.44,4061.03,4624.1,4204.62,4236.41,4204.1,4279.49,4613.33,4354.87,0
4283.08,3995.38,4264.62,4109.23,4333.33,4620.51,4067.18,4625.13,4201.54,4234.87,4206.67,4284.62,4612.31,4358.97,0
4280,3996.92,4260.51,4111.79,4332.31,4620.51,4066.15,4621.03,4200,4228.72,4202.56,4282.56,4606.67,4349.23,0
4283.08,3999.49,4261.03,4117.95,4330.77,4618.97,4062.56,4622.56,4198.97,4229.74,4202.05,4280,4610.26,4353.33,0
4285.64,3999.49,4264.1,4114.36,4333.33,4616.92,4060.51,4621.54,4200,4229.23,4205.13,4281.54,4615.9,4360.51,0
4283.59,3995.38,4255.9,4105.64,4331.79,4613.85,4054.36,4612.31,4194.87,4223.08,4200,4278.46,4612.31,4354.36,0
4280,3995.38,4245.64,4105.13,4328.72,4614.36,4050.26,4606.67,4190.26,4228.21,4196.41,4271.28,4605.64,4351.28,0
4286.15,4000.51,4251.79,4107.69,4333.85,4617.44,4055.38,4612.82,4202.56,4237.95,4203.08,4270.26,4608.72,4354.36,0
4293.85,3999.49,4263.08,4107.18,4337.44,4618.46,4060,4620,4211.28,4234.87,4205.64,4277.44,4612.82,4354.36,0
4291.79,3995.38,4264.1,4107.69,4335.38,4620.51,4056.92,4621.03,4205.64,4233.33,4203.08,4284.1,4610.26,4359.49,0
4287.69,3998.46,4262.56,4107.18,4333.33,4621.54,4058.97,4621.54,4202.05,4237.44,4205.64,4285.13,4613.85,4363.08,0
4287.18,4000.51,4260,4106.15,4333.33,4619.49,4065.64,4623.59,4204.1,4233.85,4207.69,4282.56,4620.51,4356.41,0
4288.72,3997.95,4256.92,4110.26,4336.92,4621.54,4066.67,4628.72,4215.9,4235.38,4207.69,4282.56,4616.41,4352.31,0
4288.21,3998.46,4261.03,4112.82,4337.44,4628.21,4067.18,4635.38,4224.62,4243.59,4207.18,4284.1,4610.77,4354.36,0
4285.13,4003.08,4264.62,4108.72,4334.87,4625.13,4065.64,4630.77,4214.36,4239.49,4203.08,4279.49,4608.21,4353.85,0
4282.56,4002.05,4261.54,4111.28,4337.44,4618.97,4060,4619.49,4205.13,4232.31,4197.44,4273.85,4605.64,4351.79,0
4283.08,4001.54,4260,4117.95,4341.54,4621.54,4056.92,4618.97,4210.26,4237.44,4196.41,4276.41,4611.28,4350.26,0
4289.23,4005.64,4265.13,4117.44,4343.08,4625.64,4059.49,4625.13,4215.9,4244.1,4205.13,4282.56,4620,4355.9,0
4290.77,4007.18,4266.15,4114.87,4343.08,4626.67,4060,4624.62,4212.31,4244.62,4211.79,4286.15,4623.08,4362.56,0
4286.67,4004.1,4264.62,4116.92,4338.46,4624.62,4059.49,4622.05,4207.69,4242.05,4209.23,4285.64,4623.59,4363.08,0
4285.64,4001.03,4263.59,4117.44,4332.31,4623.08,4062.05,4621.54,4205.13,4235.9,4202.56,4281.03,4619.49,4362.56,0
4291.28,4001.03,4264.62,4115.38,4332.82,4627.18,4066.67,4623.59,4204.1,4227.18,4197.95,4282.56,4613.85,4362.56,0
4294.36,3999.49,4264.62,4112.31,4333.85,4626.15,4067.18,4625.13,4201.54,4222.56,4194.87,4284.1,4611.79,4358.46,0
4291.28,3998.97,4264.1,4107.69,4331.79,4618.46,4062.05,4621.03,4205.13,4224.1,4193.33,4279.49,4609.23,4356.92,0
4289.74,3998.97,4263.59,4107.69,4333.33,4614.87,4055.9,4620,4210.77,4227.69,4192.31,4278.46,4607.18,4358.46,0
4284.62,3995.38,4262.56,4109.74,4331.28,4616.92,4055.9,4619.49,4199.49,4218.46,4190.77,4277.95,4606.15,4351.28,0
4280.51,3993.33,4264.1,4110.26,4330.26,4620.51,4055.9,4614.87,4193.33,4211.79,4189.74,4277.95,4603.08,4347.69,0
4282.56,3994.87,4267.18,4110.26,4333.33,4621.03,4053.85,4612.82,4203.08,4218.97,4192.31,4282.05,4605.13,4355.9,0
4281.54,3991.28,4264.1,4107.69,4329.74,4615.9,4054.36,4612.82,4203.08,4220,4192.31,4280.51,4607.69,4355.9,0
4277.95,3986.67,4257.95,4105.64,4325.64,4614.87,4056.41,4615.38,4197.95,4211.79,4190.77,4274.87,4604.62,4350.26,0
4277.95,3988.72,4257.44,4106.15,4327.18,4623.08,4058.97,4622.56,4205.13,4214.87,4192.31,4283.08,4606.15,4351.28,0
4282.05,3991.28,4263.08,4107.18,4326.67,4628.72,4065.64,4628.72,4211.28,4226.15,4197.44,4290.77,4612.82,4356.92,0
4284.62,3993.33,4265.64,4109.23,4327.18,4625.64,4067.18,4628.21,4207.18,4225.13,4203.59,4286.15,4612.82,4357.95,0
4281.03,3990.26,4261.54,4108.21,4327.18,4623.08,4060.51,4625.13,4198.97,4214.87,4199.49,4285.13,4606.67,4352.31,0
4274.87,3986.15,4255.9,4102.56,4326.15,4623.08,4054.87,4616.41,4190.26,4208.21,4187.69,4281.54,4602.05,4349.23,0
4277.95,3988.21,4258.46,4105.64,4332.31,4621.54,4052.31,4608.21,4195.9,4214.36,4186.67,4277.44,4602.05,4354.36,0
4287.69,3995.9,4267.69,4119.49,4338.46,4618.97,4053.33,4615.38,4207.69,4222.56,4193.85,4282.05,4606.67,4358.46,0
4289.74,4001.54,4272.82,4126.67,4335.9,4620,4056.92,4627.18,4209.74,4223.08,4197.95,4286.67,4614.87,4357.95,0
4289.23,4002.05,4275.9,4124.1,4333.85,4623.59,4057.95,4624.62,4207.69,4222.56,4198.46,4287.18,4619.49,4360,0
4288.72,4001.03,4275.9,4122.05,4334.36,4622.05,4054.36,4614.87,4203.08,4221.03,4199.49,4286.15,4616.92,4365.13,0
4289.23,4003.08,4274.36,4124.62,4337.44,4620,4055.38,4615.9,4201.03,4218.97,4198.97,4286.15,4613.85,4361.54,0
4289.74,4001.54,4272.31,4126.15,4341.03,4625.13,4064.1,4626.67,4204.1,4214.36,4196.41,4288.21,4613.33,4353.33,0
4280.51,3993.33,4266.67,4118.97,4334.36,4626.15,4065.64,4626.67,4202.56,4206.15,4190.26,4287.69,4609.74,4350.26,0
4270.26,3986.67,4260,4112.31,4325.13,4620.51,4058.46,4617.95,4197.44,4205.13,4186.67,4277.95,4600,4350.26,0
4269.23,3985.13,4258.97,4114.36,4331.79,4620.51,4052.82,4615.9,4196.92,4210.26,4188.21,4275.38,4598.97,4350.77,0
4270.77,3987.18,4262.56,4119.49,4337.95,4628.72,4054.36,4616.92,4199.49,4213.85,4189.23,4283.59,4604.62,4351.28,0
4266.15,3986.67,4257.44,4115.38,4331.28,4629.23,4055.9,4618.97,4203.59,4212.82,4189.23,4281.03,4599.49,4344.1,0
4264.1,3976.92,4247.69,4107.18,4327.69,4624.1,4052.82,4621.54,4203.08,4207.69,4184.1,4271.79,4588.21,4334.87,0
4265.64,3973.33,4250.26,4107.69,4331.28,4624.62,4052.82,4617.44,4195.9,4204.62,4177.95,4271.79,4588.72,4337.95,0
4266.67,3981.03,4260,4111.79,4328.72,4626.67,4056.92,4613.33,4196.41,4210.77,4182.05,4275.38,4597.44,4347.18,0
4267.18,3981.54,4257.95,4108.21,4324.1,4624.1,4056.41,4616.92,4201.54,4212.31,4187.69,4275.9,4600.51,4348.72,0
4268.21,3978.97,4252.31,4107.18,4325.64,4621.54,4051.79,4620,4203.08,4208.21,4187.18,4275.38,4600,4348.72,0
4270.77,3986.67,4258.46,4117.44,4327.18,4622.05,4053.85,4616.41,4198.97,4207.18,4185.64,4276.41,4602.56,4348.72,0
4274.87,3990.26,4265.64,4122.56,4327.18,4620.51,4054.36,4607.18,4188.21,4208.72,4186.67,4278.46,4603.08,4349.23,0
4278.46,3987.69,4264.1,4119.49,4328.21,4615.38,4047.69,4604.1,4187.69,4210.26,4190.26,4279.49,4603.59,4353.33,0
4277.44,3987.69,4263.08,4117.44,4328.21,4617.44,4049.23,4614.87,4200,4209.74,4190.26,4281.03,4605.13,4353.33,0
4273.85,3986.15,4262.05,4117.44,4327.69,4622.56,4057.44,4620,4198.97,4208.21,4187.69,4278.46,4604.62,4347.69,0
4275.9,3986.67,4258.97,4118.97,4331.28,4622.05,4053.85,4611.28,4186.67,4213.33,4189.74,4275.38,4606.15,4346.67,0
4283.08,3992.82,4259.49,4121.54,4333.33,4616.41,4043.59,4606.15,4188.72,4218.46,4197.95,4276.92,4612.82,4355.9,0
4288.72,3996.92,4264.1,4123.08,4331.79,4614.36,4042.05,4610.77,4199.49,4215.38,4198.97,4282.56,4615.38,4365.13,0
4287.69,3994.87,4265.64,4123.08,4332.31,4618.97,4044.62,4616.41,4197.44,4211.28,4192.31,4283.59,4608.21,4362.56,0
4284.62,3989.23,4263.08,4120.51,4329.74,4620,4047.69,4617.44,4192.31,4207.18,4191.28,4280.51,4603.59,4355.9,0
4284.1,3987.69,4262.56,4119.49,4327.18,4616.92,4048.72,4616.41,4195.38,4211.79,4192.82,4282.56,4607.18,4354.36,0
4286.15,3993.85,4265.13,4124.1,4331.28,4618.46,4044.62,4614.87,4194.36,4218.97,4190.77,4283.08,4606.15,4351.28,0
4285.64,3997.95,4271.28,4126.67,4336.41,4623.08,4042.56,4620,4194.36,4216.41,4189.23,4278.46,4599.49,4346.67,0
4287.18,3995.38,4273.85,4125.64,4336.41,4626.15,4049.74,4629.74,4205.13,4216.92,4190.77,4278.46,4601.54,4351.79,0
4288.72,3994.36,4268.72,4124.1,4335.9,4627.69,4056.41,4628.72,4206.67,4222.05,4194.87,4282.56,4611.28,4359.49,0
4285.64,3993.33,4264.1,4124.1,4336.92,4626.15,4056.92,4622.05,4193.85,4216.41,4194.87,4280.51,4613.33,4356.41,0
4281.03,3990.77,4264.1,4124.1,4332.82,4620.51,4054.36,4619.49,4189.74,4209.74,4188.72,4278.97,4606.15,4346.15,0
4276.92,3988.72,4262.05,4123.59,4327.69,4618.46,4050.77,4618.46,4198.46,4213.85,4183.59,4276.92,4599.49,4342.05,0
4276.92,3990.26,4260.51,4122.56,4329.74,4618.97,4050.26,4617.44,4198.97,4212.31,4188.21,4269.23,4601.03,4350.26,0
4284.62,3996.41,4262.56,4122.56,4335.38,4618.97,4052.31,4616.41,4194.36,4208.72,4196.41,4271.79,4609.23,4357.95,0
4293.85,4001.03,4263.08,4124.1,4338.46,4622.56,4054.87,4615.9,4197.95,4217.95,4196.92,4283.59,4615.9,4357.44,0
4291.79,4003.59,4263.59,4125.13,4338.46,4628.21,4057.95,4620.51,4206.67,4227.69,4196.92,4284.1,4611.79,4354.87,0
4287.69,4004.62,4263.59,4124.62,4334.87,4624.62,4057.95,4627.69,4208.21,4227.69,4196.92,4279.49,4604.62,4351.79,0
4291.28,3997.44,4262.05,4118.46,4329.23,4617.44,4053.33,4627.18,4206.15,4225.13,4195.9,4279.49,4605.13,4353.85,0
4288.21,3990.26,4258.97,4109.74,4330.77,4616.41,4051.79,4621.54,4204.1,4222.56,4194.36,4278.97,4605.64,4355.38,0
4280.51,3993.85,4256.92,4106.67,4336.41,4618.46,4056.41,4615.9,4192.31,4210.77,4189.74,4273.85,4596.92,4349.74,0
4282.05,3996.41,4258.46,4110.77,4334.36,4617.95,4057.95,4614.36,4191.28,4206.15,4187.18,4270.77,4593.85,4349.23,0
4288.21,3993.85,4263.08,4117.44,4330.77,4621.03,4056.41,4623.08,4207.69,4217.95,4192.82,4272.82,4602.05,4349.23,0
4287.69,3997.44,4264.62,4118.46,4337.44,4626.15,4057.44,4628.21,4206.15,4221.03,4199.49,4278.97,4604.62,4349.23,0
4287.69,4004.1,4260.51,4116.41,4341.54,4620.51,4056.41,4617.44,4193.33,4218.97,4201.54,4279.49,4606.15,4357.95,0
4291.28,4005.13,4261.03,4116.92,4336.41,4612.82,4052.31,4613.33,4201.54,4228.72,4204.1,4280,4615.38,4360.51,0
4296.41,4007.18,4263.08,4120.51,4335.9,4615.38,4052.82,4621.54,4209.74,4238.97,4208.72,4284.62,4617.95,4356.41,0
4296.41,4008.72,4263.59,4121.03,4337.95,4618.97,4057.44,4623.59,4202.56,4235.38,4206.15,4281.54,4613.85,4358.46,0
4290.77,4004.62,4258.46,4114.87,4335.38,4616.41,4058.46,4621.03,4205.64,4231.28,4204.1,4275.9,4611.28,4359.49,0
4288.21,3998.97,4254.87,4108.21,4337.95,4618.46,4058.97,4624.62,4210.26,4228.72,4205.64,4280,4612.31,4361.03,0
4291.28,4000,4261.03,4106.15,4338.97,4622.05,4060.51,4628.72,4196.92,4222.05,4201.03,4283.08,4612.31,4364.1,0
4289.74,4004.62,4263.08,4108.72,4334.36,4618.97,4056.92,4620.51,4189.74,4218.97,4193.85,4278.46,4607.69,4358.97,0
4281.54,4005.64,4252.31,4109.23,4338.46,4618.97,4051.28,4611.79,4201.03,4223.08,4195.9,4273.85,4605.64,4349.74,0
4277.44,4001.03,4243.08,4109.23,4344.1,4624.1,4055.38,4620,4205.64,4228.21,4197.44,4269.23,4608.72,4347.69,0
4282.05,3999.49,4246.15,4107.69,4337.95,4621.54,4058.46,4625.64,4200,4229.74,4194.87,4269.23,4610.26,4352.31,0
4290.26,4006.15,4256.41,4106.15,4333.33,4613.33,4055.38,4613.85,4198.46,4229.74,4201.03,4276.92,4612.31,4358.46,0
4289.74,4004.62,4261.54,4107.18,4334.87,4613.85,4057.44,4612.82,4204.1,4232.31,4207.69,4281.03,4611.28,4357.95,0
4285.13,3996.41,4260.51,4108.72,4333.33,4617.95,4064.1,4625.13,4203.08,4229.23,4201.54,4281.03,4606.15,4354.36,0
4287.69,3998.46,4262.56,4108.21,4332.31,4615.9,4065.64,4623.08,4192.82,4218.97,4197.95,4283.59,4604.62,4358.97,0
4287.69,3999.49,4262.56,4107.18,4333.33,4614.87,4063.59,4617.95,4190.26,4215.38,4195.9,4284.1,4602.05,4356.92,0
4279.49,3994.87,4257.44,4106.15,4331.79,4619.49,4067.18,4626.15,4204.1,4222.05,4189.23,4278.46,4593.33,4346.15,0
4280.51,3997.95,4260,4105.64,4336.41,4621.54,4066.15,4631.28,4217.44,4233.85,4195.9,4277.95,4597.44,4350.77,0
4289.23,4004.62,4265.13,4112.31,4340.51,4616.92,4059.49,4628.21,4211.79,4238.46,4207.18,4281.54,4608.21,4361.54,0
4286.67,4000.51,4262.56,4116.41,4337.95,4613.85,4058.46,4626.67,4205.13,4230.77,4202.05,4281.54,4604.1,4354.87,0
4281.54,3996.41,4261.54,4111.28,4335.9,4614.36,4059.49,4624.1,4207.69,4223.08,4195.38,4280,4598.97,4347.69,0
4283.59,4000,4264.1,4107.18,4335.9,4614.87,4058.97,4621.03,4200.51,4223.59,4197.44,4280.51,4601.03,4353.33,0
4283.59,3997.44,4262.56,4107.69,4334.36,4615.38,4061.03,4624.62,4192.31,4224.62,4196.41,4280.51,4600.51,4355.9,0
4284.1,3997.95,4264.1,4111.79,4336.92,4614.36,4062.05,4628.72,4205.13,4231.79,4199.49,4285.64,4607.18,4358.97,0
4288.21,3999.49,4265.13,4112.82,4336.92,4611.79,4058.97,4625.64,4214.87,4244.62,4210.26,4291.79,4616.92,4364.62,0
4286.15,3993.33,4260.51,4108.21,4331.79,4611.79,4057.44,4624.62,4208.21,4243.08,4209.23,4285.13,4611.28,4361.03,0
4285.13,3997.44,4260,4112.31,4335.38,4614.36,4056.41,4628.21,4207.69,4236.41,4201.54,4277.44,4604.62,4358.46,0
4290.77,4006.67,4263.08,4121.03,4340.51,4615.38,4056.41,4629.23,4210.26,4237.95,4202.05,4280,4611.79,4362.56,0
4290.77,4000.51,4262.05,4115.38,4333.85,4615.9,4054.36,4626.67,4209.23,4235.9,4204.1,4281.03,4611.28,4358.46,0
4287.69,3992.82,4261.54,4107.18,4331.28,4616.92,4055.9,4628.72,4212.31,4232.82,4204.1,4282.05,4604.1,4351.79,0
4290.77,4000,4265.13,4112.31,4337.95,4621.03,4065.64,4632.31,4213.33,4242.56,4208.72,4287.69,4607.18,4357.95,0
4290.26,3999.49,4264.62,4114.36,4338.46,4623.59,4070.26,4634.87,4212.82,4249.23,4204.62,4284.1,4608.21,4361.54,0
4286.15,3990.77,4259.49,4107.69,4333.85,4618.97,4067.18,4643.59,4218.97,4245.13,4198.46,4275.9,4603.59,4352.82,0
4284.1,3989.74,4254.36,4105.13,4332.31,4615.38,4066.67,4642.05,4217.44,4249.74,4202.56,4277.44,4604.1,4348.21,0
4278.46,3986.67,4249.23,4103.59,4330.26,4620,4069.74,4628.72,4208.21,4248.72,4202.05,4278.46,4601.54,4348.72,0
4275.38,3985.64,4246.67,4103.59,4331.79,4621.03,4071.28,4629.74,4212.31,4236.41,4194.36,4272.31,4595.38,4345.64,0
4278.97,3991.79,4253.33,4106.15,4332.82,4614.87,4070.26,4637.44,4217.95,4236.41,4195.38,4272.82,4596.92,4345.13,0
4282.56,3994.87,4261.03,4108.72,4330.77,4614.36,4067.69,4631.79,4211.28,4244.62,4197.95,4280,4599.49,4352.82,0
4283.08,3991.79,4262.56,4108.21,4329.23,4617.95,4065.13,4625.64,4207.18,4238.46,4193.85,4282.05,4594.87,4354.36,0
4281.54,3986.67,4262.56,4105.64,4326.67,4615.9,4064.1,4630.26,4208.72,4232.82,4193.85,4280.51,4593.33,4348.72,0
4281.03,3987.18,4260,4106.15,4326.67,4611.79,4059.49,4629.74,4205.13,4237.44,4195.38,4280.51,4598.46,4349.23,0
4280.51,3989.23,4256.41,4108.72,4326.15,4613.33,4053.85,4624.1,4200.51,4242.56,4193.33,4278.97,4596.92,4352.31,0
4280,3988.72,4257.95,4108.21,4322.05,4612.31,4053.85,4626.15,4202.56,4242.56,4196.41,4276.41,4593.85,4353.85,0
4278.46,3987.18,4262.05,4106.15,4322.56,4607.18,4055.9,4629.23,4205.64,4236.92,4201.03,4278.46,4598.46,4355.9,0
4285.13,3988.72,4263.59,4106.67,4329.74,4609.23,4054.36,4627.69,4209.23,4236.41,4205.64,4285.13,4604.62,4358.97,0
4291.28,3994.36,4262.05,4109.23,4333.33,4617.44,4059.49,4628.72,4213.85,4246.15,4208.21,4287.69,4607.18,4358.46,0
4284.62,3994.87,4254.36,4109.23,4330.77,4620,4068.72,4629.74,4213.85,4249.74,4204.1,4283.59,4604.1,4356.41,0
4275.9,3990.77,4252.82,4105.64,4328.21,4614.87,4065.64,4622.56,4204.62,4240.51,4198.97,4275.38,4598.97,4354.87,0
4283.08,3994.87,4263.08,4109.23,4330.77,4612.31,4054.36,4618.46,4201.54,4237.44,4204.62,4280,4602.56,4358.97,0
4296.41,4004.62,4269.23,4117.95,4334.87,4615.9,4053.85,4628.21,4211.28,4243.08,4212.31,4295.38,4611.79,4366.67,0
4292.82,4000,4266.15,4113.33,4328.72,4613.85,4061.03,4634.36,4215.9,4244.1,4208.21,4294.36,4608.21,4363.59,0
4282.56,3990.26,4262.05,4104.1,4320,4606.67,4058.97,4626.15,4206.15,4240,4202.05,4284.1,4600.51,4354.87,0
4286.67,3997.44,4261.03,4108.21,4325.13,4608.21,4055.38,4622.56,4205.13,4242.05,4205.13,4287.18,4603.59,4357.44,0
4293.85,4002.05,4263.08,4113.33,4333.33,4617.44,4064.1,4630.26,4213.85,4247.18,4210.26,4292.31,4609.74,4363.59,0
4285.64,3993.85,4265.64,4109.23,4329.23,4618.97,4070.77,4628.72,4205.64,4245.64,4204.62,4286.15,4605.13,4355.9,0
4274.87,3986.15,4257.44,4104.62,4322.05,4612.31,4062.05,4620,4197.95,4244.1,4196.41,4281.03,4596.92,4346.67,0
4277.44,3987.69,4247.69,4103.08,4323.59,4611.79,4054.36,4623.08,4205.64,4242.56,4197.95,4283.08,4598.46,4353.85,0
4286.67,3995.9,4253.33,4109.74,4329.74,4617.95,4056.41,4626.15,4201.54,4233.33,4204.1,4284.1,4605.13,4363.08,0
4292.31,4002.05,4263.08,4120.51,4329.74,4614.87,4054.87,4615.9,4187.18,4226.15,4200,4283.59,4603.08,4360,0
4289.74,3997.95,4259.49,4117.44,4323.08,4607.69,4047.18,4608.72,4188.72,4226.67,4189.23,4282.05,4595.9,4352.82,0
4282.05,3989.23,4248.21,4105.13,4320,4609.23,4047.18,4612.82,4192.31,4225.13,4185.13,4277.44,4590.77,4348.72,0
4279.49,3992.82,4245.64,4107.69,4323.59,4610.26,4052.82,4617.95,4192.31,4227.69,4187.69,4272.82,4592.31,4350.26,0
4285.13,4004.62,4253.33,4120,4328.21,4607.18,4053.85,4620,4201.03,4237.95,4193.33,4273.33,4600,4355.9,0
4287.18,4010.26,4262.05,4123.08,4328.72,4606.15,4052.31,4620.51,4205.64,4242.05,4199.49,4278.46,4605.64,4362.05,0
4285.64,4005.13,4263.59,4118.97,4327.18,4606.67,4053.85,4623.59,4201.03,4235.9,4199.49,4282.05,4604.1,4362.56,0
4289.23,4001.54,4261.54,4120,4327.69,4610.26,4060,4629.74,4205.64,4229.74,4196.41,4286.67,4602.56,4363.08,0
4297.95,4007.18,4262.56,4125.13,4327.69,4612.82,4062.56,4630.77,4210.26,4228.21,4200.51,4289.74,4604.1,4370.26,0
4304.1,4012.31,4265.64,4124.1,4325.13,4607.69,4058.46,4622.05,4198.97,4228.21,4205.13,4288.21,4605.64,4377.95,0
4313.33,4015.38,4269.74,4119.49,4323.59,4604.1,4052.82,4616.92,4196.41,4231.79,4203.08,4289.74,4609.74,4385.64,0
4332.31,4021.54,4278.46,4127.18,4327.18,4606.15,4055.38,4617.95,4205.13,4234.36,4204.1,4295.9,4612.82,4396.41,0
4345.64,4024.62,4285.13,4136.41,4327.18,4605.13,4063.59,4615.38,4196.92,4227.18,4202.05,4299.49,4604.62,4400,0
4347.69,4028.21,4283.59,4134.36,4319.49,4602.05,4062.05,4609.74,4183.59,4217.95,4191.28,4297.44,4593.85,4398.46,0
4351.79,4035.38,4276.92,4131.79,4317.44,4600.51,4057.44,4609.74,4189.23,4213.33,4192.31,4296.41,4601.03,4408.21,0
4363.59,4040.51,4277.44,4135.38,4321.54,4602.05,4059.49,4611.28,4195.9,4215.38,4203.59,4297.95,4616.92,4421.54,0
4375.9,4050.26,4288.21,4140.51,4322.56,4603.59,4062.05,4608.21,4188.21,4220.51,4206.67,4301.54,4622.05,4431.79,0
4390.77,4067.69,4295.9,4149.23,4323.59,4602.05,4060.51,4609.74,4188.21,4224.1,4213.33,4307.69,4626.67,4448.21,0
4404.1,4073.33,4296.92,4154.87,4325.64,4604.1,4060,4620.51,4203.59,4231.28,4227.18,4315.38,4641.03,4462.56,0
4405.13,4069.74,4297.44,4150.26,4322.56,4603.59,4059.49,4624.1,4209.23,4236.92,4225.13,4317.44,4647.69,4460,0
4406.67,4076.41,4295.9,4150.26,4320.51,4598.97,4058.46,4615.9,4196.41,4227.18,4212.82,4313.85,4637.44,4457.44,0
4416.41,4084.1,4296.92,4164.1,4321.03,4600.51,4061.03,4612.82,4188.21,4215.9,4216.92,4313.33,4638.97,4468.72,0
4417.95,4080.51,4302.56,4167.18,4321.03,4604.1,4063.59,4616.92,4191.28,4222.05,4226.67,4315.38,4647.69,4474.87,0
4412.31,4076.92,4303.08,4159.49,4324.1,4602.56,4061.03,4610.26,4187.18,4225.13,4220,4312.31,4642.56,4466.67,0
4413.85,4079.49,4301.54,4160,4326.15,4602.56,4058.46,4600.51,4177.95,4221.54,4216.92,4311.79,4642.05,4466.15,0
4422.56,4083.59,4306.67,4165.64,4325.13,4601.54,4061.54,4596.92,4173.33,4221.03,4224.62,4314.87,4651.79,4477.95,0
4426.67,4086.15,4310.77,4169.23,4326.15,4596.92,4058.97,4597.44,4177.95,4220,4224.62,4316.92,4653.33,4482.05,0
4427.18,4084.62,4312.31,4170.26,4329.23,4596.92,4051.28,4602.56,4186.67,4220,4221.54,4320,4654.36,4477.95,0
4422.56,4076.92,4308.72,4162.56,4327.69,4602.05,4053.85,4608.72,4190.26,4218.97,4223.59,4320,4656.41,4475.38,0
4415.38,4070.77,4298.46,4152.31,4323.59,4603.59,4055.9,4609.74,4195.9,4221.03,4226.15,4315.38,4652.31,4473.85,0
4417.44,4072.31,4296.92,4154.36,4325.64,4602.05,4049.23,4611.79,4203.59,4233.85,4233.33,4315.9,4660,4478.46,0
4422.56,4074.87,4303.08,4160.51,4331.28,4601.03,4047.69,4614.36,4206.15,4245.13,4239.49,4318.97,4675.9,4486.15,0
4424.62,4075.38,4300,4161.54,4332.82,4607.69,4055.38,4615.9,4208.21,4241.03,4238.97,4318.46,4678.46,4488.72,0
4423.59,4070.77,4295.38,4157.95,4329.23,4614.87,4058.46,4618.46,4205.64,4235.38,4240,4316.92,4674.36,4485.64,0
4422.05,4064.62,4296.92,4153.85,4327.18,4612.31,4052.31,4610.77,4190.77,4235.38,4241.03,4315.9,4675.9,4482.05,0
4420.51,4068.21,4296.41,4154.87,4331.79,4605.64,4048.21,4596.41,4182.05,4230.26,4235.38,4312.82,4677.44,4485.13,0
4420.51,4075.9,4295.38,4157.44,4333.85,4603.59,4047.69,4592.31,4189.23,4230.26,4234.36,4313.33,4675.9,4488.72,0
4421.54,4070.77,4294.36,4153.85,4329.23,4603.59,4046.15,4595.9,4193.85,4235.9,4237.44,4316.41,4671.28,4487.18,0
4421.03,4063.59,4292.82,4151.28,4326.67,4601.54,4046.67,4605.64,4197.95,4241.03,4242.56,4316.92,4676.92,4491.28,0
4424.1,4065.13,4296.92,4155.38,4331.28,4600.51,4048.21,4616.41,4208.21,4250.26,4250.26,4318.46,4693.85,4498.46,0
4423.08,4062.05,4295.9,4151.79,4330.26,4605.13,4049.74,4617.44,4212.31,4250.77,4249.74,4316.41,4694.87,4490.77,0
4414.36,4053.85,4284.62,4136.92,4328.72,4611.79,4053.85,4613.85,4208.21,4238.97,4240,4310.77,4682.05,4479.49,0
4407.69,4052.31,4278.46,4132.31,4333.85,4614.87,4059.49,4613.85,4203.08,4234.87,4237.44,4306.67,4675.9,4476.92,0
4400,4049.74,4278.46,4134.87,4330.77,4609.23,4058.46,4613.33,4196.92,4242.56,4237.95,4304.62,4669.23,4468.21,0
4395.38,4040,4277.95,4127.18,4324.1,4603.08,4055.9,4609.23,4191.28,4239.49,4233.33,4302.05,4664.1,4463.59,0
4400.51,4038.97,4281.03,4125.64,4326.67,4604.1,4058.97,4605.13,4187.18,4230.26,4235.38,4305.13,4670.77,4471.79,0
4407.69,4047.69,4284.1,4134.36,4329.74,4610.77,4062.05,4600,4181.54,4228.21,4237.44,4307.18,4672.82,4472.31,0
4408.72,4051.79,4281.03,4134.87,4325.13,4612.31,4058.46,4591.79,4178.46,4233.33,4231.28,4304.1,4662.05,4469.74,0
4408.72,4053.85,4279.49,4132.82,4323.59,4606.15,4055.9,4595.38,4194.36,4241.03,4230.26,4304.62,4663.59,4474.36,1
4410.77,4055.9,4281.54,4133.33,4326.15,4602.56,4056.92,4607.18,4203.08,4241.03,4236.92,4305.64,4673.85,4475.38,1
4407.69,4047.18,4277.95,4125.13,4323.08,4604.1,4055.9,4610.26,4194.36,4237.44,4238.97,4303.08,4674.87,4472.31,1
4405.13,4038.46,4276.92,4119.49,4321.54,4606.15,4057.95,4615.38,4200.51,4244.62,4247.18,4308.21,4680,4482.05,1
4409.74,4046.67,4285.13,4127.69,4327.18,4609.23,4061.03,4625.13,4209.23,4252.31,4255.9,4315.9,4690.26,4487.69,1
4415.9,4058.46,4292.82,4135.9,4330.77,4609.23,4059.49,4623.08,4201.54,4249.23,4249.74,4315.9,4687.18,4483.08,1
4419.49,4060.51,4296.41,4138.46,4329.74,4603.59,4058.97,4618.97,4198.97,4243.08,4241.54,4316.92,4675.38,4483.59,1
4414.87,4050.26,4297.44,4136.41,4327.69,4600.51,4063.59,4618.97,4204.1,4242.05,4242.05,4318.97,4672.31,4481.54,1
4409.74,4042.56,4292.82,4136.41,4328.21,4600.51,4062.05,4606.67,4197.95,4245.13,4245.64,4314.36,4678.97,4476.92,1
4409.23,4050.77,4289.74,4137.95,4332.82,4602.56,4055.9,4598.46,4196.92,4249.74,4249.74,4313.85,4682.05,4479.49,1
4409.23,4054.36,4293.85,4137.95,4330.77,4604.62,4056.41,4608.72,4204.62,4248.21,4248.21,4317.44,4678.46,4478.97,1
4404.62,4041.54,4290.77,4132.31,4320.51,4602.56,4060,4613.33,4200.51,4241.54,4242.56,4316.41,4674.87,4470.26,1
4392.82,4030.77,4278.46,4122.05,4318.97,4603.08,4060,4608.72,4193.33,4237.95,4240,4308.21,4668.72,4458.97,1
4383.08,4032.82,4273.85,4118.97,4322.05,4607.69,4058.46,4608.72,4197.44,4242.56,4236.92,4300.51,4661.03,4454.36,1
4383.08,4035.9,4276.41,4122.05,4318.97,4605.13,4054.87,4609.23,4201.54,4248.21,4235.9,4298.46,4667.18,4457.95,1
4386.67,4034.36,4276.41,4121.54,4318.46,4602.05,4056.41,4616.41,4207.69,4244.62,4238.46,4300.51,4674.87,4457.44,1
4385.13,4029.74,4277.95,4121.03,4325.13,4608.21,4061.03,4628.21,4219.49,4247.18,4239.49,4304.1,4669.74,4453.85,1
4382.56,4027.18,4280.51,4122.56,4327.69,4613.85,4061.54,4630.26,4222.05,4260,4240.51,4309.23,4667.69,4457.44,1
4383.59,4032.82,4276.92,4124.1,4326.67,4608.72,4057.44,4621.03,4207.69,4256.41,4242.56,4311.28,4674.36,4461.03,1
4385.64,4036.92,4277.44,4131.79,4328.72,4605.13,4057.95,4616.92,4210.26,4245.13,4246.15,4311.79,4672.82,4459.49,1
4390.26,4035.9,4285.64,4139.49,4330.77,4610.26,4061.03,4620,4224.62,4251.79,4247.69,4313.33,4667.18,4459.49,1
4389.23,4032.82,4289.23,4133.85,4331.28,4614.36,4060,4620.51,4218.97,4258.97,4244.62,4311.79,4669.23,4460,1
4382.56,4032.82,4283.59,4129.23,4331.28,4616.92,4056.92,4618.97,4209.23,4251.28,4242.56,4307.69,4669.74,4454.36,1
4382.05,4033.33,4278.46,4131.79,4327.69,4613.85,4055.38,4615.38,4207.69,4244.62,4243.08,4309.23,4664.1,4450.77,1
4385.64,4030.77,4284.1,4128.21,4325.64,4605.13,4054.36,4610.77,4204.1,4247.18,4238.46,4314.87,4661.54,4451.28,1
4386.67,4031.79,4290.26,4125.64,4328.72,4605.64,4055.38,4614.36,4208.21,4253.85,4239.49,4314.87,4665.64,4456.92,1
4385.13,4033.85,4285.64,4127.18,4327.18,4615.38,4059.49,4624.1,4216.41,4255.38,4246.67,4311.79,4669.74,4458.46,1
4381.54,4028.21,4277.95,4122.56,4321.54,4612.31,4057.95,4623.59,4209.74,4250.77,4243.59,4310.77,4662.56,4450.77,1
4375.9,4024.62,4276.92,4117.95,4319.49,4600.51,4052.31,4614.36,4196.92,4245.64,4236.92,4309.74,4652.31,4443.08,1
4375.9,4026.67,4281.54,4120,4319.49,4602.56,4051.28,4611.79,4193.33,4237.44,4237.95,4308.21,4653.85,4446.15,1
4378.46,4025.13,4283.59,4122.05,4322.05,4609.23,4056.41,4615.38,4196.41,4230.77,4233.85,4307.69,4650.77,4448.21,1
4376.92,4024.1,4278.97,4120,4324.1,4607.69,4061.54,4615.38,4197.95,4236.92,4227.18,4305.13,4643.08,4442.56,1
4371.79,4024.62,4273.85,4116.92,4320,4603.59,4056.92,4611.79,4197.44,4244.1,4231.28,4303.08,4647.69,4441.03,1
4367.18,4017.95,4273.85,4116.92,4315.38,4602.05,4050.77,4618.46,4205.64,4243.08,4238.97,4304.62,4654.87,4443.08,1
4369.23,4016.41,4278.46,4123.08,4318.97,4602.56,4051.79,4626.15,4214.87,4248.21,4242.05,4307.18,4659.49,4449.23,1
4374.87,4027.18,4281.54,4124.1,4322.05,4605.64,4056.92,4620.51,4204.1,4256.92,4245.13,4307.18,4666.67,4450.77,1
4369.23,4026.67,4272.82,4121.03,4318.46,4608.21,4061.54,4614.87,4194.36,4250.77,4241.54,4304.1,4663.08,4436.92,1
4360.51,4016.92,4263.59,4121.03,4316.41,4605.13,4062.56,4614.87,4201.54,4239.49,4234.87,4297.95,4651.79,4428.21,1
4363.59,4021.03,4271.28,4123.08,4316.92,4600.51,4056.92,4610.26,4198.46,4236.41,4229.23,4294.36,4645.64,4435.9,1
4367.69,4026.15,4281.54,4122.56,4316.41,4601.03,4053.85,4608.21,4189.23,4231.79,4223.59,4298.46,4639.49,4439.49,1
4363.59,4020.51,4277.44,4119.49,4314.87,4603.59,4057.44,4612.31,4196.41,4226.67,4223.08,4301.54,4638.97,4433.85,1
4361.54,4013.85,4274.87,4117.95,4311.79,4600,4055.38,4608.72,4198.46,4225.64,4223.59,4298.97,4643.08,4431.28,1
4365.13,4011.28,4277.44,4117.95,4311.28,4595.9,4048.72,4598.97,4182.56,4222.05,4218.97,4294.87,4640,4432.31,1
4366.67,4010.77,4278.46,4120,4312.82,4600.51,4050.26,4603.08,4189.23,4226.67,4223.08,4298.97,4641.54,4436.92,1
4365.64,4015.38,4278.97,4123.08,4317.44,4609.74,4056.92,4620,4213.33,4245.13,4238.46,4307.18,4653.85,4442.56,1
4364.62,4020,4273.33,4124.1,4321.54,4609.23,4058.46,4623.08,4211.28,4254.87,4242.05,4302.56,4657.44,4438.97,1
4362.56,4022.56,4269.74,4127.18,4323.08,4603.08,4060,4617.95,4200,4247.69,4231.79,4291.79,4650.26,4427.18,1
4360.51,4025.13,4275.38,4135.38,4321.03,4603.08,4061.03,4618.46,4203.59,4240.51,4225.13,4286.67,4642.56,4419.49,1
4358.97,4025.13,4281.03,4138.46,4321.03,4603.59,4057.44,4616.92,4204.62,4240,4224.62,4289.23,4635.9,4419.49,1
4357.95,4017.95,4276.41,4129.23,4323.08,4602.56,4057.95,4612.31,4196.92,4240,4223.08,4294.87,4633.33,4421.03,1
4355.9,4013.85,4268.21,4119.49,4322.56,4603.59,4060,4611.79,4195.9,4235.38,4220,4297.95,4631.79,4418.97,1
4351.79,4018.97,4269.23,4125.64,4320.51,4602.56,4056.41,4612.31,4196.92,4227.69,4216.41,4291.28,4626.67,4410.77,1
4350.26,4022.05,4276.92,4136.92,4319.49,4600.51,4056.92,4616.41,4196.92,4229.74,4217.44,4284.62,4626.67,4407.69,1
4354.36,4017.95,4281.54,4134.36,4317.95,4599.49,4061.54,4620,4195.38,4234.87,4224.1,4292.82,4637.95,4420.51,1
4353.85,4013.33,4280,4123.59,4316.41,4601.03,4057.95,4613.33,4194.36,4234.87,4233.33,4306.67,4645.13,4429.23,1
4348.21,4010.26,4278.97,4120.51,4317.44,4601.03,4052.31,4613.33,4206.15,4241.03,4237.44,4312.82,4640,4424.62,1
4348.21,4009.23,4277.95,4123.08,4316.92,4604.62,4056.92,4626.15,4214.36,4247.69,4231.79,4309.23,4640,4422.56,1
4351.28,4011.79,4276.41,4124.62,4318.97,4607.69,4062.56,4630.26,4207.69,4242.05,4224.1,4297.95,4640.51,4417.95,1
4347.18,4010.77,4281.54,4129.74,4322.05,4606.15,4064.62,4629.74,4207.18,4236.92,4216.92,4292.31,4623.59,4402.05,1
4344.62,4002.05,4285.13,4127.69,4317.95,4605.13,4068.21,4636.41,4214.36,4240,4213.33,4295.38,4609.74,4397.44,1
4346.15,3996.92,4283.59,4116.41,4316.92,4605.13,4067.69,4638.97,4213.85,4241.03,4218.46,4301.54,4615.9,4407.69,1
4341.54,3997.44,4277.95,4114.87,4321.03,4605.13,4063.08,4627.18,4201.03,4240,4222.05,4303.08,4624.1,4409.23,1
4337.44,3999.49,4273.33,4122.56,4321.03,4605.13,4060,4611.28,4187.69,4232.82,4216.41,4295.38,4617.44,4402.05,1
4340,4004.1,4275.9,4125.13,4320,4607.69,4060.51,4608.72,4189.23,4224.1,4207.69,4287.18,4607.18,4397.95,1
4340,4000,4280.51,4122.56,4320,4607.18,4061.54,4617.95,4198.97,4225.13,4202.56,4287.18,4603.08,4396.92,1
4337.44,3995.38,4282.05,4124.1,4322.05,4605.13,4058.46,4617.44,4192.31,4224.62,4200,4287.69,4602.56,4393.85,1
4338.97,4003.59,4279.49,4126.67,4326.67,4608.72,4055.38,4609.23,4188.72,4220,4201.54,4286.15,4602.56,4388.72,1
4335.38,4012.31,4270.77,4126.67,4329.23,4612.82,4054.36,4615.38,4206.15,4227.69,4203.08,4287.69,4602.05,4386.15,1
4329.74,4010.77,4261.03,4125.13,4326.67,4613.85,4055.9,4628.72,4219.49,4237.44,4205.64,4285.64,4605.13,4387.18,1
4328.72,4009.23,4263.59,4123.59,4326.15,4615.38,4062.56,4635.9,4219.49,4235.9,4208.72,4280,4606.15,4383.08,1
4324.62,4005.64,4268.72,4122.56,4324.1,4616.41,4069.74,4637.44,4218.97,4237.95,4205.64,4281.54,4597.44,4375.38,1
4317.44,3994.36,4264.62,4116.41,4319.49,4615.9,4070.77,4636.41,4216.41,4239.49,4199.49,4286.15,4589.74,4373.85,1
4315.9,3988.72,4261.03,4107.18,4317.95,4614.87,4068.72,4639.49,4221.54,4237.44,4199.49,4286.67,4595.9,4378.46,1
4321.54,3993.33,4263.59,4109.74,4320.51,4610.26,4065.64,4640,4225.64,4242.56,4207.69,4285.64,4603.59,4383.08,1
4324.62,4003.08,4265.64,4122.56,4325.13,4608.21,4064.1,4629.23,4204.62,4244.62,4211.28,4284.1,4599.49,4383.08,1
4324.62,4007.18,4263.59,4126.15,4323.59,4610.77,4065.64,4617.95,4185.64,4232.82,4203.59,4283.08,4594.87,4377.44,1
4326.15,4005.13,4266.15,4121.03,4318.46,4606.67,4064.62,4613.85,4190.77,4220,4195.38,4281.03,4590.26,4372.82,1
4329.23,4006.15,4271.79,4120,4318.97,4602.56,4060.51,4610.77,4190.26,4212.82,4193.85,4279.49,4582.56,4372.31,1
4329.74,4009.74,4272.82,4123.08,4322.05,4608.72,4060,4608.21,4184.62,4211.28,4190.26,4279.49,4579.49,4372.31,1
4329.74,4010.77,4272.31,4126.67,4325.13,4613.33,4065.64,4610.77,4190.77,4212.82,4189.74,4277.44,4584.62,4370.26,1
4329.74,4008.21,4272.31,4125.13,4329.23,4613.33,4068.21,4617.44,4191.79,4215.38,4193.33,4271.79,4585.13,4368.21,1
4327.18,4008.21,4272.31,4125.64,4330.77,4614.87,4068.21,4626.67,4196.92,4221.03,4193.85,4275.38,4584.62,4374.36,1
4329.74,4011.79,4276.92,4131.79,4329.23,4614.87,4070.26,4636.41,4211.28,4230.26,4197.44,4288.72,4592.31,4383.08,1
4330.77,4012.31,4281.03,4131.79,4327.69,4613.85,4069.74,4636.41,4208.72,4231.28,4202.56,4290.77,4593.85,4375.9,1
4325.64,4007.69,4276.92,4130.26,4325.64,4613.85,4066.15,4628.21,4203.59,4228.72,4203.59,4285.13,4588.21,4365.64,1
4324.1,4009.23,4277.44,4135.38,4327.69,4614.87,4066.67,4628.21,4213.85,4235.9,4204.62,4287.18,4590.77,4371.28,1
4326.67,4014.36,4281.54,4136.41,4327.69,4613.33,4068.72,4633.33,4212.31,4238.46,4204.1,4288.72,4592.82,4373.85,1
4324.62,4011.28,4277.95,4133.85,4324.62,4607.18,4062.56,4622.56,4191.79,4227.18,4197.95,4281.54,4587.18,4366.67,1
4319.49,4008.21,4274.36,4135.38,4324.62,4601.03,4055.9,4605.13,4181.03,4216.92,4189.74,4280.51,4584.62,4367.18,1
4322.05,4012.82,4280,4139.49,4329.23,4603.59,4063.08,4609.23,4188.21,4216.41,4191.28,4288.21,4587.18,4372.31,1
4328.21,4009.74,4284.62,4137.44,4330.26,4611.28,4069.23,4624.62,4201.03,4221.03,4198.97,4290.26,4586.67,4371.79,1
4322.05,3998.97,4275.38,4126.67,4328.72,4612.31,4060.51,4622.05,4200,4221.54,4194.36,4284.62,4581.03,4365.13,1
4307.69,3992.82,4261.54,4118.46,4323.59,4608.21,4050.26,4610.77,4191.28,4212.82,4183.59,4276.41,4569.74,4358.97,1
4307.18,3994.36,4260,4120.51,4321.03,4610.26,4052.31,4617.44,4198.46,4210.26,4185.64,4271.28,4567.18,4358.46,1
4315.38,4002.05,4263.59,4122.05,4326.15,4614.87,4057.95,4631.79,4211.79,4223.59,4193.33,4271.28,4577.95,4362.56,1
4315.9,4006.67,4263.08,4119.49,4328.21,4614.87,4063.08,4638.97,4216.41,4235.9,4196.41,4278.46,4588.21,4369.23,1
4315.38,4003.59,4265.64,4122.05,4328.72,4615.9,4070.77,4643.59,4225.13,4241.54,4207.18,4289.23,4593.85,4377.95,1
4318.46,4003.59,4267.18,4120,4332.82,4618.97,4074.36,4641.54,4229.74,4247.18,4215.9,4292.82,4594.87,4376.41,1
4316.41,4006.15,4255.38,4111.28,4335.38,4616.41,4067.69,4630.26,4214.87,4245.64,4209.23,4284.62,4590.77,4369.74,1
4311.79,4000.51,4249.74,4108.21,4331.79,4611.79,4064.1,4624.1,4203.08,4238.97,4205.64,4278.46,4593.33,4373.33,1
4312.82,3996.92,4258.97,4110.26,4330.26,4612.31,4071.28,4626.67,4202.05,4237.44,4211.28,4282.05,4598.97,4382.56,1
4317.95,4003.59,4268.72,4111.79,4334.87,4614.36,4074.36,4622.56,4191.79,4230.26,4209.74,4286.67,4596.41,4380.51,1
4321.03,4004.1,4266.67,4108.72,4333.85,4614.36,4071.79,4620,4187.18,4218.46,4197.44,4284.1,4587.69,4371.79,1
4317.95,3996.92,4254.36,4103.59,4329.23,4615.38,4071.28,4626.15,4196.92,4216.92,4194.36,4280.51,4586.15,4373.33,1
4314.36,3993.85,4246.15,4102.05,4327.18,4616.92,4069.74,4628.21,4198.46,4222.05,4199.49,4278.46,4588.72,4377.95,1
4312.82,3994.36,4254.36,4105.13,4328.72,4615.38,4070.26,4626.67,4195.9,4225.13,4198.97,4275.38,4586.67,4372.31,1
4313.85,3993.33,4266.15,4106.67,4327.18,4612.82,4075.9,4631.28,4205.64,4231.28,4196.41,4275.9,4588.21,4367.69,1
4313.33,3989.23,4265.13,4101.03,4323.59,4610.77,4076.92,4631.79,4209.23,4238.46,4199.49,4281.54,4591.79,4371.79,1
4310.26,3985.64,4264.62,4090.77,4325.64,4610.26,4072.82,4630.77,4207.18,4237.44,4202.56,4287.18,4590.26,4375.38,1
4308.72,3983.59,4264.1,4088.72,4327.69,4613.85,4075.9,4640,4218.46,4238.97,4206.15,4288.21,4591.28,4373.33,1
4306.15,3989.74,4253.33,4095.38,4328.21,4615.9,4082.56,4643.59,4224.1,4245.13,4209.23,4281.03,4595.9,4371.28,1
4303.59,3993.85,4246.15,4097.44,4329.74,4616.41,4082.05,4634.36,4214.87,4245.64,4207.18,4276.41,4597.95,4374.87,1
4303.08,3984.62,4254.87,4092.31,4325.64,4617.95,4079.49,4631.79,4210.26,4241.03,4207.69,4282.56,4603.59,4381.03,1
4308.72,3982.05,4266.15,4089.74,4324.1,4616.41,4074.87,4633.33,4214.87,4246.67,4218.97,4292.31,4613.85,4388.72,1
4314.87,3989.74,4267.18,4097.44,4334.36,4613.85,4066.67,4627.18,4214.87,4254.36,4223.08,4295.38,4616.92,4391.28,1
4312.31,3990.26,4262.56,4104.1,4339.49,4618.97,4066.67,4623.59,4210.77,4247.18,4215.38,4288.72,4609.23,4386.15,1
4312.31,3988.72,4260,4102.05,4333.85,4623.59,4076.41,4628.21,4209.74,4244.1,4214.87,4283.08,4604.1,4383.08,1
4317.44,3992.31,4263.08,4100,4334.36,4620,4081.54,4627.69,4209.74,4250.77,4219.49,4285.64,4607.69,4385.13,1
4317.44,3989.74,4268.21,4105.64,4334.87,4616.92,4081.03,4629.23,4212.82,4250.26,4215.38,4288.21,4610.77,4385.13,1
4313.33,3979.49,4273.85,4106.15,4326.15,4615.9,4080,4636.92,4216.92,4247.69,4210.26,4289.23,4606.15,4383.59,1
4311.79,3975.38,4278.46,4102.56,4323.08,4615.38,4082.56,4638.97,4216.92,4246.15,4210.77,4292.31,4598.46,4382.56,1
4314.36,3978.97,4276.41,4107.18,4329.23,4617.44,4083.08,4633.33,4210.77,4238.97,4207.69,4291.28,4592.82,4380,1
4313.33,3978.46,4268.72,4109.23,4330.77,4618.46,4077.44,4629.74,4206.15,4233.33,4206.67,4284.62,4591.79,4372.82,1
4302.05,3970.77,4257.95,4097.44,4326.15,4612.82,4074.36,4632.31,4213.33,4241.03,4209.74,4280,4591.79,4363.08,1
4291.79,3967.69,4252.31,4092.82,4324.62,4611.79,4081.03,4634.36,4222.05,4248.72,4211.79,4282.05,4595.38,4364.62,1
4299.49,3972.31,4260,4102.05,4327.69,4614.87,4084.1,4630.77,4214.36,4248.21,4221.03,4292.82,4607.69,4382.05,1
4307.18,3972.31,4265.64,4103.08,4325.64,4611.28,4074.36,4624.1,4202.05,4244.62,4222.56,4299.49,4611.28,4387.69,1
4299.49,3966.67,4254.87,4091.28,4320.51,4609.74,4065.64,4622.56,4206.67,4236.41,4209.74,4287.69,4597.95,4373.33,1
4297.44,3968.21,4247.18,4087.69,4320.51,4612.31,4065.64,4626.15,4210.77,4228.72,4204.1,4277.44,4590.77,4365.13,1
4302.56,3974.36,4257.95,4094.36,4322.56,4607.18,4068.72,4629.74,4206.15,4233.33,4207.18,4280.51,4592.82,4370.77,1
4303.08,3967.69,4265.13,4096.92,4318.97,4605.64,4074.36,4633.33,4206.67,4235.38,4205.13,4284.1,4589.23,4372.82,1
4306.67,3955.9,4262.56,4091.79,4315.38,4612.31,4082.05,4632.31,4205.64,4222.05,4201.54,4283.59,4585.13,4370.77,1
4312.82,3960,4268.72,4090.77,4320,4615.38,4087.69,4628.72,4202.56,4218.46,4200.51,4286.67,4588.21,4375.9,1
4317.44,3971.28,4278.46,4097.44,4326.15,4614.87,4087.18,4628.21,4208.21,4231.28,4203.59,4292.82,4594.87,4385.64,1
4326.15,3975.9,4280,4107.18,4330.26,4619.49,4084.1,4631.79,4218.97,4241.54,4217.44,4298.97,4612.82,4397.44,1
4333.33,3980,4280,4110.26,4331.79,4619.49,4080.51,4633.85,4218.97,4249.74,4228.21,4305.64,4628.72,4404.1,1
4329.23,3981.54,4280,4106.67,4329.23,4615.9,4076.41,4635.9,4215.38,4252.82,4223.59,4307.18,4623.08,4399.49,1
4324.1,3978.97,4276.41,4106.67,4329.74,4616.41,4072.82,4637.44,4214.87,4245.64,4212.82,4300.51,4609.74,4393.33,1
4322.05,3975.9,4270.26,4108.72,4334.87,4617.95,4071.79,4633.33,4213.33,4241.54,4210.77,4295.9,4609.23,4392.31,1
4315.38,3972.82,4260.51,4098.46,4333.33,4616.92,4074.36,4631.79,4216.92,4247.18,4218.46,4296.92,4617.44,4391.28,1
4309.23,3973.33,4252.31,4088.21,4324.1,4612.82,4075.9,4635.9,4228.21,4254.36,4222.56,4296.41,4620.51,4386.67,1
4311.28,3978.97,4256.41,4097.95,4322.05,4612.82,4075.38,4636.92,4232.31,4258.97,4222.56,4297.95,4618.46,4383.59,1
4314.36,3980,4265.13,4110.26,4327.18,4617.44,4075.9,4629.23,4219.49,4254.36,4224.1,4300,4613.33,4382.05,1
4311.79,3973.85,4272.82,4108.72,4328.72,4617.44,4075.9,4626.15,4209.74,4245.64,4214.87,4295.38,4602.05,4375.9,1
4310.77,3973.33,4275.9,4106.67,4330.77,4613.33,4074.87,4630.77,4218.46,4245.13,4202.56,4287.69,4593.33,4368.72,1
4311.28,3979.49,4273.33,4109.23,4331.28,4615.38,4074.36,4631.79,4221.54,4246.67,4206.15,4285.13,4598.46,4367.18,1
4310.26,3980,4271.28,4108.21,4328.21,4616.92,4073.33,4628.21,4207.69,4239.49,4214.36,4288.72,4609.23,4371.28,1
4313.85,3975.9,4273.85,4106.67,4327.69,4609.23,4068.72,4626.67,4206.67,4234.36,4212.82,4295.9,4609.74,4378.97,1
4321.03,3978.46,4277.95,4110.77,4329.23,4603.59,4067.18,4625.64,4216.92,4241.03,4211.79,4298.46,4606.67,4385.64,1
4319.49,3979.49,4275.9,4112.82,4329.23,4608.21,4070.26,4619.49,4208.72,4243.08,4210.77,4293.33,4606.67,4381.03,1
4312.82,3971.28,4272.82,4109.74,4332.31,4612.82,4069.23,4617.44,4200.51,4240,4208.72,4290.77,4606.15,4371.28,1
4310.77,3968.21,4268.72,4103.08,4335.9,4614.87,4065.13,4626.15,4213.85,4244.62,4211.28,4292.31,4605.64,4370.26,1
4313.85,3978.97,4265.13,4105.13,4336.92,4618.46,4062.56,4629.74,4217.44,4244.1,4210.26,4288.21,4605.13,4371.79,1
4317.44,3992.31,4268.72,4117.95,4339.49,4617.44,4067.18,4624.1,4204.62,4234.36,4203.08,4287.18,4597.44,4369.74,1
4317.44,3997.44,4272.31,4123.08,4337.44,4610.77,4072.82,4621.54,4201.03,4229.74,4198.97,4290.77,4587.69,4364.1,1
4314.87,3994.87,4267.69,4116.41,4333.33,4610.77,4075.38,4627.18,4211.28,4232.82,4194.87,4285.64,4584.1,4356.92,1
4306.67,3986.67,4262.05,4110.77,4334.87,4617.44,4079.49,4631.28,4217.95,4234.87,4192.31,4277.44,4583.08,4351.28,1
4298.97,3980,4263.08,4110.26,4340,4620.51,4078.97,4628.21,4212.31,4237.44,4200,4281.03,4581.54,4352.82,1
4304.1,3984.1,4268.21,4113.85,4343.59,4620,4070.77,4624.62,4209.23,4241.54,4206.15,4286.67,4587.69,4359.49,1
4314.87,3993.85,4276.41,4120,4345.64,4617.44,4067.18,4623.08,4211.28,4238.97,4203.59,4288.21,4594.36,4364.62,1
4317.95,3996.92,4281.03,4127.18,4343.08,4611.79,4069.74,4622.05,4209.23,4234.36,4202.05,4292.82,4594.36,4368.72,1
4318.46,3994.36,4278.46,4131.79,4338.46,4607.18,4070.77,4623.59,4207.18,4236.92,4204.62,4296.41,4594.87,4372.31,1
4321.03,3992.82,4280.51,4131.28,4335.38,4604.62,4070.77,4626.15,4206.67,4238.97,4206.67,4297.95,4595.38,4372.82,1
4316.92,3991.28,4282.05,4123.59,4334.87,4606.15,4072.31,4625.64,4203.59,4236.41,4208.21,4296.41,4594.87,4369.74,1
4306.15,3985.64,4271.28,4115.9,4336.92,4612.82,4071.79,4632.31,4216.41,4239.49,4211.28,4289.74,4596.41,4364.1,1
4299.49,3979.49,4257.44,4111.28,4338.97,4613.85,4068.72,4641.03,4228.21,4247.69,4210.77,4283.08,4598.97,4357.95,1
4291.79,3975.38,4248.72,4106.67,4336.41,4609.23,4067.69,4638.97,4218.97,4245.64,4204.1,4276.92,4594.36,4348.72,1
4283.59,3972.82,4245.64,4103.08,4332.31,4611.28,4072.82,4637.95,4221.54,4243.08,4202.56,4274.87,4587.69,4344.1,1
4284.1,3973.85,4253.33,4107.69,4333.85,4617.44,4077.95,4645.64,4239.49,4250.26,4206.67,4284.1,4589.23,4349.23,1
4289.74,3977.44,4262.56,4118.97,4336.92,4618.46,4075.38,4644.62,4232.31,4248.72,4202.56,4289.23,4590.26,4354.36,1
4293.85,3977.44,4262.56,4119.49,4334.87,4621.03,4071.79,4635.38,4216.92,4235.38,4194.36,4283.59,4581.54,4350.77,1
4296.41,3977.44,4265.13,4112.31,4331.28,4624.1,4070.26,4631.79,4226.15,4235.38,4194.87,4283.08,4577.95,4352.82,1
4301.03,3982.56,4272.82,4117.44,4332.82,4620.51,4065.64,4630.77,4232.82,4245.64,4200.51,4287.18,4588.72,4364.1,1
4301.03,3981.54,4271.79,4124.62,4333.85,4614.87,4061.03,4627.18,4223.08,4245.64,4204.1,4287.69,4596.92,4365.13,1
4296.41,3971.79,4264.1,4118.46,4329.74,4613.85,4063.08,4630.77,4222.05,4242.56,4205.64,4286.67,4594.36,4356.92,1
4295.38,3972.31,4264.1,4112.31,4330.26,4616.41,4066.67,4633.85,4223.08,4243.08,4207.18,4285.13,4591.79,4355.9,1
4296.41,3981.03,4265.64,4114.87,4334.36,4616.92,4066.15,4629.23,4218.97,4242.05,4205.64,4282.56,4594.87,4356.92,1
4292.31,3975.9,4255.9,4114.36,4336.92,4615.9,4068.21,4631.28,4224.1,4243.59,4206.67,4283.08,4596.41,4352.31,1
4282.05,3962.56,4247.18,4108.72,4335.9,4621.03,4072.31,4639.49,4227.18,4243.59,4206.67,4283.08,4592.31,4348.21,1
4278.97,3962.05,4251.79,4106.67,4333.33,4626.67,4073.33,4635.9,4211.79,4231.28,4199.49,4278.97,4588.21,4347.69,1
4281.54,3965.13,4260.51,4110.77,4332.82,4623.08,4072.82,4631.28,4214.36,4227.69,4197.44,4280,4590.26,4351.28,1
4283.08,3961.03,4268.21,4115.38,4332.31,4618.97,4077.44,4640.51,4235.9,4241.54,4207.69,4289.23,4591.28,4351.79,1
4281.54,3960.51,4272.82,4119.49,4331.28,4621.54,4079.49,4645.64,4233.33,4245.13,4207.69,4290.77,4588.72,4344.62,1
4282.56,3970.26,4270.26,4122.56,4334.87,4624.62,4074.36,4636.92,4220,4240.51,4196.92,4286.15,4586.15,4343.59,1
4287.69,3977.44,4269.23,4124.1,4339.49,4623.59,4069.23,4631.28,4221.03,4241.03,4197.95,4285.13,4587.69,4347.69,1
4286.67,3973.85,4272.82,4123.59,4335.9,4620.51,4069.74,4635.9,4223.08,4240,4201.03,4286.15,4589.23,4345.64,1
4285.64,3970.77,4275.9,4124.1,4335.38,4621.03,4070.26,4637.95,4216.41,4236.41,4195.38,4285.13,4586.15,4346.67,1
4288.72,3975.38,4273.85,4127.18,4343.08,4623.59,4068.21,4630.77,4211.28,4236.92,4195.9,4288.72,4586.67,4352.31,1
4288.72,3978.46,4269.74,4126.67,4345.64,4625.13,4067.18,4628.72,4218.97,4240,4204.1,4293.33,4593.85,4356.41,1
4288.21,3976.41,4263.59,4123.08,4341.03,4624.62,4068.21,4639.49,4236.41,4245.13,4209.23,4293.85,4599.49,4358.97,1
4293.85,3977.44,4261.54,4123.59,4336.41,4623.08,4068.21,4644.1,4235.38,4247.69,4209.74,4288.21,4601.54,4358.97,1
4300,3978.97,4270.26,4125.13,4334.87,4624.62,4067.69,4639.49,4222.56,4246.67,4210.26,4287.18,4603.08,4359.49,1
4298.97,3970.26,4277.95,4118.97,4337.44,4625.64,4068.72,4642.56,4229.23,4250.77,4213.33,4296.41,4602.05,4362.05,1
4289.74,3960,4273.33,4108.21,4333.85,4625.64,4069.74,4643.59,4234.36,4255.38,4211.28,4295.38,4598.97,4356.41,1
4278.46,3952.31,4259.49,4100,4326.67,4623.59,4068.72,4631.79,4215.38,4245.13,4203.08,4283.08,4593.85,4346.67,1
4272.82,3941.54,4251.28,4092.82,4324.1,4621.03,4064.1,4622.05,4203.59,4234.36,4197.44,4278.97,4587.69,4342.56,1
4272.82,3938.46,4248.21,4091.79,4330.26,4620,4061.54,4624.1,4213.33,4231.28,4195.38,4278.97,4581.03,4336.92,1
4275.9,3957.95,4246.15,4102.05,4339.49,4620.51,4063.08,4627.18,4222.05,4231.28,4193.85,4272.82,4576.92,4335.38,1
4285.13,3981.54,4248.72,4114.36,4344.62,4618.97,4061.03,4628.72,4223.08,4234.36,4191.79,4269.23,4575.38,4341.54,1
4288.21,3981.03,4248.72,4114.36,4340,4617.44,4054.87,4626.15,4213.85,4232.82,4188.21,4269.74,4569.23,4335.9,1
4281.54,3972.31,4250.26,4108.21,4335.9,4616.92,4054.36,4621.03,4198.97,4224.62,4184.62,4266.67,4565.13,4329.23,1
4285.13,3978.46,4252.31,4108.21,4338.97,4612.82,4055.9,4617.44,4196.92,4225.13,4189.23,4267.69,4567.18,4336.92,1
4293.85,3982.05,4250.77,4107.69,4335.9,4611.28,4055.38,4618.97,4202.56,4230.26,4192.82,4270.77,4568.72,4340,1
4290.26,3976.41,4247.18,4101.03,4331.28,4615.9,4058.97,4624.62,4208.21,4232.82,4190.77,4270.77,4569.74,4334.87,1
4280.51,3973.85,4240,4094.36,4332.31,4617.44,4064.1,4630.77,4215.38,4238.46,4189.23,4265.13,4569.74,4330.77,1
4271.79,3970.77,4227.69,4092.31,4330.26,4616.41,4065.13,4634.36,4221.03,4237.95,4185.64,4257.95,4562.56,4324.1,1
4263.59,3968.21,4222.05,4089.74,4328.72,4618.46,4063.08,4637.95,4221.03,4232.82,4181.54,4255.9,4557.44,4322.05,1
4266.15,3971.79,4227.69,4091.28,4332.82,4620,4061.03,4637.95,4218.46,4237.44,4181.03,4261.03,4562.56,4327.18,1
4278.46,3975.9,4236.41,4102.05,4335.9,4616.41,4058.97,4632.82,4216.92,4235.9,4182.56,4265.64,4564.62,4327.18,1
4279.49,3978.97,4243.59,4108.21,4331.79,4614.36,4057.44,4630.77,4214.87,4224.62,4183.08,4264.62,4560.51,4327.18,1
4274.87,3979.49,4241.54,4104.1,4330.77,4615.38,4055.9,4632.82,4210.77,4227.18,4186.15,4266.15,4565.64,4333.85,1
4278.46,3980.51,4234.36,4101.54,4331.79,4613.33,4049.23,4627.18,4208.21,4234.87,4191.79,4268.72,4574.36,4338.46,1
4283.08,3986.67,4237.95,4105.64,4334.87,4613.33,4043.08,4621.54,4214.36,4234.36,4193.33,4265.64,4573.33,4336.41,1
4280,3988.72,4245.64,4106.67,4338.97,4619.49,4044.62,4629.74,4220.51,4236.92,4191.28,4263.59,4567.18,4330.77,1
4276.92,3983.59,4246.15,4104.62,4335.9,4620.51,4041.03,4629.74,4214.36,4239.49,4187.69,4265.64,4566.67,4329.74,1
4281.03,3985.13,4246.67,4107.69,4332.31,4614.87,4033.33,4616.41,4206.67,4233.33,4184.62,4268.21,4567.18,4331.79,1
4284.1,3989.23,4252.82,4110.26,4331.28,4614.36,4037.44,4617.95,4206.15,4224.62,4180,4268.72,4561.54,4327.69,1
4277.95,3985.64,4256.92,4108.72,4327.18,4616.41,4043.08,4627.69,4205.64,4221.54,4177.44,4270.26,4558.97,4325.13,1
4276.92,3984.1,4262.05,4108.72,4325.64,4614.36,4042.56,4624.62,4212.82,4225.64,4184.62,4276.41,4565.64,4335.38,1
4282.56,3986.67,4263.08,4108.72,4328.72,4617.44,4050.77,4626.15,4224.62,4231.28,4189.23,4281.03,4568.72,4340,1
4281.03,3983.08,4255.38,4104.1,4327.69,4624.62,4061.54,4637.95,4223.59,4228.21,4183.08,4276.92,4558.46,4331.28,1
4274.36,3981.54,4250.26,4102.05,4329.23,4622.56,4057.44,4640.51,4218.46,4226.67,4182.05,4271.28,4554.87,4331.28,1
4273.85,3989.23,4249.23,4105.13,4338.46,4613.85,4048.72,4635.38,4222.05,4237.95,4191.79,4272.31,4567.69,4336.92,1
4276.92,3995.38,4248.72,4110.26,4340.51,4613.85,4046.67,4631.79,4222.56,4244.62,4195.38,4277.44,4574.87,4337.44,1
4280.51,3994.36,4254.36,4117.95,4337.44,4623.08,4048.21,4629.74,4220,4243.08,4193.33,4278.97,4573.33,4337.95,1
4282.56,3994.36,4264.62,4120.51,4338.97,4628.21,4052.82,4631.79,4222.56,4241.54,4194.87,4277.95,4572.82,4341.54,1
4281.54,3992.31,4264.1,4110.77,4337.95,4629.74,4056.92,4635.38,4223.59,4241.03,4193.33,4278.97,4574.87,4342.56,1
4280,3985.64,4252.82,4103.59,4332.82,4630.77,4061.54,4637.44,4227.18,4241.54,4194.36,4284.62,4574.87,4341.54,1
4277.44,3981.54,4247.69,4104.62,4329.23,4627.69,4064.62,4635.9,4230.77,4241.54,4196.92,4282.56,4572.31,4340.51,1
4276.41,3981.03,4248.21,4102.05,4326.67,4619.49,4057.44,4624.62,4211.79,4237.44,4192.31,4272.82,4567.69,4336.41,1
4279.49,3982.05,4246.15,4100,4325.64,4616.41,4050.77,4611.28,4190.77,4226.67,4186.67,4268.21,4564.62,4332.31,1
4281.03,3984.62,4246.67,4102.56,4327.18,4616.41,4056.92,4612.82,4195.38,4215.9,4185.64,4269.23,4566.15,4334.87,1
4289.23,3991.79,4255.38,4109.74,4333.85,4617.95,4062.56,4622.56,4211.79,4224.1,4195.38,4274.87,4575.9,4348.21,1
4300,3998.46,4264.62,4118.97,4342.05,4622.05,4059.49,4628.72,4222.05,4245.64,4207.69,4283.08,4587.69,4356.41,1
4294.87,3994.87,4265.13,4116.92,4340.51,4622.56,4056.41,4632.82,4226.15,4253.33,4208.72,4285.64,4587.18,4350.26,1
4282.56,3983.08,4263.08,4104.62,4333.33,4623.08,4063.08,4640,4230.26,4248.72,4205.64,4284.1,4583.08,4345.13,1
4280,3977.44,4259.49,4101.54,4333.33,4625.64,4068.21,4645.13,4238.97,4253.85,4209.74,4285.64,4585.13,4346.15,1
4279.49,3980.51,4251.28,4106.15,4334.87,4624.1,4062.56,4640.51,4237.95,4255.9,4210.77,4284.1,4587.18,4343.59,1
4276.92,3984.62,4246.15,4106.15,4335.38,4618.46,4054.36,4632.82,4225.64,4248.21,4204.62,4274.87,4587.69,4340.51,1
4280.51,3989.74,4243.08,4105.64,4343.08,4617.95,4053.33,4627.69,4218.97,4245.64,4204.1,4270.26,4590.77,4343.08,1
4281.54,3990.77,4236.92,4106.15,4345.13,4617.95,4053.85,4622.56,4215.9,4245.13,4207.18,4272.31,4593.85,4345.13,1
4272.31,3986.67,4230.77,4105.64,4334.87,4616.41,4050.26,4616.92,4207.69,4236.92,4200,4272.31,4589.74,4342.56,1
4270.26,3985.64,4231.28,4106.15,4333.33,4617.44,4046.15,4618.46,4207.69,4232.82,4196.41,4269.23,4582.05,4340,1
4277.95,3990.26,4240,4108.72,4342.56,4618.46,4045.64,4625.13,4226.15,4245.13,4208.21,4273.85,4589.23,4347.69,1
4283.08,3992.82,4248.21,4109.23,4338.97,4617.44,4043.08,4629.23,4235.38,4257.44,4215.9,4283.08,4601.54,4355.38,1
4279.49,3985.64,4247.69,4105.64,4325.64,4616.41,4045.64,4635.38,4228.72,4253.33,4208.72,4283.08,4592.82,4348.72,1
4270.26,3979.49,4244.62,4101.54,4325.64,4617.44,4055.38,4644.1,4226.67,4247.18,4203.59,4276.92,4582.56,4338.97,1
4264.62,3975.38,4241.03,4097.95,4328.72,4619.49,4060.51,4640,4220.51,4243.59,4202.05,4271.79,4582.05,4332.82,1
4261.54,3965.13,4234.36,4090.26,4321.03,4616.41,4057.44,4630.26,4211.28,4233.85,4192.31,4263.08,4572.31,4324.62,1
4257.44,3955.9,4228.72,4081.03,4315.38,4610.77,4052.82,4626.67,4208.72,4223.08,4184.1,4255.9,4560,4320,1
4256.92,3958.97,4233.85,4086.67,4322.05,4612.31,4048.72,4621.03,4204.1,4222.05,4181.03,4254.87,4558.46,4325.13,1
4269.23,3965.13,4244.1,4101.03,4330.26,4617.44,4048.72,4615.38,4195.9,4224.62,4182.05,4260,4565.13,4333.33,1
4278.46,3967.18,4250.26,4104.62,4330.26,4616.92,4049.23,4618.46,4203.08,4224.1,4187.18,4270.77,4571.28,4334.36,1
4276.41,3969.74,4255.38,4102.05,4329.23,4614.87,4042.56,4621.03,4212.31,4227.69,4190.77,4277.95,4570.77,4336.92,1
4279.49,3974.36,4262.56,4106.15,4331.28,4611.79,4038.46,4619.49,4205.64,4233.85,4192.31,4280.51,4570.77,4344.1,1
4283.08,3975.9,4266.15,4109.23,4328.72,4607.69,4041.03,4617.44,4194.36,4232.82,4192.82,4281.03,4577.95,4341.54,1
4278.97,3973.33,4263.59,4108.21,4321.54,4607.18,4045.64,4617.44,4193.33,4226.15,4193.33,4278.46,4578.46,4336.92,1
4280.51,3967.69,4257.95,4106.15,4317.44,4611.79,4053.85,4626.67,4213.33,4233.85,4198.46,4278.97,4577.95,4344.62,1
4280.51,3960,4250.77,4097.95,4314.36,4617.95,4060.51,4640,4232.31,4248.21,4201.54,4281.03,4582.56,4342.56,1
4265.13,3954.87,4245.13,4090.26,4311.28,4619.49,4058.46,4634.87,4221.54,4242.05,4193.85,4274.87,4578.46,4326.67,1
4251.28,3954.36,4239.49,4089.74,4311.79,4617.44,4058.46,4623.59,4211.28,4231.79,4189.23,4268.21,4570.77,4321.54,1
4249.74,3955.38,4233.33,4091.28,4319.49,4615.9,4060.51,4626.67,4222.05,4236.92,4192.31,4267.18,4566.67,4323.59,1
4247.18,3958.46,4231.28,4095.9,4328.21,4611.28,4050.26,4626.15,4216.92,4235.38,4186.67,4260,4561.54,4317.95,1
4247.69,3963.08,4230.77,4103.08,4327.69,4606.15,4038.97,4612.82,4192.31,4221.54,4175.38,4254.36,4556.92,4314.36,1
4257.44,3967.69,4235.38,4104.1,4327.18,4608.21,4039.49,4611.79,4192.31,4217.44,4175.38,4255.9,4560,4323.59,1
4267.18,3975.38,4244.1,4108.72,4334.87,4615.9,4044.62,4621.03,4209.74,4224.62,4185.64,4259.49,4571.28,4333.33,1
4269.23,3982.56,4248.21,4117.95,4338.46,4617.44,4049.23,4621.03,4212.31,4231.79,4194.87,4262.05,4580.51,4330.77,1
4266.15,3980,4248.21,4114.87,4330.77,4616.41,4050.77,4615.38,4210.77,4234.87,4193.85,4263.08,4578.46,4324.1,1
4266.67,3973.33,4250.77,4107.18,4326.15,4616.41,4051.28,4620.51,4225.64,4236.92,4189.23,4268.21,4573.33,4328.21,1
4269.74,3970.26,4255.9,4110.77,4329.23,4616.41,4057.44,4630.26,4233.85,4245.64,4195.38,4277.95,4580,4341.54,1
4274.36,3970.77,4261.03,4116.92,4331.28,4616.41,4062.05,4633.33,4223.59,4252.31,4208.21,4283.59,4590.77,4348.21,1
4278.97,3971.79,4263.08,4113.33,4326.15,4615.38,4060.51,4636.41,4220.51,4251.79,4210.77,4282.05,4591.79,4344.1,1
4278.46,3967.69,4264.1,4109.23,4318.46,4614.36,4061.54,4638.97,4227.69,4252.82,4207.69,4285.64,4590.77,4343.08,1
4276.41,3959.49,4267.18,4107.69,4315.9,4613.85,4064.1,4631.79,4220.51,4245.64,4203.08,4285.13,4589.23,4345.13,1
4270.77,3952.31,4261.54,4103.08,4317.44,4613.33,4061.03,4625.64,4207.18,4230.26,4192.82,4272.31,4575.9,4334.87,1
4257.44,3945.13,4248.72,4100.51,4318.97,4613.85,4055.9,4628.21,4209.23,4222.05,4181.54,4262.05,4564.1,4322.56,1
4248.72,3945.64,4243.59,4102.56,4322.05,4610.26,4052.82,4629.74,4212.31,4222.05,4177.95,4260,4565.64,4318.97,1
4256.92,3955.9,4243.59,4107.18,4327.18,4604.1,4050.77,4627.18,4212.31,4227.18,4184.1,4261.03,4572.31,4324.62,1
4266.15,3968.21,4245.64,4116.92,4336.41,4609.23,4054.36,4623.59,4212.31,4233.85,4191.79,4268.21,4577.95,4336.92,1
4266.15,3974.36,4246.67,4123.08,4339.49,4615.38,4056.92,4618.46,4205.64,4233.33,4194.87,4274.36,4582.05,4338.46,1
4264.1,3970.26,4242.56,4114.36,4328.21,4605.13,4048.21,4617.44,4204.62,4231.28,4194.87,4268.21,4583.59,4328.72,1
4262.56,3962.56,4238.97,4104.62,4316.92,4599.49,4047.69,4627.18,4220,4238.97,4195.9,4266.67,4587.18,4331.28,1
4263.59,3961.03,4244.1,4108.21,4318.46,4610.77,4061.03,4637.95,4234.87,4247.18,4200.51,4276.92,4592.82,4342.56,1
4271.28,3964.1,4253.85,4113.85,4323.08,4618.97,4067.18,4643.08,4234.36,4250.26,4203.59,4281.03,4592.82,4341.03,1
4274.87,3962.05,4261.03,4111.79,4320.51,4615.38,4062.56,4643.08,4228.21,4246.67,4200,4275.9,4587.18,4335.9,1
4270.26,3957.95,4264.1,4110.26,4315.9,4614.36,4061.03,4640.51,4222.05,4239.49,4194.87,4276.41,4583.59,4338.46,1
4272.31,3961.54,4264.62,4114.36,4318.97,4616.92,4059.49,4636.41,4214.87,4236.92,4196.41,4285.13,4585.13,4345.64,1
4283.59,3970.26,4265.13,4120.51,4327.18,4613.85,4053.85,4630.77,4208.72,4235.9,4200.51,4289.23,4589.23,4352.82,1
4287.69,3970.77,4266.67,4122.05,4328.21,4608.21,4047.69,4624.62,4207.18,4232.82,4197.44,4284.62,4591.28,4349.23,1
4276.41,3967.18,4258.97,4119.49,4324.1,4607.69,4043.59,4623.59,4212.82,4233.33,4195.9,4275.38,4590.26,4340.51,1
4268.21,3969.74,4248.21,4119.49,4330.77,4608.72,4043.59,4624.62,4218.46,4236.41,4197.44,4269.23,4589.74,4340,1
4274.36,3974.36,4254.36,4125.13,4337.95,4612.82,4048.72,4626.67,4220,4242.56,4199.49,4271.79,4592.31,4342.56,1
4281.03,3974.87,4265.13,4122.56,4332.31,4615.38,4055.9,4631.28,4222.05,4242.05,4197.95,4271.28,4591.79,4338.97,1
4276.92,3973.33,4255.9,4113.85,4325.64,4610.26,4056.41,4631.79,4222.56,4235.9,4193.85,4264.62,4588.21,4338.97,1
4274.36,3974.87,4244.62,4111.79,4328.72,4606.15,4053.85,4622.05,4211.79,4233.85,4193.33,4265.13,4588.72,4342.05,1
4280.51,3978.97,4248.72,4111.28,4329.74,4608.21,4054.36,4613.85,4201.54,4235.9,4198.46,4271.79,4592.82,4343.08,1
4282.05,3978.46,4252.31,4106.67,4325.64,4612.31,4057.95,4617.95,4204.1,4235.9,4202.05,4273.85,4595.9,4341.54,1
4274.87,3970.77,4245.64,4101.54,4326.15,4612.82,4061.03,4623.59,4203.59,4226.67,4195.9,4269.74,4590.26,4333.33,1
4267.69,3965.64,4237.44,4095.9,4328.72,4613.85,4062.56,4626.15,4205.13,4220,4189.23,4266.15,4580.51,4328.21,1
4266.67,3965.64,4240,4092.31,4327.18,4613.33,4063.08,4632.31,4220,4228.21,4195.38,4269.74,4579.49,4333.33,1
4270.26,3964.1,4245.64,4093.85,4324.1,4609.23,4061.03,4637.95,4223.59,4240.51,4198.46,4274.87,4585.13,4335.9,1
4266.15,3958.46,4240.51,4091.28,4322.56,4608.21,4058.97,4631.79,4211.79,4236.41,4193.85,4267.18,4582.56,4330.77,1
4260.51,3954.36,4232.31,4087.18,4321.03,4606.67,4058.46,4623.08,4213.33,4229.74,4191.28,4257.44,4576.41,4328.72,1
4264.1,3956.41,4234.36,4089.23,4320.51,4603.59,4055.9,4622.05,4217.95,4234.36,4190.26,4259.49,4572.82,4327.69,1
4270.77,3962.56,4241.03,4089.23,4325.13,4604.1,4053.33,4620,4204.62,4232.82,4188.21,4263.08,4575.38,4327.18,1
4272.82,3970.26,4241.54,4089.74,4331.79,4610.26,4052.31,4614.36,4195.9,4225.64,4190.26,4261.54,4584.1,4335.38,1
4275.38,3977.44,4240,4093.85,4330.77,4612.82,4048.21,4619.49,4204.1,4224.62,4192.82,4257.95,4586.67,4337.95,1
4275.9,3971.28,4242.56,4091.79,4324.62,4611.79,4048.21,4630.26,4210.26,4226.15,4192.82,4259.49,4579.49,4333.33,1
4270.77,3958.46,4247.18,4084.62,4324.62,4610.77,4054.87,4629.74,4213.33,4229.74,4195.38,4266.15,4580,4333.33,1
4270.26,3962.05,4246.67,4087.18,4326.67,4607.18,4053.33,4620,4215.9,4236.41,4196.92,4264.1,4585.13,4334.36,1
4275.9,3975.38,4246.15,4094.87,4326.15,4607.69,4048.72,4619.49,4215.38,4238.97,4196.41,4260.51,4583.08,4333.85,1
4278.46,3977.95,4249.74,4095.9,4326.67,4610.26,4050.77,4626.15,4213.85,4235.38,4198.46,4269.74,4581.54,4338.46,1
4278.97,3977.95,4250.77,4097.95,4326.67,4606.67,4054.87,4622.56,4208.72,4230.77,4195.38,4277.95,4580.51,4342.05,1
4282.56,3984.1,4251.28,4105.64,4325.64,4603.08,4054.36,4613.33,4201.03,4224.62,4190.77,4272.82,4575.38,4340,1
4285.13,3987.69,4250.26,4107.69,4327.18,4603.59,4049.74,4615.9,4198.97,4226.15,4193.33,4268.72,4573.85,4336.41,1
4281.03,3988.72,4245.13,4104.1,4327.18,4601.03,4046.15,4619.49,4197.95,4229.23,4193.33,4266.15,4574.87,4335.38,1
4282.56,3995.9,4242.05,4105.64,4327.69,4598.97,4043.59,4612.31,4196.41,4224.1,4190.26,4262.56,4573.85,4341.03,1
4294.36,4006.67,4246.15,4111.79,4329.74,4601.03,4043.59,4613.85,4200.51,4223.08,4194.36,4267.18,4577.95,4351.79,1
4300.51,4009.23,4255.9,4113.85,4327.18,4607.18,4049.23,4624.62,4201.03,4223.59,4198.97,4273.33,4583.08,4354.36,1
4300.51,4005.64,4263.08,4113.33,4321.54,4609.74,4051.28,4622.56,4201.54,4220,4196.41,4275.38,4578.46,4351.79,1
4303.59,4001.03,4265.13,4113.85,4320,4606.15,4044.62,4614.87,4204.1,4222.05,4195.38,4275.9,4569.23,4352.82,1
4305.64,3999.49,4267.18,4112.31,4323.08,4602.05,4040,4613.33,4196.92,4222.05,4191.28,4277.95,4563.59,4354.87,1
4306.15,4001.54,4267.69,4111.28,4325.13,4600.51,4041.03,4611.79,4191.28,4218.97,4187.69,4278.46,4570.26,4360,1
4314.36,4007.69,4264.1,4120,4329.23,4601.54,4039.49,4606.15,4194.87,4227.18,4199.49,4280,4587.69,4369.74,1
4318.46,4009.74,4263.08,4123.59,4331.79,4600.51,4040,4604.62,4197.95,4236.92,4208.21,4278.46,4593.85,4367.69,1
4304.62,4002.56,4263.08,4111.28,4327.18,4600,4044.1,4611.79,4200,4230.77,4198.97,4267.18,4582.05,4349.74,1
4289.23,3994.87,4251.79,4100.51,4325.13,4600.51,4044.1,4615.38,4200,4222.05,4189.23,4252.82,4575.38,4339.49,1
4288.21,3993.85,4242.56,4101.54,4328.21,4598.97,4046.67,4610.77,4197.95,4222.05,4189.23,4249.23,4580,4345.13,1
4292.31,3997.44,4251.28,4102.05,4326.67,4598.97,4050.26,4613.33,4202.56,4226.15,4196.92,4261.54,4585.13,4356.41,1
4298.46,4001.54,4265.13,4108.72,4325.13,4601.03,4046.67,4617.95,4203.08,4229.23,4206.67,4282.56,4592.31,4365.13,1
4306.67,4004.1,4266.15,4116.92,4325.64,4601.03,4042.56,4612.31,4192.82,4225.13,4208.21,4292.82,4596.41,4367.18,1
4308.72,4001.03,4264.62,4112.82,4322.05,4595.9,4040.51,4609.23,4192.82,4220.51,4203.59,4288.72,4592.82,4367.69,1
4304.62,3997.95,4269.74,4107.69,4321.54,4596.41,4040,4611.79,4198.46,4221.03,4202.05,4283.59,4589.74,4367.69,1
4307.18,4000,4270.77,4112.31,4325.13,4598.46,4038.46,4608.72,4192.82,4221.54,4198.46,4285.13,4589.23,4364.1,1
4313.85,3999.49,4265.64,4115.38,4325.13,4596.41,4035.38,4602.05,4189.23,4219.49,4194.87,4281.03,4590.77,4360.51,1
4310.77,3997.95,4263.59,4114.87,4325.64,4598.46,4035.9,4601.03,4191.79,4220.51,4198.97,4273.85,4589.74,4362.05,1
4303.08,4003.08,4263.08,4120,4330.26,4602.05,4041.03,4606.15,4192.82,4227.69,4205.64,4276.92,4589.74,4366.67,1
4298.97,4009.23,4260,4123.08,4336.92,4603.59,4044.1,4612.31,4201.03,4240,4211.28,4280,4596.41,4363.59,1
4296.41,4008.72,4254.87,4119.49,4337.95,4608.21,4044.1,4620,4214.36,4246.67,4211.79,4275.9,4605.64,4354.87,1
4295.38,4005.64,4257.44,4117.44,4332.82,4610.77,4051.79,4624.62,4211.28,4239.49,4207.69,4275.9,4605.64,4357.95,1
4301.03,4007.18,4268.72,4120,4328.72,4606.67,4056.92,4617.44,4197.44,4230.26,4207.69,4283.08,4602.56,4368.72,1
4306.67,4010.26,4280,4121.03,4330.26,4600.51,4047.69,4610.77,4197.95,4227.69,4209.74,4287.69,4603.08,4371.28,1
4302.56,4005.64,4280,4114.87,4327.69,4600.51,4042.05,4615.9,4206.67,4225.13,4207.18,4288.72,4598.46,4366.67,1
4297.44,4001.54,4272.31,4108.72,4327.18,4605.64,4049.74,4622.56,4207.69,4226.15,4203.08,4286.15,4591.79,4363.59,1
4297.44,4005.64,4265.13,4108.21,4333.33,4608.21,4050.26,4621.54,4206.67,4232.31,4206.15,4281.54,4593.33,4361.03,1
4294.87,4006.67,4260.51,4111.79,4333.85,4604.1,4040.51,4617.44,4206.15,4235.9,4209.74,4277.95,4597.95,4355.9,1
4290.26,4003.59,4258.46,4117.44,4330.26,4601.03,4038.97,4616.92,4207.69,4237.44,4207.69,4273.33,4598.97,4352.82,1
4289.74,4009.23,4260.51,4121.54,4331.28,4601.54,4036.92,4612.82,4204.62,4237.95,4206.67,4273.33,4598.97,4352.82,1
4293.33,4013.85,4262.05,4122.56,4333.85,4600,4027.18,4600.51,4195.38,4233.85,4208.21,4274.36,4602.05,4354.87,1
4292.31,4011.79,4256.92,4121.54,4332.82,4598.97,4026.15,4595.38,4189.23,4227.69,4209.74,4274.87,4600.51,4355.9,1
4286.15,4006.67,4249.23,4114.87,4327.18,4600,4033.33,4604.62,4188.21,4216.92,4201.54,4274.36,4591.79,4348.72,1
4280.51,3997.95,4252.31,4107.69,4321.54,4596.41,4035.9,4610.26,4186.67,4203.59,4190.26,4270.26,4582.56,4342.56,1
4280,3992.31,4261.03,4107.18,4321.03,4594.87,4037.44,4606.67,4187.18,4199.49,4190.26,4269.74,4579.49,4348.21,1
4283.08,3995.9,4264.1,4107.18,4320.51,4599.49,4041.54,4612.82,4194.36,4207.18,4192.82,4272.31,4580.51,4350.26,1
4283.59,3993.85,4258.46,4106.15,4316.41,4601.03,4043.59,4624.62,4205.13,4215.9,4191.28,4269.74,4584.62,4344.1,1
4278.46,3989.23,4255.38,4106.67,4316.92,4598.97,4043.59,4625.64,4209.23,4222.56,4190.77,4266.15,4587.18,4344.62,1
4275.9,3993.85,4254.36,4107.18,4324.1,4601.03,4046.15,4618.46,4206.15,4230.26,4196.41,4267.18,4586.15,4346.67,1
4277.44,3997.44,4250.26,4108.21,4326.15,4602.56,4046.67,4618.46,4207.69,4236.92,4200,4266.67,4589.74,4343.59,1
4276.41,3992.31,4251.79,4107.69,4322.05,4600,4043.08,4627.18,4215.38,4239.49,4198.97,4266.15,4593.85,4343.08,1
4276.92,3992.31,4259.49,4107.18,4321.54,4598.97,4038.46,4624.1,4211.28,4236.41,4197.44,4269.74,4591.28,4345.64,1
4283.08,3998.97,4264.1,4112.82,4327.69,4600,4037.95,4610.77,4199.49,4229.23,4200.51,4273.85,4591.28,4349.23,1
4290.26,4004.1,4267.69,4121.03,4333.85,4599.49,4036.92,4604.62,4199.49,4228.72,4208.72,4280,4602.05,4355.9,1
4294.87,4006.67,4275.9,4123.08,4333.85,4598.46,4032.82,4606.15,4206.15,4229.74,4212.82,4285.13,4610.77,4361.03,1
4295.9,4004.1,4281.54,4122.05,4330.26,4598.97,4032.82,4607.18,4202.05,4220,4210.26,4287.18,4604.1,4358.46,1
4292.31,3998.97,4279.49,4120.51,4329.23,4601.03,4034.87,4607.18,4192.31,4207.18,4203.08,4288.72,4594.36,4354.36,1
4284.62,3994.36,4271.79,4115.38,4325.13,4601.54,4034.87,4611.79,4194.36,4206.67,4193.85,4284.62,4589.74,4348.21,1
4276.92,3991.28,4263.08,4108.21,4317.95,4600.51,4040,4622.56,4198.97,4207.69,4189.23,4273.85,4582.56,4342.05,1
4271.79,3990.26,4262.56,4111.79,4320.51,4605.13,4046.67,4626.67,4197.44,4203.08,4188.21,4269.23,4577.44,4334.87,1
4265.64,3988.21,4264.1,4115.9,4324.1,4609.23,4046.67,4620.51,4196.41,4203.59,4182.05,4262.05,4576.92,4325.13,1
4261.03,3987.18,4258.46,4109.74,4320,4605.64,4043.59,4615.9,4196.92,4208.72,4178.97,4250.77,4572.82,4324.1,1
4270.77,3991.28,4256.41,4108.21,4320,4601.54,4041.54,4611.79,4195.9,4211.79,4186.67,4253.85,4575.38,4336.92,1
4286.67,3998.46,4264.62,4119.49,4328.21,4600,4040,4604.1,4194.36,4213.85,4196.92,4273.85,4591.79,4354.87,1
4291.79,4002.05,4275.38,4127.18,4331.79,4600,4038.97,4601.03,4192.82,4221.03,4204.62,4286.67,4604.62,4362.56,1
4289.74,4003.59,4278.97,4123.59,4329.23,4600,4037.95,4601.03,4194.36,4225.13,4205.64,4280,4602.56,4355.9,1
4289.74,4001.54,4275.9,4122.56,4328.72,4597.44,4033.33,4598.46,4195.38,4222.05,4200.51,4276.92,4598.97,4350.26,1
4288.21,3996.41,4276.92,4125.64,4328.21,4595.9,4027.18,4595.38,4189.74,4220,4198.97,4283.08,4598.97,4354.87,1
4281.03,3991.79,4276.92,4121.03,4324.1,4596.92,4026.67,4593.85,4181.54,4212.82,4196.92,4281.03,4590.77,4349.23,1
4273.33,3988.72,4268.72,4116.41,4319.49,4592.82,4029.23,4594.36,4177.95,4196.41,4182.56,4272.82,4576.92,4332.31,1
4271.79,3986.15,4263.59,4118.46,4318.97,4590.77,4030.26,4597.44,4177.44,4187.18,4168.21,4270.26,4567.69,4327.18,1
4270.77,3987.69,4263.59,4121.03,4323.59,4597.95,4029.23,4598.97,4173.33,4188.21,4165.64,4267.18,4565.64,4328.21,1
4269.74,3990.26,4262.05,4116.92,4327.69,4601.54,4032.82,4601.54,4177.44,4191.28,4172.82,4263.08,4567.69,4327.18,1
4271.28,3990.26,4258.97,4116.92,4327.18,4601.03,4040,4610.26,4193.33,4205.13,4182.56,4266.67,4578.46,4331.79,1
4270.26,3990.77,4255.38,4121.03,4323.59,4601.54,4040,4611.28,4197.44,4220,4189.23,4271.79,4587.18,4338.46,1
4269.74,3991.28,4252.82,4121.03,4322.05,4600,4032.82,4605.13,4192.31,4221.03,4193.85,4272.31,4590.26,4341.03,1
4271.79,3988.72,4257.44,4115.9,4322.56,4597.95,4029.74,4608.21,4202.05,4222.56,4197.95,4273.33,4593.33,4340,1
4269.74,3988.21,4262.05,4115.38,4326.67,4600,4034.36,4614.87,4213.85,4231.28,4200,4278.97,4595.38,4342.05,1
4269.74,3997.95,4262.05,4122.56,4332.31,4602.05,4039.49,4614.36,4207.69,4232.82,4199.49,4280.51,4599.49,4345.64,1
4278.97,4003.08,4266.15,4127.69,4331.28,4600,4035.9,4611.28,4200.51,4228.21,4197.95,4274.87,4602.56,4345.13,1
4282.56,3995.9,4268.21,4125.64,4327.18,4596.41,4029.23,4608.72,4194.36,4220.51,4195.38,4272.31,4598.46,4338.97,1
4274.87,3987.69,4262.56,4121.03,4326.15,4598.46,4031.79,4609.74,4193.33,4212.82,4194.36,4277.95,4591.79,4337.44,1
4270.77,3985.64,4263.59,4115.38,4325.13,4603.59,4042.05,4618.97,4205.13,4214.87,4197.44,4283.59,4593.85,4343.08,1
4271.28,3986.15,4265.64,4111.28,4324.62,4602.05,4045.13,4621.03,4204.1,4221.54,4200,4281.54,4597.95,4343.59,1
4270.26,3986.15,4255.38,4112.82,4327.69,4597.44,4036.92,4609.74,4189.74,4219.49,4197.44,4272.82,4596.41,4337.95,1
4270.77,3991.79,4249.74,4118.97,4333.33,4597.95,4028.72,4600.51,4193.33,4223.08,4198.46,4269.23,4600.51,4342.56,1
4279.49,4000.51,4262.56,4124.62,4338.46,4599.49,4032.82,4602.56,4205.64,4236.92,4206.67,4275.38,4610.77,4352.82,1
4284.1,4001.03,4266.67,4120.51,4333.85,4598.46,4040,4606.67,4202.05,4240.51,4209.74,4275.9,4613.85,4349.74,1
4271.79,3989.74,4252.82,4107.18,4325.13,4596.92,4038.46,4603.59,4195.38,4228.21,4200,4264.62,4600.51,4334.87,1
4255.9,3979.49,4241.03,4096.92,4322.05,4592.31,4035.9,4599.49,4194.87,4219.49,4192.82,4257.44,4589.23,4324.1,1
4250.26,3974.87,4232.31,4090.77,4317.95,4587.18,4037.44,4602.05,4194.36,4216.92,4190.26,4256.92,4585.13,4318.46,1
4250.26,3970.26,4229.23,4087.18,4313.33,4592.82,4040,4608.72,4193.33,4210.26,4186.67,4256.41,4578.97,4318.97,1
4257.95,3970.77,4240,4089.74,4317.44,4601.54,4041.03,4609.23,4191.79,4205.64,4186.67,4262.56,4582.05,4329.74,1
4269.23,3977.95,4251.79,4094.87,4321.03,4593.33,4039.49,4605.64,4184.62,4205.13,4191.79,4272.31,4588.72,4340,1
4272.82,3985.64,4250.26,4096.41,4320.51,4584.1,4038.46,4607.18,4179.49,4202.56,4192.31,4271.28,4587.69,4342.05,1
4274.87,3990.26,4247.69,4100,4322.05,4591.28,4038.97,4607.18,4184.62,4202.56,4192.31,4266.67,4588.72,4344.1,1
4282.05,3995.38,4257.44,4106.67,4326.15,4597.44,4037.95,4600,4190.26,4211.28,4201.03,4272.31,4598.97,4353.33,1
4284.62,3996.41,4260.51,4109.23,4327.69,4595.9,4035.9,4593.85,4187.18,4220.51,4207.69,4281.03,4606.67,4357.95,1
4278.46,3991.79,4251.79,4106.67,4325.64,4597.95,4036.92,4595.38,4187.18,4219.49,4208.21,4279.49,4603.08,4350.77,1
4271.79,3986.15,4248.72,4102.05,4322.05,4600,4041.03,4600.51,4192.31,4218.46,4203.08,4274.87,4598.97,4343.08,1
4267.18,3982.56,4249.74,4095.9,4319.49,4596.92,4040.51,4602.56,4191.79,4220,4198.97,4271.28,4595.38,4340,1
4259.49,3980.51,4242.56,4090.26,4317.95,4596.41,4037.95,4600,4187.18,4215.9,4194.36,4265.13,4588.21,4333.33,1
4258.97,3981.03,4240,4092.31,4322.56,4599.49,4037.95,4600.51,4187.69,4212.82,4191.79,4263.59,4582.05,4332.31,1
4266.67,3986.67,4247.18,4100,4329.23,4598.97,4038.46,4608.21,4196.92,4218.46,4198.97,4270.77,4591.79,4344.62,1
4275.38,3990.26,4255.38,4103.59,4329.23,4598.46,4040,4615.9,4204.1,4226.67,4207.69,4278.46,4604.1,4355.38,1
4280.51,3990.77,4262.05,4103.59,4330.26,4600.51,4041.03,4607.69,4192.82,4222.56,4207.69,4281.03,4601.54,4355.9,1
4281.03,3991.28,4262.56,4107.18,4334.36,4600,4038.46,4592.82,4178.46,4215.9,4201.03,4283.59,4596.41,4351.79,1
4277.95,3986.15,4260,4104.62,4329.74,4596.92,4036.41,4591.28,4182.56,4214.36,4200.51,4284.62,4594.87,4348.72,1
4274.87,3980.51,4262.05,4096.41,4327.18,4601.03,4038.97,4598.97,4188.21,4211.28,4199.49,4281.54,4594.36,4350.26,1
4276.92,3986.15,4264.1,4098.46,4333.85,4604.62,4041.03,4603.08,4188.72,4208.21,4196.92,4277.44,4594.87,4352.31,1
4282.56,3994.87,4261.54,4105.13,4335.9,4603.08,4040,4607.69,4198.97,4214.36,4200.51,4277.44,4591.28,4351.28,1
4281.03,3993.85,4264.62,4107.18,4333.85,4606.15,4044.1,4615.38,4208.21,4225.64,4201.54,4278.46,4589.74,4348.21,1
4272.31,3990.77,4263.08,4106.67,4334.36,4608.72,4048.21,4614.87,4200.51,4227.69,4200,4273.33,4596.92,4345.13,1
4265.13,3990.26,4251.28,4102.56,4329.74,4603.08,4046.67,4609.74,4193.85,4224.62,4199.49,4267.69,4597.95,4341.03,1
4268.72,3988.72,4250.77,4100.51,4328.21,4597.95,4048.72,4611.28,4200,4224.62,4202.05,4268.72,4594.87,4343.59,1
4277.95,3991.79,4264.1,4105.13,4335.38,4596.92,4049.23,4606.15,4196.92,4225.13,4205.64,4277.95,4603.08,4352.31,1
4280.51,3995.38,4268.21,4108.21,4338.46,4596.41,4042.56,4593.85,4184.62,4223.59,4208.21,4286.15,4607.18,4355.9,1
4277.44,3993.33,4260.51,4105.13,4333.33,4596.92,4040.51,4598.46,4191.79,4223.59,4211.28,4286.15,4603.59,4354.87,1
4277.95,3991.79,4254.36,4105.13,4336.41,4600.51,4043.08,4615.9,4207.69,4228.21,4216.92,4287.18,4607.18,4357.44,1
4279.49,3993.85,4251.28,4107.69,4341.54,4601.03,4041.03,4615.9,4198.97,4228.21,4217.44,4291.79,4608.72,4358.46,1
4280,3994.36,4249.23,4107.18,4338.46,4603.08,4043.59,4612.82,4190.26,4220.51,4207.69,4289.23,4597.95,4350.26,1
4277.95,3989.74,4247.69,4106.15,4338.97,4608.72,4051.79,4624.62,4207.18,4220.51,4204.1,4279.49,4594.36,4345.13,1
4275.9,3987.18,4244.1,4102.56,4341.54,4611.28,4052.31,4632.31,4220.51,4230.26,4212.31,4276.41,4604.1,4350.77,1
4278.97,3989.74,4245.64,4097.95,4335.9,4602.56,4044.62,4624.1,4211.79,4237.44,4220.51,4282.05,4611.28,4357.44,1
4283.08,3991.28,4250.26,4102.05,4329.23,4588.21,4036.92,4612.31,4204.1,4234.87,4218.97,4286.67,4611.28,4356.92,1
4276.41,3988.72,4247.69,4105.13,4329.74,4590.77,4034.87,4610.77,4206.15,4227.69,4209.74,4281.03,4601.54,4346.15,1
4269.74,3988.72,4246.15,4102.05,4334.36,4602.05,4040.51,4611.28,4204.1,4225.13,4203.08,4273.85,4593.33,4341.03,1
4273.33,3991.79,4248.21,4104.1,4336.92,4602.56,4044.1,4608.21,4197.44,4225.13,4200.51,4273.85,4591.79,4345.13,1
4273.85,3992.31,4237.95,4107.69,4336.41,4601.03,4042.56,4607.69,4194.36,4220,4199.49,4269.23,4588.21,4345.64,1
4272.31,3989.74,4230.77,4104.1,4333.33,4604.62,4045.13,4609.74,4197.95,4218.97,4205.13,4266.15,4591.79,4347.18,1
4277.95,3990.77,4243.08,4103.08,4334.36,4604.62,4051.28,4614.36,4202.05,4229.74,4214.36,4276.41,4604.1,4354.36,1
4280.51,3991.79,4249.23,4105.64,4337.44,4603.08,4053.33,4621.03,4206.67,4235.9,4213.33,4282.56,4605.13,4352.31,1
4274.36,3988.72,4241.03,4105.64,4336.41,4602.56,4051.79,4626.15,4218.46,4236.92,4208.21,4273.85,4598.46,4343.08,1
4270.77,3988.21,4241.54,4105.64,4335.38,4602.05,4048.21,4628.21,4222.56,4242.05,4209.23,4273.33,4605.64,4345.64,1
4271.28,3989.74,4249.74,4106.15,4335.38,4605.13,4046.67,4630.26,4214.87,4244.62,4213.33,4284.62,4608.72,4350.26,1
4274.87,3989.74,4254.36,4105.13,4334.87,4604.62,4052.31,4629.23,4211.28,4236.41,4214.36,4289.23,4600,4350.77,1
4283.59,3990.26,4261.54,4109.74,4337.44,4604.1,4056.92,4627.18,4207.69,4230.77,4214.87,4289.74,4601.03,4356.41,1
4286.15,3991.79,4265.13,4115.38,4342.05,4606.67,4053.85,4626.67,4197.95,4227.18,4214.87,4291.79,4605.13,4358.46,1
4284.62,3997.44,4263.59,4116.41,4343.59,4605.13,4050.77,4623.59,4196.41,4223.08,4217.95,4297.44,4604.62,4357.95,1
4287.18,4000.51,4264.1,4116.92,4343.59,4604.62,4052.82,4616.41,4196.92,4223.59,4222.05,4300,4605.13,4358.97,1
4282.05,3995.38,4258.97,4116.41,4341.03,4607.18,4057.44,4612.82,4192.82,4221.54,4213.33,4287.69,4601.03,4351.28,1
4270.26,3988.72,4247.69,4110.26,4333.85,4608.21,4057.95,4620,4204.62,4218.97,4203.08,4271.79,4590.26,4340.51,1
4265.64,3987.18,4244.62,4104.62,4330.77,4609.74,4057.44,4629.23,4215.38,4222.56,4203.08,4268.21,4586.15,4337.95,1
4267.69,3986.67,4246.15,4104.62,4337.44,4612.82,4060.51,4629.74,4210.26,4231.28,4207.18,4268.72,4590.26,4342.56,1
4270.26,3988.72,4244.1,4107.18,4340.51,4612.31,4062.05,4630.77,4215.9,4235.38,4210.77,4270.77,4594.87,4347.69,1
4270.26,3991.79,4241.54,4105.64,4336.92,4609.74,4058.46,4634.87,4218.97,4234.87,4210.26,4272.31,4597.95,4349.23,1
4272.82,3992.31,4244.1,4106.15,4337.44,4607.69,4053.85,4632.82,4213.33,4234.36,4207.69,4269.23,4600,4350.77,1
4277.95,3994.87,4246.67,4115.9,4342.56,4604.62,4051.28,4625.64,4215.9,4237.95,4213.85,4268.72,4604.1,4354.87,1
4277.44,3996.41,4248.21,4121.03,4344.62,4605.13,4049.23,4629.23,4224.1,4245.64,4219.49,4275.9,4609.74,4355.9,1
4273.33,3991.28,4246.67,4113.33,4339.49,4607.18,4051.28,4640,4227.69,4247.69,4214.87,4274.87,4608.72,4349.74,1
4272.31,3987.18,4244.62,4112.31,4335.9,4606.67,4052.82,4638.46,4225.13,4246.15,4213.33,4273.33,4602.05,4348.21,1
4272.31,3988.72,4247.69,4121.54,4337.95,4604.62,4046.67,4623.59,4211.28,4238.46,4215.38,4281.03,4604.62,4350.26,1
4269.74,3990.77,4249.23,4121.03,4335.38,4601.03,4040.51,4617.44,4198.46,4222.05,4210.77,4280.51,4603.08,4346.15,1
4269.23,3984.62,4247.18,4112.82,4328.21,4600,4045.64,4622.56,4203.59,4211.79,4200,4272.82,4587.18,4342.05,1
4265.64,3975.9,4246.15,4109.74,4325.13,4601.03,4051.79,4623.08,4205.64,4210.77,4193.33,4272.31,4576.41,4337.95,1
4260,3974.36,4246.15,4107.18,4327.18,4598.97,4049.74,4621.03,4203.59,4211.28,4198.46,4277.44,4585.13,4340,1
4263.59,3977.44,4247.18,4105.64,4330.26,4597.95,4049.23,4623.08,4207.69,4216.41,4209.23,4281.03,4594.87,4349.23,1
4273.33,3980.51,4250.26,4114.87,4331.28,4601.54,4049.74,4624.62,4212.31,4226.15,4213.85,4280.51,4600.51,4356.41,1
4278.46,3983.08,4252.31,4120,4329.23,4601.03,4044.1,4626.67,4217.44,4230.26,4213.33,4283.08,4603.08,4354.36,1
4273.85,3981.03,4248.72,4111.79,4327.18,4595.9,4037.95,4628.21,4219.49,4226.15,4212.31,4284.1,4596.92,4349.74,1
4270.77,3974.87,4248.72,4107.69,4330.26,4598.97,4045.13,4629.23,4221.03,4225.13,4209.74,4278.97,4593.85,4350.77,1
4272.82,3975.38,4250.26,4112.31,4332.82,4611.28,4055.38,4632.31,4223.08,4226.67,4208.21,4274.87,4594.87,4349.74,1
4267.18,3980,4239.49,4110.26,4329.23,4614.87,4054.36,4633.85,4216.92,4222.56,4206.15,4270.77,4589.23,4341.03,1
4260,3976.41,4228.21,4104.1,4325.64,4604.1,4050.77,4633.33,4214.87,4223.08,4203.59,4264.62,4588.21,4337.95,1
4265.13,3977.44,4236.41,4110.77,4329.23,4600,4052.31,4632.31,4221.03,4235.9,4212.31,4270.77,4602.05,4350.26,1
4273.33,3984.1,4248.72,4117.95,4334.36,4609.23,4055.38,4631.28,4215.9,4237.44,4217.44,4280,4605.64,4353.85,1
4270.77,3983.08,4247.69,4113.33,4330.26,4611.28,4053.85,4628.72,4203.59,4222.56,4209.23,4272.31,4593.85,4343.59,1
4264.1,3972.82,4242.56,4105.64,4320.51,4601.03,4050.77,4626.67,4202.56,4214.36,4200.51,4268.72,4587.18,4338.97,1
4261.54,3969.23,4244.1,4105.13,4320.51,4597.44,4049.74,4626.15,4205.13,4211.79,4196.41,4273.85,4584.1,4342.05,1
4265.13,3975.9,4248.21,4110.26,4327.18,4601.54,4048.72,4623.08,4205.64,4209.74,4198.46,4272.31,4580.51,4343.08,1
4264.62,3973.85,4248.21,4108.72,4324.1,4602.05,4047.18,4620,4205.64,4210.26,4197.95,4267.69,4577.44,4334.87,1
4258.97,3967.69,4245.64,4104.1,4318.97,4599.49,4045.64,4615.9,4204.1,4210.77,4194.36,4265.64,4578.46,4332.31,1
4261.54,3973.33,4245.13,4110.26,4326.67,4596.92,4039.49,4608.21,4201.03,4212.31,4198.97,4265.64,4587.18,4344.1,1
4268.21,3981.54,4246.15,4121.54,4330.26,4593.85,4032.31,4601.54,4192.31,4213.33,4205.64,4268.72,4596.92,4347.18,1
4268.72,3978.46,4247.18,4123.08,4326.15,4592.31,4031.28,4605.64,4189.74,4210.26,4201.54,4269.74,4592.31,4340,1
4270.26,3976.41,4249.23,4121.03,4327.69,4596.41,4039.49,4616.41,4201.54,4211.28,4196.92,4269.74,4585.64,4341.54,1
4270.26,3978.97,4251.28,4124.1,4332.31,4602.05,4051.79,4624.62,4209.23,4216.41,4197.95,4272.82,4585.64,4342.56,1
4265.13,3977.44,4250.77,4125.13,4336.41,4605.13,4057.44,4624.1,4203.08,4214.87,4193.33,4267.69,4582.56,4335.38,1
4267.18,3981.54,4247.69,4123.59,4340,4610.26,4055.9,4623.08,4207.18,4210.26,4191.79,4260,4581.54,4338.46,1
4272.82,3989.74,4246.67,4125.64,4338.46,4612.31,4057.44,4630.26,4222.56,4220,4203.59,4268.21,4591.28,4346.15,1
4274.87,3990.77,4252.31,4125.64,4336.41,4606.15,4061.54,4635.38,4222.56,4231.79,4210.77,4277.44,4597.95,4344.1,1
4274.36,3987.18,4254.36,4123.08,4339.49,4600,4056.92,4627.69,4208.21,4226.67,4205.13,4272.31,4593.85,4341.54,1
4274.36,3984.1,4250.26,4122.56,4336.92,4599.49,4048.72,4618.97,4202.05,4220,4202.05,4271.79,4594.36,4345.13,1
4271.28,3978.46,4248.72,4121.03,4328.21,4598.46,4049.74,4619.49,4202.05,4221.54,4206.67,4276.92,4598.97,4345.13,1
4269.23,3974.36,4248.72,4111.79,4327.69,4597.44,4052.31,4620.51,4195.9,4214.36,4203.59,4271.79,4594.36,4340.51,1
4269.74,3973.33,4247.69,4104.62,4330.77,4598.46,4048.72,4617.44,4189.74,4202.56,4195.9,4267.69,4585.13,4336.41,1
4268.72,3970.77,4248.21,4107.18,4329.23,4598.46,4048.72,4615.38,4196.41,4206.67,4195.9,4268.21,4583.08,4339.49,1
4272.82,3974.36,4248.21,4109.74,4328.72,4600,4052.31,4618.97,4211.79,4218.97,4203.59,4267.69,4589.23,4347.18,1
4277.95,3983.59,4247.69,4111.28,4331.79,4601.54,4052.82,4624.62,4215.9,4223.59,4211.28,4271.28,4594.36,4344.62,1
4274.36,3983.59,4245.64,4109.23,4330.77,4600.51,4053.33,4624.62,4200.51,4218.97,4209.74,4272.31,4589.23,4334.36,1
4271.28,3976.41,4243.59,4106.15,4328.72,4603.08,4058.46,4624.62,4200.51,4216.92,4208.21,4271.28,4587.69,4340,1
4276.41,3976.92,4248.21,4106.15,4330.77,4605.64,4065.64,4630.77,4212.31,4221.54,4211.28,4277.95,4591.28,4349.74,1
4273.85,3976.92,4249.74,4103.08,4331.79,4602.05,4065.13,4632.31,4207.69,4222.05,4208.21,4276.92,4586.15,4339.49,1
4264.62,3970.26,4246.15,4096.92,4330.77,4599.49,4063.08,4628.21,4202.05,4218.97,4203.08,4268.72,4580.51,4331.28,1
4267.18,3970.77,4243.59,4094.87,4332.31,4605.13,4065.13,4628.21,4208.72,4221.54,4206.15,4269.23,4586.67,4339.49,1
4269.74,3974.87,4241.54,4093.85,4332.31,4610.26,4063.59,4629.23,4212.31,4228.21,4210.26,4269.74,4592.82,4339.49,1
4265.64,3971.28,4242.05,4092.82,4327.18,4607.18,4056.92,4628.72,4210.26,4229.74,4207.69,4266.15,4589.74,4330.77,1
4266.67,3969.74,4246.15,4096.41,4325.64,4603.59,4055.9,4627.18,4209.23,4224.1,4205.13,4267.69,4586.67,4335.9,1
4272.82,3978.97,4246.15,4101.54,4328.72,4601.03,4054.87,4624.1,4206.15,4221.03,4207.69,4270.77,4591.28,4346.15,1
4276.41,3984.62,4246.67,4105.13,4330.77,4598.97,4048.72,4622.56,4204.1,4225.64,4214.36,4274.87,4600.51,4351.28,1
4279.49,3984.1,4252.31,4106.15,4335.38,4600,4045.64,4621.03,4206.67,4229.23,4214.87,4281.03,4604.1,4355.38,1
4283.08,3987.18,4250.77,4109.23,4341.03,4605.13,4051.28,4618.97,4208.21,4227.69,4211.28,4277.95,4600.51,4356.41,1
4285.64,3993.33,4248.72,4116.92,4340,4608.72,4055.38,4618.46,4206.15,4227.18,4217.44,4272.31,4601.54,4355.9,1
4290.26,3995.9,4258.97,4123.59,4337.44,4604.62,4049.23,4615.9,4205.13,4225.64,4219.49,4277.44,4604.1,4357.44,1
4292.31,3990.77,4267.69,4120.51,4339.49,4601.54,4045.13,4614.87,4212.82,4230.26,4214.87,4285.13,4605.13,4359.49,1
4289.23,3979.49,4262.05,4113.85,4335.38,4604.62,4049.23,4616.92,4211.28,4237.44,4216.92,4285.64,4604.62,4358.97,1
4288.72,3980.51,4260,4111.79,4329.74,4603.08,4051.79,4612.82,4196.92,4230.26,4218.97,4284.62,4601.54,4358.46,1
4290.77,3988.21,4262.56,4114.87,4333.33,4598.97,4053.85,4611.28,4196.41,4219.49,4211.79,4285.64,4596.92,4354.36,1
4285.64,3986.15,4255.38,4113.33,4338.46,4604.1,4059.49,4618.46,4208.21,4218.46,4205.64,4280,4595.9,4348.72,1
4276.41,3979.49,4247.18,4108.72,4335.38,4608.21,4061.54,4621.03,4209.23,4222.05,4208.72,4275.9,4596.41,4347.18,1
4274.36,3980,4247.18,4106.67,4333.85,4604.62,4056.41,4620,4204.62,4222.05,4209.74,4277.44,4595.38,4347.69,1
4276.41,3982.56,4248.72,4107.69,4336.41,4604.1,4056.92,4626.15,4207.18,4222.05,4208.72,4278.97,4594.36,4347.69,1
4274.36,3981.03,4248.21,4109.23,4336.41,4607.18,4060,4630.26,4208.72,4221.54,4207.69,4276.92,4590.77,4344.62,1
4268.72,3980,4247.69,4108.21,4334.36,4604.1,4058.46,4626.67,4207.69,4221.03,4208.21,4274.36,4589.74,4341.54,1
4271.79,3982.56,4246.67,4105.64,4333.85,4600.51,4056.41,4624.62,4208.72,4224.62,4210.77,4275.38,4595.9,4347.18,1
4280.51,3986.15,4247.69,4107.18,4334.36,4603.08,4051.28,4625.64,4208.72,4225.13,4215.9,4277.44,4598.46,4350.77,1
4280,3986.15,4248.72,4112.31,4334.36,4601.03,4042.05,4624.62,4209.23,4222.56,4216.41,4275.38,4596.41,4341.54,1
4274.36,3986.67,4245.13,4112.31,4333.33,4595.38,4038.46,4624.1,4213.85,4226.15,4210.77,4270.77,4596.41,4338.97,1
4274.36,3990.26,4243.59,4108.72,4332.31,4597.44,4042.05,4626.15,4216.41,4233.33,4214.36,4272.31,4602.05,4350.26,1
4277.44,3986.67,4245.64,4107.18,4331.28,4598.97,4042.05,4622.05,4209.23,4232.31,4222.05,4276.92,4606.67,4354.36,1
4278.46,3978.46,4247.18,4106.67,4329.74,4596.41,4035.9,4614.36,4201.54,4225.13,4217.95,4273.85,4601.54,4348.72,1
4280.51,3980,4251.79,4108.72,4329.74,4596.41,4035.9,4614.87,4199.49,4218.97,4210.26,4271.28,4592.31,4348.21,1
4281.03,3988.72,4253.33,4111.28,4332.82,4594.36,4039.49,4613.33,4192.82,4214.36,4211.79,4274.36,4593.85,4350.26,1
4280,3983.59,4250.26,4105.13,4332.82,4592.31,4043.59,4608.72,4188.72,4208.72,4210.77,4276.92,4594.36,4344.62,1
4275.9,3970.77,4247.18,4095.38,4326.67,4597.95,4051.79,4616.92,4203.08,4208.21,4203.08,4273.85,4583.59,4337.44,1
4268.21,3969.74,4246.67,4094.36,4324.1,4599.49,4053.33,4622.56,4209.23,4215.38,4200,4269.23,4580.51,4336.92,1
4269.23,3981.54,4247.69,4103.08,4332.31,4594.87,4048.72,4611.28,4195.38,4217.44,4203.59,4266.15,4590.26,4342.56,1
4276.92,3986.15,4248.72,4106.67,4337.95,4598.97,4050.26,4607.18,4196.41,4214.36,4208.72,4267.18,4594.36,4345.64,1
4274.87,3979.49,4248.72,4102.56,4332.82,4604.62,4054.87,4618.46,4208.21,4217.95,4210.26,4276.41,4590.77,4345.13,1
4270.26,3972.82,4247.69,4100.51,4327.69,4601.03,4056.92,4626.15,4204.62,4222.05,4209.74,4284.1,4591.79,4347.69,1
4276.92,3972.31,4248.72,4104.1,4330.77,4599.49,4058.97,4624.62,4203.59,4221.03,4215.38,4284.62,4597.95,4355.38,1
4281.54,3976.92,4254.87,4107.18,4331.28,4598.97,4055.38,4623.08,4211.79,4222.56,4222.56,4284.62,4601.03,4358.46,1
4275.9,3981.54,4254.36,4107.69,4324.62,4598.46,4050.26,4621.03,4201.54,4214.87,4213.85,4281.03,4593.85,4349.23,1
4276.41,3978.97,4249.23,4107.69,4328.21,4601.03,4047.18,4616.41,4191.79,4206.15,4200,4275.38,4586.15,4348.21,1
4285.64,3976.92,4253.85,4108.21,4335.38,4601.54,4044.62,4612.31,4202.56,4214.36,4208.72,4279.49,4593.85,4362.56,1
4290.26,3983.08,4264.62,4108.21,4333.85,4597.44,4042.56,4612.82,4210.77,4226.67,4227.18,4294.87,4608.21,4372.31,1
4290.77,3989.74,4267.18,4113.85,4333.85,4596.92,4044.1,4611.79,4201.03,4227.18,4226.67,4301.54,4609.23,4366.67,1
4288.72,3985.13,4264.62,4117.95,4335.38,4602.05,4046.67,4607.18,4194.87,4219.49,4213.33,4291.79,4596.92,4356.41,1
4283.59,3978.46,4261.03,4113.33,4332.82,4603.59,4047.18,4610.26,4202.56,4215.38,4208.21,4276.92,4590.77,4345.64,1
4276.92,3981.03,4251.79,4107.18,4332.31,4602.56,4047.69,4620,4210.26,4214.36,4208.21,4270.77,4588.21,4339.49,1
4271.28,3983.59,4246.67,4105.64,4333.85,4601.54,4050.26,4624.1,4212.31,4215.9,4206.15,4276.41,4585.64,4343.59,1
4271.79,3983.08,4253.33,4110.26,4334.36,4602.05,4054.87,4625.64,4210.77,4217.95,4207.18,4282.05,4589.74,4351.79,1
4280.51,3984.62,4263.59,4116.41,4336.41,4605.13,4057.95,4630.26,4208.21,4223.08,4211.79,4285.13,4596.41,4354.87,1
4284.62,3984.1,4266.15,4115.38,4335.38,4606.15,4053.85,4626.67,4204.62,4223.08,4212.31,4286.67,4593.85,4347.69,1
4273.85,3974.87,4254.87,4107.18,4332.31,4603.59,4050.77,4616.41,4199.49,4212.31,4202.56,4276.41,4583.08,4335.38,1
4263.59,3970.77,4244.1,4105.64,4334.87,4600.51,4051.28,4610.26,4195.9,4208.72,4196.41,4262.56,4580,4333.85,1
4266.15,3974.87,4251.28,4108.21,4334.87,4600,4050.26,4607.18,4192.82,4208.21,4202.05,4267.69,4586.67,4342.05,1
4273.85,3976.41,4263.08,4110.77,4330.26,4600,4046.15,4606.67,4194.36,4207.69,4207.69,4283.08,4590.77,4349.23,1
4281.03,3981.03,4265.64,4119.49,4332.31,4598.46,4042.05,4612.31,4204.62,4216.92,4210.26,4288.21,4592.82,4354.87,1
4280,3982.56,4264.1,4119.49,4333.33,4597.95,4042.05,4618.97,4205.13,4221.03,4211.79,4283.59,4592.82,4351.79,1
4270.26,3976.92,4256.92,4109.23,4330.26,4600,4044.1,4620,4197.44,4213.85,4209.23,4277.44,4590.77,4340,1
4264.1,3973.33,4248.21,4106.15,4331.79,4602.56,4043.59,4619.49,4201.54,4213.33,4206.15,4277.44,4587.18,4337.95,1
4267.18,3974.87,4251.79,4108.21,4334.36,4602.05,4046.15,4622.56,4207.69,4218.46,4207.18,4280.51,4584.62,4341.54,1
4271.28,3975.9,4261.03,4105.64,4332.82,4600.51,4048.21,4622.05,4204.1,4214.36,4207.69,4279.49,4582.05,4339.49,1
4273.33,3976.41,4261.03,4108.72,4331.28,4597.44,4040.51,4613.85,4196.41,4209.23,4203.59,4274.87,4580.51,4335.9,1
4271.79,3976.41,4252.82,4112.82,4329.23,4594.36,4034.87,4613.33,4197.95,4210.77,4194.87,4268.21,4577.44,4331.79,1
4268.21,3976.41,4247.69,4111.28,4328.21,4595.9,4039.49,4619.49,4208.72,4215.38,4191.79,4264.1,4574.87,4330.77,1
4268.21,3973.85,4248.21,4109.23,4331.28,4601.03,4040.51,4616.41,4212.82,4217.44,4201.03,4268.21,4579.49,4335.9,1
4271.28,3971.28,4249.23,4108.21,4331.79,4602.05,4038.97,4614.36,4207.69,4217.95,4206.15,4274.87,4584.62,4337.44,1
4272.31,3975.9,4249.23,4111.79,4328.21,4600.51,4043.59,4616.92,4202.05,4217.44,4203.08,4273.33,4586.67,4340,1
4276.41,3982.56,4254.87,4113.85,4328.72,4599.49,4045.13,4617.44,4202.56,4215.9,4205.64,4273.85,4591.28,4348.72,1
4283.59,3980.51,4264.1,4112.31,4336.41,4600,4038.46,4621.54,4206.67,4220.51,4211.28,4281.54,4596.92,4353.33,1
4282.56,3983.59,4264.1,4114.87,4337.44,4604.62,4038.97,4626.67,4210.26,4226.67,4211.28,4281.03,4598.46,4347.69,1
4274.36,3986.15,4251.79,4120,4331.28,4610.77,4047.69,4627.18,4208.21,4223.08,4207.18,4273.85,4592.82,4342.05,1
4271.28,3982.05,4247.18,4120,4330.26,4608.72,4047.18,4624.1,4206.15,4221.54,4207.69,4273.33,4591.79,4343.08,1
4275.9,3983.59,4257.44,4120,4333.33,4600,4043.59,4623.08,4210.26,4230.26,4212.31,4278.97,4599.49,4345.64,1
4277.95,3984.62,4263.08,4122.56,4331.28,4594.87,4042.56,4622.56,4208.72,4228.21,4212.82,4280.51,4600,4345.64,1
4274.87,3981.54,4258.97,4121.54,4327.18,4594.36,4042.05,4618.97,4201.03,4217.95,4207.69,4276.92,4591.28,4342.56,1
4275.9,3982.05,4256.92,4120.51,4329.23,4596.41,4042.56,4617.44,4194.87,4215.9,4203.08,4274.36,4588.72,4343.08,1
4274.36,3984.1,4251.79,4116.41,4329.23,4598.97,4041.54,4618.46,4192.31,4213.33,4199.49,4271.79,4588.21,4342.05,1
4269.74,3980,4245.64,4114.36,4326.67,4598.97,4037.95,4615.38,4194.87,4208.72,4195.9,4272.31,4584.62,4340,1
4270.77,3978.97,4252.82,4120.51,4329.74,4600.51,4038.46,4613.85,4201.54,4214.87,4201.03,4278.97,4588.72,4343.08,1
4276.41,3984.62,4265.13,4123.59,4329.74,4602.56,4044.1,4622.56,4208.21,4221.03,4203.59,4279.49,4590.77,4344.62,1
4277.95,3985.13,4264.62,4122.05,4325.64,4600,4047.69,4628.72,4207.69,4216.41,4200,4276.92,4586.15,4342.05,1
4272.82,3978.46,4256.41,4121.54,4324.62,4597.95,4050.26,4627.69,4208.21,4214.87,4200.51,4277.95,4581.54,4336.92,1
4264.1,3973.85,4250.26,4120,4326.15,4599.49,4053.85,4628.72,4210.77,4221.03,4205.64,4275.9,4581.03,4333.33,1
4263.08,3981.03,4249.74,4118.97,4328.21,4602.56,4050.77,4626.15,4205.13,4221.03,4205.64,4273.85,4584.62,4334.87,1
4268.21,3989.23,4254.36,4122.05,4335.9,4608.21,4046.15,4621.03,4202.05,4220.51,4204.62,4275.9,4587.69,4336.92,1
4271.79,3989.23,4261.54,4122.56,4339.49,4611.28,4051.79,4625.13,4211.79,4225.64,4207.69,4280,4588.21,4337.95,1
4276.92,3993.85,4264.62,4122.56,4336.92,4607.69,4056.41,4630.26,4217.95,4226.15,4207.69,4282.05,4591.28,4340.51,1
4280.51,3996.41,4258.97,4124.1,4336.41,4604.62,4052.82,4625.64,4209.74,4222.05,4205.64,4277.95,4591.79,4337.95,1
4275.38,3990.77,4249.23,4122.56,4336.41,4607.18,4051.28,4621.54,4207.18,4223.08,4204.1,4270.26,4587.69,4329.74,1
4269.23,3987.69,4243.08,4115.9,4336.41,4613.85,4054.87,4623.59,4206.15,4220,4200.51,4266.67,4584.1,4325.64,1
4267.69,3987.69,4240.51,4109.23,4335.9,4614.36,4054.87,4620.51,4197.44,4210.77,4197.44,4265.13,4581.03,4325.64,1
4268.21,3982.56,4240.51,4106.15,4331.79,4606.67,4055.9,4616.92,4197.95,4212.82,4200.51,4265.64,4585.13,4330.26,1
4270.26,3978.97,4243.59,4105.13,4327.18,4604.62,4058.46,4619.49,4202.56,4218.46,4205.13,4268.72,4591.79,4335.38,1
4277.44,3985.13,4246.67,4102.05,4328.21,4607.69,4053.85,4615.9,4197.44,4213.85,4203.08,4268.21,4588.21,4335.38,1
4281.03,3988.72,4246.15,4101.03,4326.15,4604.62,4047.69,4607.18,4192.82,4207.18,4199.49,4266.15,4581.54,4333.85,1
4278.46,3986.15,4248.21,4102.56,4323.08,4598.97,4049.23,4610.26,4203.08,4215.9,4201.03,4267.18,4583.59,4337.44,1
4279.49,3989.23,4244.62,4101.54,4329.23,4601.54,4054.36,4618.97,4211.79,4232.31,4208.72,4269.74,4593.85,4344.62,1
4279.49,3989.74,4234.87,4101.03,4332.31,4607.18,4057.95,4622.56,4214.36,4234.36,4214.87,4273.85,4601.54,4347.18,1
4276.92,3986.67,4234.87,4104.1,4329.74,4608.72,4061.54,4625.64,4217.95,4230.77,4213.33,4273.33,4598.97,4343.59,1
4276.41,3987.18,4243.59,4106.15,4330.77,4606.15,4061.54,4624.62,4214.36,4233.85,4211.28,4270.77,4596.92,4342.56,1
4277.44,3990.26,4247.18,4107.18,4330.26,4602.05,4056.92,4616.41,4204.62,4233.85,4214.36,4275.38,4602.05,4348.21,1
4276.92,3987.69,4246.67,4104.62,4321.03,4599.49,4053.33,4615.38,4201.54,4223.59,4212.31,4277.44,4598.97,4347.69,1
4274.87,3982.56,4241.54,4096.92,4320.51,4603.08,4054.87,4624.62,4211.79,4223.08,4205.13,4270.26,4592.31,4341.03,1
4274.36,3983.08,4233.85,4095.9,4329.74,4611.79,4061.03,4629.74,4212.31,4227.69,4204.62,4264.62,4592.82,4341.54,1
4278.46,3990.26,4236.92,4103.59,4334.87,4610.77,4060,4623.08,4202.05,4223.59,4210.77,4267.18,4596.92,4351.79,1
4291.79,4001.03,4250.26,4112.82,4335.38,4607.18,4055.38,4615.38,4200.51,4223.08,4214.87,4274.87,4602.56,4360,1
4296.41,4001.54,4257.44,4118.97,4336.41,4611.28,4061.03,4615.38,4206.15,4226.15,4210.77,4278.46,4602.56,4356.41,1
4291.28,3994.87,4261.54,4120,4334.87,4615.9,4070.77,4620,4207.69,4222.56,4207.18,4274.36,4591.79,4349.74,1
4288.21,3992.31,4262.05,4117.95,4332.82,4616.41,4072.31,4621.54,4203.59,4218.46,4207.18,4273.33,4584.62,4346.15,1
4287.18,3994.36,4255.9,4116.92,4334.87,4616.92,4069.23,4621.54,4204.1,4220.51,4206.67,4271.28,4588.21,4345.13,1
4285.13,4000.51,4248.72,4118.97,4334.87,4615.9,4069.23,4622.56,4208.21,4224.62,4206.15,4263.59,4593.85,4347.18,1
4287.18,4004.62,4250.26,4120,4333.33,4614.87,4068.72,4623.08,4209.74,4229.23,4209.74,4264.1,4597.44,4352.31,1
4287.69,3998.97,4253.85,4116.92,4330.77,4614.87,4067.18,4618.46,4202.56,4226.15,4211.28,4271.28,4598.46,4352.82,1
4278.97,3988.21,4249.74,4108.21,4325.64,4611.79,4065.64,4614.87,4197.95,4214.87,4205.13,4271.79,4592.82,4343.08,1
4272.82,3986.15,4246.15,4105.13,4326.15,4608.21,4059.49,4611.79,4201.03,4213.85,4201.03,4268.21,4586.67,4338.97,1
4277.44,3989.74,4249.74,4108.72,4331.79,4606.15,4051.28,4608.72,4200.51,4221.54,4205.64,4265.64,4591.28,4344.62,1
4277.95,3986.67,4244.62,4109.74,4329.74,4608.72,4054.87,4610.77,4193.33,4218.97,4204.1,4261.03,4589.74,4338.46,1
4266.67,3979.49,4229.23,4106.15,4322.56,4610.77,4063.08,4612.31,4190.77,4208.21,4192.82,4249.23,4576.92,4325.64,1
4266.67,3985.13,4229.74,4106.15,4326.67,4607.18,4065.13,4614.87,4203.59,4213.85,4194.36,4247.69,4579.49,4331.79,1
4281.54,4000,4241.54,4116.92,4333.33,4607.69,4064.62,4622.56,4220.51,4232.31,4209.23,4263.08,4595.38,4348.72,1
4284.62,4002.05,4237.95,4117.44,4327.69,4611.79,4065.13,4628.21,4222.56,4238.97,4213.85,4268.21,4600,4346.67,1
4272.31,3992.82,4228.72,4105.64,4321.54,4608.21,4058.97,4623.08,4207.69,4226.67,4204.1,4255.9,4591.79,4333.33,1
4265.13,3989.23,4230.26,4104.1,4319.49,4603.08,4051.79,4610.26,4193.85,4214.36,4194.87,4251.28,4583.08,4329.74,1
4267.18,3987.69,4236.92,4109.74,4318.46,4602.56,4054.36,4607.69,4195.38,4210.26,4188.21,4257.95,4573.33,4333.85,1
4271.28,3984.1,4239.49,4108.21,4319.49,4603.08,4058.46,4611.79,4196.41,4206.67,4188.21,4263.08,4573.85,4337.44,1
4276.41,3987.18,4238.97,4105.13,4321.03,4604.62,4056.41,4613.85,4194.87,4213.33,4200.51,4265.64,4588.21,4342.05,1
4281.54,3992.82,4240,4105.64,4322.05,4609.23,4061.03,4616.92,4199.49,4224.1,4211.28,4265.64,4595.38,4348.72,1
4287.18,3993.85,4245.64,4107.69,4325.64,4613.85,4072.82,4620.51,4206.67,4225.64,4214.36,4266.67,4596.41,4355.38,1
4290.26,3990.26,4250.77,4108.21,4328.72,4614.87,4074.36,4621.03,4211.28,4224.1,4213.33,4270.26,4602.05,4354.36,1
4285.13,3986.67,4245.64,4105.13,4327.69,4613.33,4066.67,4622.05,4215.9,4232.31,4211.79,4269.23,4604.1,4346.67,1
4277.95,3987.18,4236.41,4104.62,4327.18,4612.31,4062.56,4623.08,4212.82,4236.92,4207.69,4264.62,4596.92,4341.03,1
4274.36,3988.72,4236.92,4106.67,4327.69,4612.82,4065.13,4625.13,4214.36,4230.77,4208.21,4263.08,4596.41,4345.64,1
4283.59,3990.77,4250.77,4106.67,4331.79,4612.82,4069.23,4629.23,4220,4234.36,4217.95,4270.77,4606.67,4356.41,1
4296.41,3993.33,4262.05,4113.33,4333.85,4612.82,4070.26,4623.59,4203.59,4232.31,4217.95,4277.44,4604.1,4357.95,1
4300.51,3995.9,4263.59,4118.46,4330.26,4612.31,4067.69,4616.92,4194.36,4217.44,4208.72,4275.38,4595.9,4354.87,1
4295.38,3994.36,4261.54,4110.77,4329.74,4616.41,4072.31,4627.18,4209.23,4214.36,4205.13,4273.85,4596.41,4353.33,1
4288.72,3989.74,4252.31,4107.18,4334.36,4623.08,4082.05,4635.38,4216.41,4224.62,4206.15,4275.38,4595.38,4351.28,1
4289.23,3993.33,4250.77,4116.41,4337.44,4621.03,4078.46,4630.77,4213.85,4229.74,4208.72,4278.46,4594.87,4356.41,1
4294.87,4004.1,4262.56,4126.67,4340,4616.92,4073.85,4628.21,4217.95,4234.36,4216.92,4281.03,4603.59,4364.1,1
4301.03,4011.79,4270.77,4132.82,4343.59,4623.08,4084.1,4630.77,4218.46,4242.56,4225.64,4283.59,4614.36,4369.74,1
4306.67,4011.79,4268.21,4139.49,4346.67,4629.74,4088.72,4630.77,4221.03,4250.26,4230.26,4290.26,4620.51,4375.9,1
4309.23,4008.21,4266.67,4136.92,4344.62,4624.62,4080,4630.77,4224.62,4253.85,4232.82,4293.33,4624.1,4374.36,1
4302.05,4003.59,4260,4126.15,4338.46,4619.49,4072.31,4629.74,4221.03,4250.26,4229.23,4284.62,4618.97,4360.51,1
4293.33,4001.03,4248.21,4120.51,4336.41,4623.08,4070.77,4630.77,4223.59,4245.13,4224.1,4273.33,4612.31,4353.33,1
4294.36,3999.49,4251.28,4120,4336.92,4625.64,4070.26,4631.79,4225.64,4243.08,4222.56,4272.31,4611.79,4358.46,1
4298.46,4001.54,4262.56,4123.08,4335.9,4621.03,4070.77,4625.64,4214.36,4235.9,4217.95,4273.33,4608.72,4362.05,1
4301.03,4007.18,4265.64,4126.15,4334.87,4617.95,4070.26,4615.9,4205.13,4229.23,4211.79,4275.38,4604.1,4363.59,1
4303.08,4006.67,4265.13,4126.67,4335.38,4619.49,4068.72,4614.36,4202.56,4227.69,4213.33,4282.56,4606.15,4364.62,1
4298.97,4001.03,4265.13,4123.59,4330.26,4617.44,4068.72,4616.92,4201.03,4224.62,4209.74,4281.54,4605.13,4355.38,1
4286.67,3997.44,4261.03,4120,4323.59,4613.33,4069.23,4616.92,4203.08,4220.51,4198.97,4270.26,4592.31,4343.59,1
4282.56,3996.41,4258.97,4121.54,4328.72,4614.87,4067.18,4618.97,4209.23,4220,4197.95,4266.67,4585.13,4346.67,1
4290.26,3996.41,4261.54,4125.64,4334.87,4618.46,4067.69,4624.62,4210.77,4224.1,4204.62,4276.41,4592.82,4355.9,1
4292.82,3998.46,4260.51,4124.62,4331.79,4618.46,4066.15,4623.08,4207.69,4230.77,4211.79,4281.03,4602.56,4355.38,1
4292.31,4003.08,4261.54,4124.62,4333.33,4616.41,4058.46,4614.87,4206.15,4233.33,4219.49,4277.95,4605.64,4355.9,1
4298.46,4006.15,4266.67,4132.82,4337.95,4615.9,4056.92,4618.46,4214.87,4237.95,4225.13,4279.49,4608.72,4363.08,1
4303.08,4008.21,4268.21,4138.97,4339.49,4618.46,4062.05,4627.69,4223.08,4249.23,4227.69,4283.59,4619.49,4369.74,1
4306.15,4010.77,4270.26,4137.95,4340.51,4622.56,4064.1,4625.13,4221.03,4252.82,4232.82,4288.72,4629.74,4376.41,1
4311.79,4011.79,4276.41,4136.92,4339.49,4623.59,4066.67,4622.05,4222.05,4246.67,4230.26,4291.79,4625.64,4378.46,1
4314.36,4011.28,4280,4138.97,4337.44,4622.56,4069.23,4623.59,4221.03,4241.54,4224.1,4292.82,4620.51,4377.44,1
4311.79,4011.28,4278.97,4137.95,4335.9,4618.46,4062.56,4616.41,4201.03,4235.38,4225.13,4288.21,4622.56,4372.31,1
4305.64,4007.18,4270.77,4131.79,4330.26,4608.21,4056.92,4608.72,4187.69,4225.64,4215.9,4276.92,4616.92,4362.05,1
4296.92,4001.54,4263.08,4131.28,4324.62,4602.05,4055.9,4610.77,4191.79,4216.92,4203.08,4270.26,4604.62,4358.46,1
4292.31,3998.46,4261.54,4131.28,4326.67,4606.15,4053.33,4611.79,4196.92,4212.82,4203.08,4271.28,4602.56,4358.97,1
4287.18,3996.41,4261.03,4126.67,4330.26,4611.28,4053.85,4612.31,4205.64,4218.46,4205.64,4270.26,4604.1,4353.85,1
4280,3993.85,4258.46,4128.72,4332.31,4614.36,4058.46,4617.95,4214.36,4227.69,4201.03,4267.69,4598.46,4346.67,1
4278.46,3990.77,4258.97,4132.31,4333.33,4618.97,4061.54,4621.54,4212.82,4225.64,4195.9,4266.15,4590.77,4342.56,1
4281.54,3991.79,4261.54,4128.72,4329.23,4619.49,4061.54,4618.46,4207.18,4222.56,4196.92,4265.64,4589.23,4344.1,1
4287.18,3996.92,4261.54,4131.28,4326.67,4615.38,4057.95,4613.85,4202.05,4227.69,4202.05,4270.77,4594.87,4350.77,1
4294.87,3998.46,4267.18,4140.51,4328.72,4609.74,4051.28,4613.85,4204.62,4233.85,4212.82,4280.51,4602.05,4359.49,1
4298.97,3998.46,4274.36,4140.51,4329.74,4605.64,4051.79,4615.9,4212.31,4239.49,4220,4285.64,4606.67,4365.13,1
4296.92,4000,4269.74,4136.92,4330.26,4611.79,4057.44,4613.85,4207.69,4241.03,4215.9,4285.13,4607.69,4362.05,1
4293.85,4000.51,4261.03,4136.41,4332.31,4616.92,4057.95,4612.31,4203.59,4234.87,4208.21,4277.95,4601.03,4352.31,1
4292.31,3998.97,4262.05,4137.95,4333.33,4614.87,4057.95,4615.9,4212.31,4229.23,4209.23,4275.38,4595.38,4353.33,1
4291.28,4002.05,4266.15,4138.97,4333.85,4619.49,4057.95,4614.87,4206.15,4224.62,4210.77,4280.51,4599.49,4356.41,1
4289.74,4005.13,4262.05,4136.92,4334.87,4625.64,4055.9,4610.77,4192.31,4218.97,4205.64,4275.9,4601.54,4350.26,1
4291.79,4008.72,4261.54,4142.56,4335.9,4620,4052.31,4613.85,4202.05,4227.18,4210.77,4273.33,4603.08,4355.9,1
4302.56,4014.36,4272.31,4152.31,4334.87,4610.77,4045.13,4613.85,4208.21,4240,4222.05,4286.67,4612.31,4368.72,1
4309.74,4015.38,4278.97,4154.36,4335.9,4608.21,4043.08,4606.67,4194.87,4236.41,4219.49,4292.31,4615.38,4367.69,1
4305.64,4018.46,4279.49,4155.38,4340,4612.31,4049.23,4606.67,4201.54,4233.33,4217.95,4286.67,4610.77,4366.67,1
4303.59,4018.97,4276.92,4158.46,4342.56,4620,4054.87,4621.03,4225.64,4241.03,4222.05,4283.08,4612.82,4367.18,1
4302.05,4009.74,4269.23,4150.77,4341.03,4625.64,4056.92,4629.23,4225.13,4240.51,4216.92,4277.44,4613.33,4358.97,1
4298.46,4006.67,4266.15,4143.59,4338.46,4626.67,4056.41,4618.46,4204.62,4232.82,4209.23,4272.31,4608.72,4358.46,1
4301.03,4011.79,4274.87,4150.77,4335.9,4623.08,4055.38,4607.69,4197.44,4232.31,4212.82,4278.97,4612.82,4366.15,1
4305.64,4011.28,4282.05,4155.9,4335.38,4617.95,4054.87,4605.13,4198.97,4231.79,4217.95,4286.15,4617.44,4364.62,1
4305.13,4008.21,4280,4152.82,4341.03,4620,4058.97,4604.62,4197.44,4225.64,4213.85,4284.1,4611.79,4359.49,1
4303.59,4014.36,4280.51,4152.31,4344.1,4623.08,4060.51,4607.18,4195.9,4226.15,4213.85,4284.1,4610.26,4361.03,1
4302.05,4018.46,4280.51,4154.36,4337.44,4618.97,4057.44,4613.85,4204.1,4231.28,4217.95,4284.62,4617.95,4364.1,1
4301.03,4010.26,4279.49,4150.26,4332.31,4618.97,4058.97,4620,4214.36,4230.77,4215.9,4280.51,4616.92,4361.54,1
4303.59,4008.21,4280.51,4144.62,4335.9,4621.54,4062.05,4621.03,4212.82,4231.79,4212.82,4280,4609.74,4358.46,1
4298.97,4007.69,4274.36,4140.51,4332.82,4616.92,4059.49,4615.38,4207.69,4236.41,4212.82,4283.08,4608.21,4352.82,1
4290.77,3995.38,4262.05,4131.79,4323.59,4612.31,4058.46,4614.87,4210.77,4231.28,4210.77,4280.51,4605.13,4351.28,1
4293.33,3989.23,4261.54,4123.08,4326.67,4614.87,4062.05,4617.44,4206.15,4222.05,4208.72,4276.41,4603.08,4356.92,1
4296.92,4000,4266.67,4122.56,4335.38,4621.54,4062.05,4613.33,4195.38,4224.62,4212.31,4276.92,4607.18,4356.41,1
4292.82,4007.69,4256.92,4127.18,4334.87,4623.59,4058.97,4610.77,4200,4227.69,4212.82,4274.36,4607.69,4351.28,1
4290.26,4005.13,4250.26,4125.64,4331.79,4620,4060.51,4613.85,4204.1,4224.62,4211.79,4271.79,4604.62,4355.9,1
4294.36,4006.15,4259.49,4120.51,4333.33,4616.41,4061.03,4616.41,4198.46,4226.15,4216.92,4276.92,4611.28,4365.64,1
4303.08,4010.77,4266.15,4125.64,4335.38,4612.31,4056.92,4614.36,4202.05,4234.36,4227.18,4284.62,4623.59,4372.82,1
4311.79,4012.82,4267.18,4133.85,4335.9,4610.26,4052.82,4611.79,4210.77,4240.51,4233.33,4290.26,4629.23,4377.44,1
4311.79,4011.79,4268.72,4129.23,4335.38,4613.33,4051.79,4612.82,4210.26,4240,4229.74,4289.23,4627.69,4377.44,1
4309.23,4006.67,4265.64,4119.49,4331.79,4613.85,4049.23,4611.79,4205.64,4235.38,4226.67,4285.64,4623.59,4372.82,1
4309.23,4004.62,4262.56,4120,4328.72,4611.79,4047.69,4602.56,4196.41,4228.72,4225.13,4287.18,4623.59,4371.79,1
4305.64,4008.21,4267.18,4123.08,4332.31,4616.92,4054.36,4602.56,4195.38,4228.72,4221.03,4288.21,4626.67,4374.87,1
4303.59,4007.18,4267.18,4122.05,4333.85,4620.51,4061.54,4615.38,4208.72,4232.82,4221.54,4286.15,4623.59,4372.82,1
4301.54,4002.05,4261.54,4121.54,4330.26,4617.95,4061.03,4616.41,4206.67,4231.28,4219.49,4280.51,4614.87,4361.54,1
4297.95,4004.1,4260,4122.05,4333.85,4621.54,4061.54,4611.28,4195.9,4226.67,4209.74,4273.85,4614.36,4357.44,1
4298.97,4012.31,4263.59,4123.08,4337.95,4625.64,4065.13,4617.44,4202.05,4226.15,4208.21,4273.85,4619.49,4363.08,1
4303.08,4012.82,4264.62,4122.56,4334.36,4620.51,4063.08,4623.08,4209.74,4232.31,4215.38,4278.97,4615.38,4362.56,1
4302.56,4011.79,4265.64,4124.62,4335.38,4622.05,4059.49,4617.95,4209.23,4233.33,4211.79,4280.51,4608.72,4360,1
4305.64,4016.41,4273.33,4133.85,4342.56,4628.72,4061.03,4614.36,4207.69,4229.23,4210.26,4280,4613.33,4365.64,1
4312.31,4021.03,4280,4140,4344.1,4626.67,4061.54,4616.92,4207.18,4234.36,4218.46,4282.05,4620,4370.26,1
4308.72,4021.54,4277.95,4137.44,4342.05,4622.56,4056.92,4614.36,4205.13,4244.62,4221.54,4284.1,4619.49,4369.23,1
4307.69,4024.1,4277.44,4136.41,4345.13,4624.62,4054.36,4613.33,4206.67,4241.54,4219.49,4286.15,4621.54,4372.82,1
4316.92,4025.64,4280.51,4140,4345.13,4625.64,4055.38,4623.08,4220.51,4244.62,4226.67,4290.77,4631.28,4383.59,1
4322.05,4025.13,4281.03,4139.49,4342.05,4626.67,4061.03,4631.28,4230.77,4258.97,4235.38,4297.95,4640,4388.72,1
4316.41,4024.1,4283.08,4138.46,4343.08,4632.82,4066.15,4630.26,4222.56,4258.46,4230.26,4301.03,4639.49,4385.64,1
4310.26,4017.95,4279.49,4134.87,4340,4635.38,4068.21,4628.21,4215.38,4245.13,4221.03,4294.36,4632.82,4380.51,1
4307.69,4013.33,4267.69,4126.67,4332.82,4631.28,4069.23,4631.28,4223.59,4239.49,4218.46,4287.18,4626.15,4377.44,1
4310.77,4018.46,4263.59,4126.67,4335.9,4625.13,4064.62,4627.69,4219.49,4240.51,4215.38,4287.18,4626.67,4375.9,1
4312.82,4025.64,4266.15,4134.87,4342.56,4621.54,4058.97,4620.51,4210.26,4241.03,4209.23,4285.64,4628.72,4378.46,1
4313.33,4026.67,4267.18,4137.44,4339.49,4622.05,4062.05,4620,4217.44,4240,4208.21,4283.08,4628.21,4383.08,1
4316.92,4021.54,4270.77,4132.31,4333.85,4625.13,4070.26,4626.15,4222.56,4241.03,4209.74,4285.13,4623.08,4382.05,1
4320,4017.44,4276.92,4125.64,4332.82,4623.59,4067.18,4630.26,4220,4243.59,4208.21,4289.23,4618.97,4380,1
4315.9,4016.92,4280,4128.72,4333.33,4618.97,4056.41,4623.59,4212.82,4242.05,4210.26,4291.79,4624.1,4382.56,1
4313.85,4016.41,4277.44,4135.9,4328.72,4618.97,4055.38,4618.46,4209.74,4236.92,4209.74,4291.79,4628.21,4382.05,1
4313.85,4011.79,4268.72,4130.26,4326.67,4620.51,4057.95,4623.59,4216.92,4237.95,4206.15,4289.74,4623.59,4378.97,1
4311.28,4010.26,4267.18,4120.51,4329.74,4624.1,4061.03,4629.23,4216.92,4241.03,4205.64,4287.69,4621.54,4378.46,1
4312.31,4012.31,4272.31,4122.05,4329.74,4630.26,4067.69,4627.69,4208.21,4237.44,4205.64,4285.64,4624.1,4378.97,1
4313.85,4012.31,4268.21,4125.13,4327.18,4627.69,4068.72,4622.56,4210.77,4234.87,4205.64,4286.15,4627.18,4376.92,1
4311.79,4012.31,4267.18,4124.1,4329.74,4619.49,4064.1,4622.56,4215.38,4237.95,4208.21,4288.21,4628.21,4376.92,1
4312.82,4015.38,4277.44,4125.13,4333.33,4621.54,4067.18,4624.62,4209.23,4237.95,4208.21,4287.18,4625.13,4382.05,1
4320,4018.97,4280.51,4128.72,4333.85,4627.18,4071.79,4627.69,4216.41,4237.44,4206.15,4289.23,4625.64,4387.18,1
4326.15,4020,4277.95,4134.36,4335.9,4626.15,4068.72,4632.82,4234.36,4247.18,4212.82,4298.46,4637.44,4392.82,1
4324.1,4018.46,4282.05,4139.49,4337.44,4626.15,4070.26,4633.85,4228.72,4255.38,4215.38,4301.54,4639.49,4389.23,1
4312.82,4014.87,4278.46,4134.87,4334.36,4626.67,4075.9,4630.26,4210.77,4246.67,4202.05,4289.23,4619.49,4375.9,1
4301.03,4004.1,4267.69,4124.1,4331.28,4622.05,4075.38,4625.13,4203.59,4232.31,4190.26,4279.49,4605.64,4366.15,1
4298.46,3994.87,4263.08,4120,4327.69,4616.92,4075.38,4620.51,4201.54,4226.15,4189.23,4277.95,4602.05,4365.13,1
4298.97,3996.92,4264.62,4123.08,4327.18,4617.44,4082.05,4618.97,4198.97,4226.67,4189.74,4278.97,4598.97,4366.67,1
4297.95,3997.95,4265.64,4122.05,4327.69,4620,4087.18,4620,4201.03,4226.15,4189.74,4281.03,4601.03,4367.69,1
4300,3998.46,4263.59,4122.05,4327.18,4619.49,4084.1,4622.05,4204.62,4225.13,4193.85,4283.08,4611.28,4374.87,1
4312.31,4009.74,4268.72,4133.33,4328.72,4616.41,4077.95,4625.13,4205.64,4232.31,4201.03,4284.62,4620,4385.64,1
4325.64,4021.54,4277.44,4140.51,4328.21,4617.95,4076.92,4626.15,4207.69,4237.95,4199.49,4283.08,4623.59,4388.21,1
4324.62,4020,4278.46,4135.38,4328.21,4623.59,4081.54,4626.67,4213.85,4238.97,4196.92,4285.64,4625.13,4386.15,1
4317.44,4013.33,4278.46,4136.92,4330.77,4625.64,4081.03,4629.23,4222.05,4247.18,4204.1,4294.36,4625.13,4386.67,1
4311.28,4007.69,4278.46,4137.44,4328.72,4622.56,4073.33,4633.33,4223.08,4250.26,4205.64,4297.44,4621.03,4383.08,1
4306.67,4004.1,4268.21,4126.67,4327.18,4618.46,4067.69,4627.69,4206.15,4237.44,4198.46,4286.67,4614.36,4375.38,1
4306.67,4007.18,4263.59,4125.64,4332.31,4615.9,4067.18,4613.85,4193.33,4229.23,4195.9,4279.49,4617.44,4376.92,1
4308.72,4009.23,4274.36,4135.9,4334.36,4615.38,4071.79,4613.85,4201.54,4236.92,4198.97,4284.62,4625.13,4382.05,1
4307.69,4008.72,4277.95,4139.49,4329.74,4616.92,4078.97,4623.08,4208.72,4240.51,4202.05,4288.21,4624.62,4383.59,1
4309.23,4007.69,4276.41,4134.36,4326.67,4617.44,4077.95,4620.51,4206.15,4235.9,4204.1,4292.31,4620.51,4385.13,1
4308.21,4001.54,4274.87,4127.18,4321.03,4620.51,4078.46,4618.46,4206.15,4232.31,4198.46,4295.9,4617.95,4376.92,1
4299.49,3990.77,4267.18,4119.49,4315.9,4628.72,4085.64,4626.67,4208.72,4225.64,4188.21,4289.23,4609.74,4367.18,1
4297.95,3992.31,4267.69,4124.1,4321.03,4626.15,4085.13,4627.18,4207.18,4221.03,4190.26,4285.64,4607.18,4373.33,1
4304.62,4005.13,4280.51,4135.9,4330.26,4616.92,4077.95,4626.15,4210.77,4230.77,4200.51,4293.33,4616.92,4381.03,1
4305.64,4007.18,4280.51,4135.9,4331.28,4613.85,4077.95,4632.31,4213.33,4235.9,4203.59,4295.9,4620.51,4377.44,1
4304.1,4002.05,4274.36,4133.85,4329.23,4616.92,4080.51,4628.21,4207.18,4229.23,4194.36,4291.28,4613.85,4376.41,1
4309.74,4004.62,4280,4137.44,4330.26,4616.41,4075.38,4623.59,4209.74,4229.74,4190.77,4287.69,4611.79,4378.46,1
4309.23,4006.67,4278.97,4135.38,4328.21,4614.87,4071.79,4629.74,4214.87,4235.38,4195.9,4283.08,4615.9,4372.31,1
4299.49,3998.46,4266.15,4124.62,4321.03,4614.36,4073.33,4627.18,4207.69,4230.26,4193.85,4281.03,4614.87,4368.21,1
4298.97,3994.36,4263.59,4121.54,4321.03,4615.9,4072.82,4617.44,4198.97,4226.67,4191.79,4282.05,4610.77,4369.74,1
4306.67,3998.46,4274.36,4126.15,4321.03,4616.41,4073.85,4623.08,4204.1,4225.64,4194.87,4280,4609.23,4370.26,1
4308.21,4002.05,4279.49,4126.67,4317.95,4609.74,4075.38,4634.36,4210.26,4223.08,4193.85,4281.54,4608.21,4373.85,1
4304.62,3999.49,4269.74,4123.59,4316.92,4605.13,4071.28,4626.15,4198.97,4220.51,4188.72,4282.05,4604.1,4368.21,1
4301.54,3994.36,4262.05,4122.56,4318.97,4607.69,4067.18,4615.38,4193.33,4219.49,4183.59,4272.31,4601.03,4356.92,1
4298.97,3993.33,4262.05,4123.08,4318.97,4612.31,4070.77,4621.54,4206.15,4223.08,4184.1,4266.15,4601.03,4357.95,1
4297.95,3996.41,4262.56,4124.62,4320.51,4615.38,4077.44,4630.26,4213.85,4227.69,4189.74,4271.28,4603.08,4364.62,1
4301.54,3997.44,4262.05,4125.64,4324.62,4617.44,4079.49,4631.28,4208.21,4233.33,4194.87,4279.49,4606.15,4366.67,1
4308.72,4001.54,4267.69,4129.74,4327.18,4617.95,4083.59,4630.26,4208.21,4235.38,4196.41,4284.62,4611.79,4372.82,1
4312.31,4004.1,4274.36,4135.38,4327.18,4616.92,4086.15,4632.31,4217.44,4233.33,4198.97,4288.72,4616.92,4381.03,1
4312.31,3997.95,4277.44,4137.95,4327.18,4616.92,4077.95,4633.85,4224.1,4240.51,4200,4292.31,4611.28,4376.92,1
4310.26,3994.36,4276.92,4134.87,4326.15,4618.46,4074.87,4640,4228.21,4247.69,4196.92,4291.28,4602.05,4368.72,1
4306.67,3996.92,4271.79,4130.77,4321.54,4617.95,4083.59,4644.1,4230.26,4241.54,4193.33,4284.1,4602.05,4366.15,1
4303.59,3994.36,4271.28,4133.85,4318.46,4613.85,4081.03,4633.33,4215.38,4233.33,4189.74,4280,4603.59,4365.13,1
4306.15,3991.28,4274.36,4136.41,4321.54,4607.18,4069.23,4617.44,4193.85,4231.79,4190.26,4282.56,4602.56,4365.64,1
4311.28,3995.38,4277.95,4132.82,4322.56,4602.56,4063.59,4612.82,4190.77,4228.72,4194.36,4283.59,4607.18,4370.77,1
4311.79,4001.03,4277.95,4133.85,4320.51,4604.62,4065.13,4620.51,4203.59,4227.18,4193.85,4283.08,4612.82,4374.36,1
4313.33,4004.1,4272.82,4138.46,4324.1,4609.74,4066.67,4625.13,4208.72,4229.74,4191.28,4283.59,4610.77,4370.77,1
4311.28,4004.1,4267.69,4139.49,4328.21,4613.85,4066.15,4618.97,4198.46,4227.69,4191.28,4280,4605.13,4366.67,1
4306.67,4001.03,4264.62,4135.38,4326.15,4614.87,4065.13,4611.79,4194.36,4221.03,4189.74,4275.9,4602.56,4364.62,1
4307.18,4001.03,4265.64,4132.31,4324.1,4611.28,4063.59,4614.36,4206.15,4222.56,4189.23,4279.49,4605.13,4366.67,1
4310.77,4003.59,4273.33,4132.82,4325.64,4606.15,4059.49,4615.9,4206.67,4228.72,4191.79,4285.13,4605.64,4370.26,1
4307.18,4003.08,4279.49,4134.36,4324.62,4608.72,4058.97,4613.33,4190.26,4222.56,4190.77,4284.1,4601.54,4369.23,1
4305.13,4002.56,4275.38,4133.85,4324.1,4614.87,4066.67,4618.46,4192.31,4216.92,4189.23,4282.05,4604.62,4368.72,1
4312.82,4004.1,4275.9,4135.38,4326.15,4611.28,4066.67,4622.56,4203.08,4224.62,4195.38,4283.59,4613.33,4373.33,1
4315.38,4001.03,4281.54,4138.46,4324.62,4603.08,4058.46,4616.92,4194.36,4226.15,4197.44,4285.13,4612.31,4373.85,1
4311.79,4001.03,4280.51,4139.49,4324.1,4603.59,4060,4616.41,4189.74,4217.95,4189.23,4286.15,4602.56,4369.23,1
4313.85,4007.69,4280.51,4141.03,4327.18,4609.23,4066.67,4625.13,4201.03,4217.44,4187.18,4286.15,4602.05,4368.21,1
4315.38,4008.21,4281.54,4140,4328.72,4612.82,4067.18,4627.69,4209.74,4225.13,4190.77,4285.13,4606.15,4367.69,1
4311.79,4003.59,4277.44,4137.44,4328.21,4610.77,4063.59,4622.05,4207.18,4229.23,4194.87,4286.67,4608.21,4370.26,1
4312.82,4005.64,4276.41,4138.46,4331.28,4608.21,4062.05,4614.36,4202.05,4232.31,4202.05,4291.28,4614.36,4377.44,1
4319.49,4011.28,4283.08,4143.59,4338.97,4611.28,4066.67,4610.77,4203.08,4236.92,4208.72,4294.36,4619.49,4382.56,1
4324.1,4015.38,4291.28,4150.26,4342.05,4613.33,4072.31,4614.36,4208.21,4240.51,4211.79,4297.44,4620.51,4385.64,1
4328.72,4019.49,4297.44,4153.33,4340.51,4610.26,4072.82,4623.08,4216.41,4247.18,4214.87,4306.67,4625.64,4390.77,1
4334.36,4021.03,4295.38,4152.82,4341.03,4611.28,4070.77,4629.74,4219.49,4250.77,4216.41,4305.64,4631.79,4391.28,1
4335.38,4023.59,4285.64,4151.28,4341.03,4615.38,4070.26,4625.13,4214.87,4245.64,4214.36,4291.28,4628.21,4385.64,1
4331.79,4023.08,4279.49,4142.56,4340.51,4620,4071.28,4617.44,4207.69,4234.87,4203.59,4284.62,4617.95,4376.92,1
4325.64,4015.38,4277.95,4131.79,4340,4626.15,4073.33,4618.46,4200.51,4231.79,4196.41,4285.64,4609.74,4370.77,1
4325.64,4013.33,4277.44,4134.87,4341.54,4623.59,4071.79,4615.9,4197.95,4233.85,4202.05,4287.18,4611.28,4377.95,1
4333.85,4022.05,4280,4143.59,4343.08,4615.38,4070.26,4608.21,4201.03,4232.31,4208.72,4288.72,4616.41,4382.56,1
4335.9,4021.03,4280.51,4138.46,4341.03,4618.97,4075.38,4613.85,4204.62,4230.77,4202.56,4287.18,4611.79,4374.87,1
4327.18,4012.31,4275.38,4126.15,4337.44,4622.05,4078.46,4623.08,4206.67,4236.41,4196.92,4282.05,4605.13,4372.82,1
4323.59,4013.33,4271.28,4122.05,4337.95,4615.9,4074.36,4620,4208.72,4241.54,4201.54,4283.08,4610.26,4377.44,1
4326.67,4019.49,4271.28,4127.69,4343.08,4614.36,4075.38,4618.46,4209.74,4243.08,4207.18,4285.13,4617.44,4376.41,1
4328.72,4022.05,4273.33,4134.36,4347.69,4620.51,4082.56,4625.13,4211.79,4244.62,4209.23,4284.62,4618.97,4375.38,1
4323.59,4019.49,4274.36,4133.33,4347.18,4626.15,4086.15,4630.26,4220.51,4244.62,4207.69,4284.1,4615.9,4374.87,1
4315.38,4012.31,4266.67,4125.64,4339.49,4629.23,4086.15,4630.26,4221.03,4241.54,4204.62,4277.95,4611.79,4368.21,1
4313.33,4009.74,4259.49,4118.46,4336.41,4625.64,4084.1,4626.67,4206.67,4239.49,4204.1,4273.85,4609.23,4368.72,1
4318.46,4014.36,4269.74,4125.13,4344.1,4622.05,4081.03,4622.56,4197.95,4235.9,4205.64,4280,4611.28,4378.97,1
4321.54,4019.49,4281.03,4135.9,4347.69,4623.59,4080,4623.59,4202.56,4234.36,4207.18,4285.13,4615.9,4380.51,1
4325.64,4026.15,4277.44,4139.49,4348.21,4624.62,4077.44,4626.15,4212.82,4243.08,4210.77,4285.13,4620.51,4380,1
4330.26,4031.79,4277.44,4138.97,4350.77,4626.67,4075.9,4627.18,4220,4253.33,4217.44,4288.72,4625.64,4385.64,1
4325.13,4025.13,4278.97,4132.82,4345.64,4631.28,4083.08,4631.79,4223.08,4251.79,4215.38,4290.77,4627.18,4382.56,1
4314.87,4016.92,4270.26,4121.03,4339.49,4628.72,4085.13,4632.31,4218.97,4249.23,4208.72,4284.62,4622.56,4374.87,1
4319.49,4021.54,4269.23,4122.05,4344.62,4626.15,4080.51,4627.18,4217.44,4246.67,4209.23,4283.08,4619.49,4381.54,1
4332.82,4028.72,4283.08,4135.9,4350.77,4630.26,4083.59,4632.82,4226.15,4248.21,4212.82,4292.82,4623.08,4392.31,1
4332.31,4028.72,4285.13,4135.9,4349.74,4633.33,4091.28,4637.44,4219.49,4248.72,4211.79,4296.41,4621.54,4387.69,1
4323.08,4024.1,4275.38,4127.69,4348.72,4631.79,4092.82,4631.79,4209.23,4243.08,4207.18,4288.72,4613.85,4380.51,1
4328.21,4026.67,4275.9,4132.82,4347.18,4631.79,4089.23,4632.82,4218.46,4246.15,4214.36,4292.31,4622.05,4389.74,1
4338.46,4031.79,4285.64,4140.51,4346.15,4627.69,4082.56,4638.46,4223.08,4259.49,4228.21,4303.59,4636.92,4401.54,1
4335.9,4027.18,4291.28,4135.38,4345.13,4622.05,4081.03,4633.33,4213.33,4263.08,4229.23,4303.59,4636.41,4399.49,1
4329.74,4020,4288.21,4126.15,4342.56,4621.03,4084.1,4627.69,4216.41,4258.46,4225.64,4298.97,4631.79,4391.79,1
4326.15,4022.05,4280,4123.59,4341.54,4624.1,4084.1,4629.23,4227.18,4259.49,4224.62,4297.44,4631.28,4387.18,1
4322.56,4023.08,4277.44,4122.05,4343.59,4628.21,4086.15,4631.79,4225.13,4256.92,4217.95,4291.28,4625.13,4385.13,1
4322.05,4021.03,4279.49,4124.62,4346.15,4630.26,4093.85,4637.44,4221.03,4248.72,4211.79,4286.67,4617.95,4384.62,1
4328.72,4026.67,4280.51,4132.31,4347.69,4628.21,4094.87,4642.56,4223.08,4244.62,4212.31,4290.77,4618.46,4384.62,1
4329.74,4030.26,4281.54,4133.33,4347.18,4630.26,4092.82,4640.51,4224.1,4247.18,4212.82,4296.41,4621.03,4382.56,1
4323.59,4023.59,4282.56,4125.13,4346.15,4631.28,4093.33,4633.85,4215.38,4246.67,4212.31,4297.44,4621.03,4383.08,1
4323.08,4022.56,4282.56,4123.08,4348.21,4625.13,4086.15,4626.67,4203.59,4238.46,4215.38,4296.92,4621.03,4385.64,1
4327.69,4027.69,4283.59,4127.18,4345.13,4621.54,4074.87,4621.54,4208.21,4240,4216.41,4293.33,4625.13,4383.59,1
4324.1,4025.64,4280.51,4126.15,4336.92,4622.05,4071.79,4618.46,4211.28,4245.64,4212.31,4286.67,4626.15,4374.87,1
4315.38,4021.54,4271.28,4122.56,4334.87,4621.54,4071.28,4617.44,4206.15,4238.97,4207.18,4281.03,4621.03,4372.31,1
4316.92,4022.05,4264.1,4119.49,4336.92,4619.49,4069.23,4621.03,4209.74,4235.9,4208.72,4277.44,4621.54,4379.49,1
4318.46,4019.49,4264.1,4115.9,4332.82,4618.97,4072.31,4626.67,4211.28,4237.44,4211.28,4276.41,4622.05,4376.41,1
4313.85,4016.41,4264.62,4116.41,4327.69,4616.92,4075.9,4625.13,4195.9,4227.69,4202.05,4274.36,4609.23,4365.13,1
4313.33,4019.49,4265.13,4119.49,4330.77,4615.38,4075.9,4619.49,4192.31,4221.03,4192.82,4273.85,4598.46,4363.08,1
4308.72,4016.41,4266.15,4121.54,4333.85,4616.92,4075.38,4617.95,4201.54,4220,4189.74,4269.23,4594.36,4358.97,1
4302.05,4010.77,4262.56,4119.49,4331.79,4617.95,4072.82,4616.92,4200.51,4217.44,4188.21,4260.51,4592.31,4353.85,1
4307.69,4017.44,4261.03,4115.9,4331.79,4616.92,4067.69,4614.36,4200.51,4224.62,4192.82,4262.05,4599.49,4362.56,1
4308.72,4015.9,4263.08,4109.23,4330.77,4620,4068.21,4615.38,4202.56,4230.77,4194.36,4266.67,4603.08,4362.05,1
4297.95,4003.08,4261.54,4104.1,4327.18,4626.15,4076.41,4620.51,4201.54,4224.1,4189.23,4268.21,4597.44,4352.82,1
4305.13,4006.67,4263.59,4113.33,4330.77,4622.05,4075.9,4618.97,4203.59,4229.74,4198.97,4276.92,4602.56,4364.62,1
4315.38,4019.49,4267.69,4125.13,4333.85,4611.79,4065.64,4610.77,4209.74,4245.64,4208.72,4283.08,4614.36,4375.38,1
4308.21,4015.38,4266.67,4123.08,4331.28,4612.82,4067.18,4612.31,4210.26,4244.62,4201.03,4275.38,4613.85,4364.1,1
4305.64,4010.26,4266.15,4120,4333.85,4619.49,4074.36,4617.44,4203.59,4237.95,4198.46,4271.28,4608.72,4362.56,1
4310.26,4014.36,4266.15,4124.1,4334.36,4621.03,4074.36,4624.62,4207.18,4238.97,4202.56,4276.92,4607.18,4371.28,1
4310.26,4012.82,4266.15,4123.08,4330.77,4619.49,4074.36,4635.38,4218.97,4235.9,4203.08,4280,4605.13,4369.23,1
4309.23,4006.15,4267.18,4118.46,4328.72,4617.44,4074.36,4627.69,4205.13,4227.69,4202.05,4277.95,4604.1,4364.1,1
4308.21,4000.51,4265.13,4113.85,4327.18,4615.9,4070.26,4608.21,4180,4224.62,4198.46,4275.9,4602.05,4363.59,1
4308.21,4003.08,4266.67,4111.79,4329.23,4614.87,4067.69,4607.18,4188.72,4229.74,4197.44,4280,4604.62,4369.23,1
4317.95,4010.77,4278.97,4118.97,4334.36,4613.33,4068.72,4612.82,4204.62,4238.46,4207.18,4289.23,4614.87,4377.44,1
4323.08,4010.77,4286.15,4127.18,4334.87,4612.82,4068.72,4611.28,4197.95,4238.97,4210.77,4289.23,4614.87,4375.9,1
4315.38,4006.67,4280,4124.1,4334.87,4618.97,4072.82,4618.97,4203.08,4238.46,4203.59,4281.03,4606.67,4366.67,1
4307.69,4006.67,4274.87,4119.49,4335.38,4624.1,4077.95,4628.72,4213.85,4243.08,4200,4274.36,4606.67,4363.59,1
4309.74,4007.18,4274.36,4119.49,4331.28,4620,4073.85,4621.03,4205.64,4241.03,4202.56,4275.38,4609.23,4368.72,1
4315.38,4006.67,4278.46,4120.51,4328.72,4614.87,4070.26,4618.46,4208.72,4239.49,4208.21,4284.1,4610.77,4373.85,1
4314.87,4007.69,4284.1,4121.54,4331.28,4616.41,4074.87,4624.1,4213.85,4244.62,4209.23,4287.69,4615.38,4372.31,1
4312.31,4008.72,4282.05,4122.56,4331.79,4617.95,4073.33,4614.87,4194.87,4240,4207.69,4283.08,4614.87,4368.21,1
4312.82,4009.74,4278.46,4122.56,4333.33,4614.36,4069.23,4603.59,4185.64,4233.33,4208.21,4281.54,4610.26,4367.69,1
4314.87,4015.38,4279.49,4122.05,4337.44,4613.33,4072.31,4610.77,4204.62,4242.56,4209.23,4285.13,4615.9,4376.41,1
4317.44,4025.13,4280,4127.18,4343.08,4620.51,4076.41,4623.08,4217.95,4250.77,4214.87,4288.72,4626.67,4383.08,1
4318.46,4025.13,4279.49,4133.85,4345.64,4625.64,4074.87,4624.62,4212.82,4245.13,4214.87,4287.69,4622.05,4376.92,1
4312.82,4015.38,4278.97,4129.74,4341.03,4623.59,4072.31,4621.03,4202.56,4235.9,4203.08,4281.54,4609.74,4366.67,1
4306.67,4010.77,4273.33,4121.54,4337.44,4623.59,4073.33,4620,4195.9,4227.18,4196.92,4275.38,4606.67,4365.64,1
4308.21,4016.41,4270.77,4123.59,4340.51,4629.74,4075.9,4626.15,4208.72,4231.28,4205.13,4278.97,4611.28,4369.74,1
4310.77,4018.46,4275.9,4127.18,4342.56,4632.31,4076.92,4633.33,4220.51,4244.62,4211.28,4282.05,4613.33,4369.74,1
4310.77,4015.38,4278.46,4126.15,4341.03,4624.62,4071.28,4623.59,4208.72,4247.18,4208.72,4278.97,4613.85,4367.18,1
4310.77,4016.92,4276.92,4130.77,4341.03,4618.46,4064.1,4612.82,4202.05,4244.62,4206.15,4278.46,4614.36,4366.15,1
4312.31,4021.54,4279.49,4136.41,4344.1,4625.13,4065.13,4620.51,4213.85,4247.69,4206.67,4281.54,4612.31,4366.67,1
4314.87,4021.03,4283.59,4138.46,4347.18,4635.38,4072.31,4630.26,4222.05,4246.15,4207.69,4283.08,4607.69,4369.23,1
4321.03,4020,4289.74,4140,4346.15,4636.92,4082.56,4629.23,4216.41,4241.54,4206.15,4285.64,4606.15,4374.36,1
4325.13,4024.1,4294.36,4141.03,4344.62,4631.28,4088.21,4628.72,4212.31,4245.64,4205.13,4291.28,4611.28,4377.95,1
4318.97,4023.59,4289.23,4139.49,4346.15,4627.69,4086.15,4632.82,4218.97,4246.15,4207.18,4288.72,4613.33,4374.87,1
4311.79,4011.79,4278.46,4134.87,4343.59,4624.1,4080,4628.72,4216.41,4235.9,4202.05,4279.49,4606.67,4365.64,1
4312.82,4007.69,4276.41,4134.87,4339.49,4620.51,4074.87,4620,4200,4228.72,4197.44,4276.92,4607.18,4366.67,1
4324.62,4016.92,4284.62,4138.46,4340,4617.95,4073.33,4620,4199.49,4234.87,4205.64,4285.64,4617.95,4382.05,1
4331.28,4023.08,4292.31,4139.49,4341.03,4616.41,4076.41,4626.15,4214.36,4242.05,4216.92,4294.36,4625.13,4389.23,1
4324.1,4020.51,4289.23,4136.92,4338.46,4616.41,4075.9,4626.15,4208.72,4242.05,4220.51,4297.44,4624.62,4384.1,1
4320.51,4017.44,4288.72,4136.41,4338.46,4617.44,4070.77,4618.46,4190.77,4236.41,4217.95,4294.36,4620,4381.54,1
4322.05,4015.9,4292.82,4136.41,4342.56,4615.38,4068.72,4612.82,4195.38,4231.28,4212.82,4292.31,4617.44,4383.08,1
4320.51,4019.49,4287.18,4137.44,4344.1,4617.95,4070.77,4616.41,4213.85,4236.41,4211.28,4287.69,4618.46,4378.97,1
4318.46,4022.56,4275.9,4140,4344.1,4627.18,4071.28,4625.64,4212.82,4241.54,4208.21,4277.95,4614.36,4370.77,1
4316.92,4014.87,4275.9,4137.95,4344.62,4626.15,4067.69,4627.69,4199.49,4236.41,4201.54,4274.36,4606.67,4367.69,1
4313.33,4011.28,4278.46,4135.9,4343.08,4615.9,4066.15,4623.59,4207.18,4233.33,4202.05,4278.46,4606.67,4369.23,1
4311.79,4016.41,4277.44,4137.44,4341.54,4618.97,4073.33,4627.18,4215.9,4234.87,4204.1,4282.05,4607.18,4368.72,1
4311.79,4013.33,4280,4138.46,4342.56,4629.74,4077.95,4630.77,4208.72,4234.87,4198.46,4281.54,4603.59,4367.18,1
4307.18,4011.28,4278.97,4136.41,4342.05,4623.59,4072.82,4623.08,4207.18,4236.92,4197.95,4277.95,4604.1,4368.21,1
4308.72,4017.95,4276.41,4136.41,4343.08,4614.87,4068.21,4614.87,4210.26,4240,4201.54,4269.74,4607.18,4367.18,1
4312.82,4020.51,4278.46,4141.54,4346.67,4618.46,4068.21,4610.77,4200,4233.85,4197.44,4268.21,4603.59,4362.05,1
4308.21,4012.82,4273.33,4138.46,4344.62,4619.49,4065.13,4606.67,4188.21,4225.13,4194.87,4270.77,4598.97,4356.41,1
4300,4006.67,4264.1,4124.62,4339.49,4615.38,4064.1,4607.18,4193.33,4227.18,4199.49,4273.33,4598.97,4356.41,1
4304.1,4005.64,4270.26,4124.1,4338.97,4614.87,4069.74,4617.95,4207.69,4237.95,4205.64,4284.1,4606.67,4366.67,1
4317.44,4009.74,4286.67,4134.87,4340.51,4616.92,4074.87,4630.77,4217.95,4247.69,4215.38,4292.31,4617.95,4380.51,1
4322.05,4008.72,4291.28,4130.26,4337.95,4617.44,4077.44,4639.49,4227.18,4254.36,4220.51,4292.31,4621.54,4383.08,1
4318.97,4003.08,4285.64,4121.03,4334.87,4621.03,4080.51,4643.08,4231.79,4258.97,4219.49,4292.31,4618.97,4378.46,1
4319.49,4005.64,4284.1,4124.1,4336.92,4623.08,4083.59,4635.9,4217.44,4257.44,4221.54,4292.82,4616.41,4376.92,1
4317.44,4002.05,4282.05,4124.1,4337.95,4626.15,4085.13,4625.13,4202.05,4246.15,4215.38,4286.15,4607.69,4371.28,1
4306.67,3989.23,4273.33,4113.85,4338.97,4630.77,4084.62,4626.15,4205.64,4236.41,4203.08,4277.44,4596.92,4364.1,1
4298.97,3987.18,4264.62,4108.72,4341.03,4625.64,4080,4628.21,4209.74,4237.44,4202.56,4276.41,4596.41,4362.05,1
4295.38,3990.26,4255.9,4106.15,4337.44,4616.41,4074.36,4618.97,4203.59,4239.49,4207.69,4273.85,4599.49,4358.46,1
4287.69,3983.08,4248.72,4099.49,4334.36,4615.9,4070.26,4612.31,4203.59,4236.92,4205.13,4269.74,4597.95,4352.31,1
4282.56,3977.95,4248.21,4095.38,4334.36,4618.97,4069.23,4616.92,4202.05,4231.28,4199.49,4267.69,4595.9,4347.69,1
4282.05,3984.62,4250.77,4096.41,4331.79,4616.92,4072.31,4623.08,4202.05,4228.21,4196.92,4268.21,4593.33,4347.18,1
4283.08,3990.26,4250.77,4098.97,4331.28,4615.38,4072.82,4623.59,4213.33,4237.95,4202.56,4273.33,4597.44,4352.31,1
4285.64,3990.26,4249.23,4098.46,4333.33,4616.92,4069.23,4620.51,4211.79,4246.15,4211.28,4274.87,4606.67,4355.9,1
4288.21,3986.67,4248.72,4094.36,4329.23,4615.9,4069.23,4625.13,4205.64,4241.54,4210.26,4271.28,4608.72,4354.36,1
4292.31,3986.15,4250.77,4092.31,4324.62,4612.82,4071.79,4632.82,4209.74,4237.44,4206.15,4273.33,4605.13,4357.44,1
4300,3987.18,4258.46,4094.87,4328.21,4612.31,4069.23,4630.77,4210.77,4242.05,4210.77,4281.03,4607.18,4365.64,1
4303.08,3982.05,4263.08,4093.85,4330.77,4617.95,4070.26,4628.72,4210.26,4246.15,4215.9,4286.15,4610.26,4367.18,1
4301.54,3978.97,4262.56,4089.74,4326.67,4615.9,4075.38,4631.79,4207.69,4242.05,4210.26,4284.62,4602.56,4362.05,1
4307.18,3986.15,4263.59,4094.87,4327.69,4607.69,4074.36,4626.15,4196.41,4234.36,4199.49,4282.56,4592.82,4362.05,1
4315.9,3991.79,4270.26,4105.13,4332.82,4608.21,4071.28,4617.44,4197.44,4233.33,4201.03,4282.05,4593.33,4366.15,1
4317.95,3988.72,4276.92,4106.67,4330.77,4612.82,4071.28,4621.03,4210.77,4236.92,4207.69,4283.08,4596.41,4369.74,1
4314.87,3987.69,4275.9,4102.05,4326.15,4617.44,4075.9,4627.69,4203.59,4231.79,4205.13,4283.59,4594.87,4369.74,1
4317.44,3993.85,4274.87,4104.1,4328.21,4618.46,4083.08,4630.26,4203.59,4232.82,4202.56,4284.62,4596.41,4371.79,1
4324.1,3997.44,4280.51,4110.77,4330.77,4610.77,4080.51,4631.28,4217.44,4244.62,4207.69,4287.18,4604.1,4376.41,1
4324.1,3998.46,4280,4112.31,4330.26,4606.15,4070.77,4627.69,4208.72,4243.59,4211.79,4288.21,4609.74,4380.51,1
4317.95,4000,4276.41,4109.74,4331.79,4615.38,4073.33,4627.18,4201.03,4239.49,4212.82,4290.26,4612.82,4382.56,1
4314.36,3995.9,4277.95,4106.15,4330.77,4618.46,4078.97,4632.82,4220.51,4249.74,4212.82,4289.23,4610.26,4377.44,1
4310.77,3991.79,4273.85,4104.62,4326.67,4609.23,4073.85,4631.79,4222.56,4251.28,4208.72,4282.56,4600.51,4366.67,1
4308.21,3997.95,4264.1,4105.64,4329.23,4612.82,4070.77,4628.21,4204.1,4235.9,4201.54,4279.49,4596.92,4362.05,1
4312.31,4007.69,4265.64,4109.23,4337.44,4624.1,4077.44,4632.31,4206.67,4233.33,4204.62,4279.49,4600,4369.23,1
4315.38,4005.64,4274.87,4109.74,4337.95,4623.59,4081.03,4638.46,4217.95,4244.1,4212.31,4283.08,4602.56,4372.31,1
4311.28,3996.41,4276.92,4106.15,4328.72,4616.41,4076.92,4631.79,4208.72,4241.03,4209.74,4290.77,4602.56,4368.72,1
4311.28,3996.92,4278.97,4107.18,4327.69,4613.33,4072.82,4621.54,4204.1,4233.85,4207.69,4295.9,4603.08,4374.87,1
4320.51,4002.05,4288.21,4112.82,4334.87,4616.41,4074.36,4630.26,4220.51,4239.49,4216.92,4297.95,4606.15,4384.1,1
4327.18,4005.13,4289.74,4111.28,4334.87,4617.44,4078.46,4642.56,4227.69,4244.1,4221.03,4298.97,4608.21,4382.56,1
4325.13,4003.59,4280.51,4105.64,4332.82,4615.9,4078.46,4635.38,4215.9,4240.51,4211.79,4293.85,4604.1,4376.41,1
4318.46,3999.49,4275.9,4107.18,4331.79,4614.36,4074.36,4624.1,4205.13,4235.38,4205.64,4286.15,4596.92,4374.36,1
4314.36,3992.31,4279.49,4107.69,4326.15,4613.33,4074.36,4629.74,4206.67,4228.21,4205.64,4286.67,4593.33,4370.26,1
4312.31,3985.13,4280,4098.97,4321.54,4614.87,4080.51,4636.41,4212.31,4226.67,4203.59,4288.72,4590.77,4365.13,1
4312.31,3985.64,4278.46,4094.87,4324.1,4617.44,4083.59,4629.74,4207.18,4232.82,4202.56,4284.62,4589.74,4367.69,1
4312.82,3987.18,4278.97,4100.51,4327.69,4617.95,4082.56,4625.64,4199.49,4234.36,4203.59,4278.97,4591.79,4368.21,1
4312.82,3988.21,4275.9,4104.62,4330.77,4616.92,4083.59,4625.13,4197.44,4229.74,4203.59,4278.97,4590.26,4363.59,1
4315.9,3996.92,4273.85,4106.15,4335.9,4620,4082.05,4622.05,4197.44,4224.62,4203.59,4286.67,4591.28,4364.1,1
4319.49,4001.54,4278.46,4108.21,4335.9,4617.95,4079.49,4623.59,4208.21,4226.15,4204.62,4289.23,4593.33,4369.23,1
4317.95,3995.9,4283.08,4108.21,4330.26,4608.72,4076.41,4630.77,4222.05,4240,4205.13,4285.13,4593.33,4371.28,1
4318.46,3997.44,4281.03,4109.74,4330.77,4608.72,4072.82,4632.82,4214.87,4249.74,4207.18,4286.15,4599.49,4372.31,1
4321.03,4005.64,4277.44,4110.26,4334.87,4615.9,4073.33,4627.69,4201.54,4243.08,4210.26,4288.72,4603.59,4372.82,1
4316.92,4000.51,4278.97,4107.69,4334.87,4618.97,4075.9,4624.62,4203.59,4235.9,4206.15,4283.08,4598.46,4367.69,1
4308.72,3991.28,4277.44,4104.62,4328.72,4614.36,4073.85,4624.1,4204.62,4234.87,4198.46,4275.9,4591.28,4359.49,1
4304.62,3989.23,4267.69,4100,4325.64,4609.23,4068.21,4623.08,4197.95,4228.21,4191.79,4275.9,4585.13,4353.33,1
4303.08,3988.21,4264.1,4098.46,4327.18,4609.23,4067.69,4621.03,4194.87,4222.56,4189.74,4275.38,4578.97,4351.28,1
4307.69,3992.31,4269.74,4105.64,4332.82,4610.77,4065.64,4620,4201.03,4230.77,4195.9,4273.85,4583.08,4355.38,1
4311.79,3994.87,4269.23,4109.74,4333.33,4612.82,4061.03,4624.1,4201.54,4236.41,4200,4273.33,4589.23,4356.41,1
4305.13,3988.72,4266.67,4103.59,4328.21,4611.79,4061.54,4626.15,4195.9,4228.72,4195.9,4273.85,4586.15,4356.41,1
4308.72,3994.36,4276.92,4107.18,4332.82,4609.23,4062.05,4620,4199.49,4227.69,4198.97,4280.51,4590.26,4367.18,1
4325.64,4009.74,4286.15,4120.51,4341.03,4611.28,4060,4618.46,4210.26,4239.49,4209.74,4289.74,4598.97,4372.82,1
4324.62,4005.13,4281.54,4118.97,4336.92,4615.38,4062.05,4624.1,4213.33,4243.08,4208.72,4286.67,4596.41,4362.56,1
4310.26,3989.74,4276.92,4106.67,4327.69,4614.36,4065.13,4624.62,4210.77,4238.97,4203.59,4279.49,4589.74,4356.92,1
4312.82,3991.79,4278.97,4105.64,4330.26,4613.85,4066.15,4620.51,4209.74,4242.56,4207.18,4281.54,4594.87,4365.13,1
4322.05,4004.1,4282.05,4112.82,4336.92,4618.46,4071.28,4625.13,4214.87,4247.69,4211.79,4286.67,4606.67,4373.33,1
4321.03,4005.13,4280.51,4112.31,4334.36,4616.92,4074.87,4633.85,4216.92,4245.13,4210.26,4286.15,4606.15,4369.74,1
4318.46,3996.92,4277.95,4108.21,4327.69,4613.85,4071.79,4632.82,4206.67,4234.36,4204.62,4283.08,4593.85,4366.15,1
4322.05,3994.87,4285.64,4113.33,4330.77,4615.9,4071.79,4629.74,4206.67,4231.79,4204.1,4287.69,4592.82,4371.79,1
4324.62,4001.03,4295.38,4120.51,4337.44,4617.95,4076.92,4638.46,4221.54,4242.56,4210.77,4294.36,4605.64,4374.36,1
4322.05,4005.64,4295.38,4122.56,4337.44,4623.08,4078.97,4643.59,4218.97,4250.26,4216.41,4291.79,4608.72,4369.23,1
4327.18,4010.77,4295.38,4128.21,4338.97,4629.23,4076.92,4633.85,4207.69,4248.21,4219.49,4296.41,4605.13,4375.38,1
4342.56,4022.56,4306.67,4140,4347.69,4628.72,4076.92,4629.23,4211.28,4251.28,4226.67,4311.79,4612.31,4389.23,1
4351.28,4030.77,4314.36,4144.62,4347.69,4622.05,4072.82,4627.18,4212.31,4256.41,4229.74,4312.31,4620.51,4389.23,1
4340,4023.59,4304.62,4139.49,4339.49,4616.41,4066.67,4616.41,4205.13,4250.77,4218.97,4296.41,4615.38,4377.95,1
4327.18,4014.36,4294.36,4133.85,4338.97,4617.44,4069.74,4616.41,4206.15,4241.03,4208.72,4289.74,4605.13,4372.31,1
4327.69,4015.9,4294.36,4133.85,4342.05,4624.1,4075.9,4627.69,4207.18,4236.41,4208.72,4291.28,4601.54,4371.79,1
4330.26,4016.41,4295.9,4133.85,4337.44,4626.15,4074.87,4633.85,4209.74,4238.46,4212.82,4293.85,4601.54,4370.77,1
4327.69,4010.26,4294.36,4128.21,4334.36,4621.54,4070.77,4642.05,4224.62,4247.69,4216.92,4295.38,4604.62,4369.74,1
4326.67,4011.79,4292.82,4127.69,4340,4617.95,4067.69,4644.1,4227.18,4253.85,4218.46,4293.33,4609.23,4372.31,1
4332.31,4018.97,4292.31,4135.38,4343.08,4616.92,4064.62,4628.21,4207.69,4245.13,4215.9,4292.31,4610.77,4374.36,1
4332.82,4019.49,4292.31,4140,4340.51,4618.46,4067.18,4619.49,4201.03,4234.36,4212.31,4293.85,4608.21,4373.33,1
4329.23,4015.9,4296.41,4137.44,4339.49,4621.54,4074.87,4627.18,4209.74,4236.92,4214.36,4296.41,4608.72,4376.92,1
4329.74,4012.82,4294.87,4131.79,4340.51,4622.56,4074.87,4627.18,4210.26,4242.56,4216.41,4299.49,4612.31,4376.92,1
4325.13,4004.62,4282.05,4125.13,4336.41,4624.62,4075.9,4624.1,4208.72,4235.9,4204.62,4295.9,4602.05,4360,1
4314.87,3998.46,4278.46,4122.05,4329.74,4627.18,4081.03,4628.72,4212.82,4224.1,4193.85,4284.1,4583.08,4348.72,1
4315.38,4005.13,4289.23,4127.69,4332.31,4621.03,4074.87,4627.18,4210.26,4223.08,4201.03,4281.03,4587.18,4360,1
4323.59,4012.82,4294.36,4134.36,4339.49,4614.87,4067.18,4621.54,4211.28,4233.33,4212.82,4289.23,4609.74,4371.28,1
4327.18,4014.36,4292.31,4137.95,4341.03,4621.54,4074.36,4626.15,4220,4241.54,4212.82,4292.82,4617.44,4372.82,1
4325.13,4017.44,4293.85,4135.9,4338.97,4627.69,4078.46,4628.72,4216.41,4236.92,4209.74,4289.23,4610.77,4367.18,1
4321.54,4015.9,4293.33,4134.36,4337.95,4620.51,4071.79,4627.18,4213.33,4229.74,4210.77,4286.67,4607.69,4361.03,1
4324.1,4012.82,4291.28,4137.44,4338.97,4615.38,4067.18,4631.28,4222.05,4235.9,4216.41,4290.77,4613.33,4368.72,1
4334.36,4019.49,4297.44,4139.49,4343.08,4620.51,4063.59,4628.21,4221.03,4246.15,4225.64,4297.44,4621.54,4381.54,1
4336.92,4021.54,4299.49,4138.46,4344.1,4623.08,4059.49,4614.36,4209.74,4243.59,4222.56,4295.38,4618.46,4375.38,1
4327.69,4014.36,4289.23,4135.38,4340,4618.46,4058.46,4608.21,4200.51,4231.28,4209.74,4283.08,4603.08,4359.49,1
4326.15,4013.33,4283.59,4135.9,4335.9,4614.36,4060.51,4608.72,4198.97,4227.18,4203.08,4273.85,4596.41,4355.38,1
4331.79,4016.41,4288.21,4138.46,4333.85,4614.36,4062.56,4605.64,4200,4232.82,4203.59,4276.92,4602.56,4363.08,1
4328.21,4010.77,4292.31,4137.95,4333.33,4614.87,4066.15,4607.18,4202.05,4234.36,4205.64,4287.18,4605.64,4368.72,1
4322.05,4005.64,4288.72,4131.79,4332.82,4614.87,4068.21,4612.82,4203.59,4234.87,4209.74,4291.28,4603.08,4364.1,1
4317.95,4004.62,4282.56,4124.62,4332.31,4616.41,4068.21,4614.36,4205.13,4235.38,4208.72,4283.59,4600.51,4354.87,1
4309.74,4002.56,4277.44,4123.08,4331.79,4617.95,4066.15,4612.82,4206.15,4232.82,4200.51,4273.33,4596.92,4351.79,1
4309.23,4004.1,4276.92,4128.21,4334.87,4616.41,4060,4608.21,4204.1,4231.28,4200.51,4268.72,4595.38,4357.44,1
4324.1,4007.69,4288.21,4137.44,4341.54,4614.87,4061.03,4605.64,4204.1,4234.36,4207.69,4271.79,4600.51,4364.62,1
4328.21,4011.28,4295.9,4138.97,4338.97,4616.92,4066.67,4608.21,4203.59,4235.9,4209.23,4278.97,4607.69,4364.62,1
4316.41,4008.21,4286.67,4127.69,4332.31,4615.9,4061.54,4610.77,4207.18,4235.38,4206.67,4278.46,4608.21,4355.38,1
4310.77,4003.08,4274.36,4117.44,4332.82,4609.74,4055.38,4611.28,4210.77,4235.9,4205.64,4272.31,4603.08,4349.23,1
4317.95,4011.28,4277.44,4127.18,4337.44,4610.26,4062.56,4610.77,4204.62,4233.85,4206.67,4276.41,4602.56,4357.44,1
4324.62,4018.97,4287.18,4139.49,4336.41,4613.33,4065.64,4603.59,4193.33,4228.21,4206.67,4286.67,4606.15,4365.13,1
4321.03,4011.79,4283.08,4129.74,4328.72,4608.72,4056.92,4595.38,4190.77,4221.03,4204.62,4286.67,4600.51,4357.95,1
4315.9,4004.1,4271.79,4118.46,4329.74,4608.21,4058.46,4598.97,4201.03,4223.08,4203.59,4282.05,4593.33,4352.31,1
4313.33,4004.1,4264.62,4118.97,4335.9,4613.85,4065.13,4604.1,4198.46,4228.21,4202.56,4276.41,4594.36,4351.79,1
4312.82,4003.59,4264.1,4117.44,4336.41,4614.87,4066.15,4602.05,4190.77,4223.08,4201.54,4270.77,4594.36,4351.79,1
4320.51,4006.15,4272.31,4118.97,4333.85,4613.33,4068.72,4606.67,4206.67,4223.59,4207.69,4275.38,4598.46,4360.51,1
4327.18,4006.15,4280.51,4122.56,4334.87,4609.23,4073.33,4616.41,4217.44,4231.28,4213.85,4285.64,4601.54,4367.18,1
4320.51,3997.44,4275.9,4112.82,4333.33,4604.62,4070.26,4612.31,4197.95,4226.15,4208.21,4285.64,4597.44,4361.03,1
4316.41,3998.46,4270.26,4107.18,4329.74,4604.1,4066.67,4596.41,4183.08,4217.95,4201.54,4282.56,4593.85,4358.97,1
4320,4004.1,4273.33,4112.31,4331.28,4608.72,4067.18,4595.9,4189.74,4221.03,4203.08,4286.67,4593.85,4362.05,1
4316.41,4000,4269.23,4109.23,4330.77,4608.72,4065.13,4606.15,4197.44,4222.56,4203.59,4282.05,4591.79,4356.41,1
4312.31,3996.41,4261.54,4104.62,4326.67,4605.13,4064.1,4606.15,4203.08,4226.67,4203.59,4274.87,4592.31,4353.33,1
4316.92,4000.51,4265.13,4107.69,4328.21,4602.56,4062.05,4600.51,4206.15,4236.41,4207.18,4278.46,4598.97,4360,1
4320,4002.56,4267.69,4108.21,4329.23,4602.05,4061.54,4601.03,4203.59,4234.87,4208.21,4280.51,4603.08,4362.05,1
4316.92,3996.92,4265.13,4105.64,4324.62,4602.05,4066.67,4607.18,4205.13,4228.72,4205.64,4278.97,4603.59,4358.97,1
4314.87,3996.41,4265.64,4105.13,4322.56,4601.03,4068.21,4611.79,4209.23,4232.82,4207.18,4280.51,4602.56,4357.95,1
4314.36,4000,4265.64,4104.1,4322.56,4598.97,4060.51,4612.82,4204.62,4232.82,4208.21,4278.97,4601.54,4356.92,1
4312.82,3995.9,4263.59,4104.62,4321.54,4597.44,4053.85,4605.64,4192.31,4222.56,4204.1,4272.82,4597.44,4355.38,1
4312.82,3992.82,4264.1,4104.62,4323.59,4597.95,4054.87,4599.49,4188.72,4219.49,4201.54,4271.79,4592.31,4356.41,1
4314.36,3997.44,4269.23,4104.62,4327.18,4601.03,4058.46,4605.13,4198.97,4223.08,4203.08,4277.95,4596.92,4360.51,1
4316.41,4000,4274.36,4105.64,4328.72,4602.56,4059.49,4606.15,4203.59,4224.1,4207.18,4285.13,4605.13,4367.18,1
4313.33,3997.44,4271.79,4105.64,4327.69,4601.54,4061.03,4605.13,4199.49,4227.69,4209.74,4283.59,4607.18,4365.64,1
4307.18,3995.38,4265.13,4105.13,4320.51,4600.51,4062.05,4606.15,4195.9,4226.67,4208.21,4272.82,4604.62,4359.49,1
4305.64,3990.77,4264.1,4100.51,4317.44,4600,4060.51,4601.03,4192.31,4222.56,4206.67,4271.28,4604.62,4360.51,1
4310.26,3989.74,4264.1,4096.92,4322.05,4600.51,4058.46,4600.51,4195.38,4222.05,4209.23,4282.05,4606.15,4368.21,1
4312.82,3992.82,4268.21,4101.54,4322.05,4600,4056.41,4605.13,4200.51,4222.56,4209.23,4289.23,4606.15,4369.74,1
4309.74,3989.74,4273.33,4103.59,4315.38,4600,4052.82,4600,4196.92,4220.51,4204.62,4286.15,4605.64,4363.08,1
4309.23,3988.72,4271.28,4097.95,4316.41,4600.51,4052.31,4595.9,4197.95,4222.05,4206.15,4281.54,4607.18,4360.51,1
4310.26,3990.77,4262.05,4098.97,4322.56,4602.05,4055.9,4602.05,4200,4224.62,4203.08,4277.44,4604.62,4363.08,1
4306.67,3990.77,4260,4101.54,4323.08,4603.59,4056.41,4601.03,4195.38,4223.59,4197.44,4270.26,4600.51,4363.08,1
4303.59,3990.77,4263.08,4096.92,4320,4604.1,4056.92,4604.1,4200.51,4226.15,4200.51,4265.64,4602.56,4358.97,1
4303.59,3988.72,4264.1,4098.97,4321.54,4605.13,4057.44,4617.95,4211.79,4231.28,4204.62,4269.74,4603.08,4358.46,1
4307.69,3988.21,4265.13,4106.67,4326.15,4603.08,4053.85,4613.85,4209.23,4232.31,4204.1,4274.36,4602.56,4365.64,1
4307.69,3990.26,4267.18,4105.64,4326.15,4601.03,4050.26,4597.44,4198.46,4229.74,4202.56,4273.85,4604.1,4369.23,1
4300.51,3986.15,4264.1,4097.44,4324.62,4600.51,4051.79,4597.95,4193.85,4226.15,4196.92,4273.33,4599.49,4363.59,1
4296.41,3979.49,4256.92,4091.79,4325.64,4602.56,4056.41,4607.69,4200.51,4225.13,4191.79,4270.77,4593.85,4356.92,1
4297.95,3984.62,4250.26,4090.77,4329.23,4609.23,4062.56,4612.31,4205.64,4222.56,4192.82,4265.13,4595.9,4355.38,1
4295.9,3991.28,4247.18,4095.9,4334.87,4615.38,4065.64,4611.28,4197.44,4221.03,4190.26,4261.03,4599.49,4355.38,1
4297.95,3992.82,4251.28,4101.54,4334.36,4614.87,4060.51,4608.72,4192.82,4224.1,4189.74,4264.62,4603.59,4361.54,1
4311.28,3996.41,4261.54,4105.64,4329.23,4613.33,4058.46,4613.33,4206.67,4228.21,4202.56,4276.41,4610.26,4377.44,1
4319.49,3998.46,4267.18,4106.67,4329.23,4616.92,4060,4625.64,4218.97,4233.33,4210.77,4286.15,4615.38,4386.67,1
4314.87,3997.44,4265.64,4105.64,4330.26,4617.44,4059.49,4629.23,4218.46,4240,4210.26,4287.69,4618.97,4381.54,1
4313.85,3997.95,4265.64,4106.15,4329.23,4615.38,4059.49,4618.46,4211.79,4245.64,4213.85,4287.18,4620,4378.97,1
4320.51,4004.1,4267.69,4108.72,4332.31,4616.41,4061.03,4611.79,4209.23,4240,4212.82,4286.15,4617.44,4382.05,1
4320,4002.56,4267.69,4105.13,4332.31,4613.33,4060,4614.36,4208.21,4230.77,4202.05,4280.51,4614.36,4376.41,1
4308.21,3993.33,4260.51,4096.92,4328.72,4607.69,4060.51,4612.31,4202.56,4228.21,4191.79,4271.28,4606.67,4365.64,1
4296.92,3986.15,4249.23,4092.82,4327.69,4609.74,4064.62,4613.33,4206.67,4229.23,4192.31,4265.13,4596.41,4357.95,1
4294.36,3985.64,4245.13,4092.82,4327.69,4616.92,4066.15,4620.51,4210.77,4229.74,4196.41,4264.62,4596.41,4355.38,1
4295.38,3990.26,4247.69,4095.9,4328.21,4614.36,4059.49,4617.44,4204.1,4229.23,4197.44,4265.64,4604.1,4360,1
4300,3992.82,4254.87,4103.59,4329.74,4611.28,4056.92,4612.31,4205.13,4230.26,4198.46,4265.64,4603.08,4365.13,1
4306.67,3994.36,4263.08,4107.18,4331.28,4614.36,4061.03,4614.87,4214.87,4232.82,4203.08,4268.72,4602.05,4366.67,1
4311.79,4000,4266.67,4108.72,4334.36,4613.85,4063.08,4615.38,4213.85,4234.36,4208.21,4276.41,4610.26,4373.85,1
4313.33,4006.67,4265.64,4116.41,4335.9,4609.74,4060.51,4612.82,4205.64,4235.9,4212.31,4282.56,4617.95,4380.51,1
4314.36,4008.21,4265.64,4118.97,4336.41,4611.79,4061.03,4616.92,4212.82,4242.05,4217.95,4284.62,4619.49,4378.97,1
4317.95,4008.21,4266.15,4114.87,4337.44,4620,4066.67,4622.05,4220.51,4247.69,4218.97,4286.67,4620,4378.97,1
4322.05,4011.79,4270.77,4116.41,4336.92,4623.08,4066.15,4620.51,4214.36,4243.59,4218.97,4288.72,4624.1,4387.18,1
4324.1,4013.85,4278.46,4124.62,4340.51,4618.46,4057.95,4611.79,4204.1,4238.97,4222.05,4288.72,4628.21,4392.31,1
4316.41,4011.79,4275.38,4122.05,4342.56,4614.36,4051.79,4608.21,4203.59,4234.36,4215.38,4281.03,4621.03,4376.92,1
4306.67,4004.62,4264.62,4110.26,4334.87,4610.77,4050.26,4610.77,4204.1,4224.62,4200.51,4269.74,4605.64,4360,1
4309.74,4003.59,4267.18,4109.74,4330.77,4607.18,4049.74,4610.26,4198.46,4220.51,4198.46,4267.69,4604.1,4369.74,1
4324.62,4012.31,4281.03,4122.05,4335.38,4610.26,4050.77,4609.74,4201.03,4228.21,4207.18,4275.9,4615.9,4388.21,1
4332.31,4018.46,4285.13,4126.15,4334.87,4616.41,4054.36,4606.67,4201.03,4230.26,4206.67,4278.97,4618.97,4383.59,1
4328.21,4013.85,4279.49,4119.49,4331.28,4616.92,4060,4599.49,4195.38,4224.62,4204.62,4277.95,4611.79,4377.95,1
4323.08,4011.28,4280.51,4120.51,4332.82,4616.92,4062.05,4604.62,4204.62,4231.28,4210.26,4284.1,4609.74,4386.67,1
4316.92,4009.74,4278.97,4122.05,4331.79,4617.44,4057.95,4617.44,4210.26,4238.97,4213.33,4283.59,4614.87,4382.05,1
4310.26,4004.1,4265.64,4110.77,4332.31,4615.9,4054.87,4613.85,4200.51,4231.79,4206.15,4271.79,4613.33,4366.15,1
4309.74,4005.13,4262.05,4107.69,4336.41,4617.44,4056.92,4609.74,4202.56,4225.64,4203.08,4270.77,4607.18,4364.62,1
4310.26,4009.74,4272.31,4116.92,4336.41,4615.38,4060,4622.05,4214.36,4229.23,4206.67,4278.97,4606.15,4371.79,1
4311.79,4010.26,4274.87,4122.05,4331.79,4608.21,4060.51,4624.62,4207.69,4232.31,4207.69,4284.62,4607.69,4376.41,1
4316.92,4012.82,4271.79,4120,4331.79,4608.72,4057.95,4610.77,4194.87,4229.74,4208.72,4285.13,4609.23,4380.51,1
4323.59,4018.46,4271.79,4122.56,4333.33,4614.87,4054.36,4606.67,4196.41,4226.15,4208.21,4282.56,4612.31,4382.05,1
4329.23,4021.54,4272.31,4124.62,4333.33,4615.38,4053.33,4612.31,4209.23,4225.13,4207.18,4279.49,4613.85,4378.46,1
4328.21,4022.05,4272.31,4123.08,4334.87,4615.38,4055.9,4613.85,4209.74,4224.62,4206.15,4277.44,4611.28,4376.41,1
4320,4023.59,4270.26,4125.64,4334.36,4616.41,4057.44,4609.74,4195.38,4221.54,4206.67,4274.87,4612.31,4378.97,1
4318.46,4021.54,4270.77,4125.13,4334.36,4614.36,4056.92,4605.13,4193.85,4221.54,4208.21,4277.44,4618.46,4381.54,1
4321.54,4018.46,4276.41,4121.03,4336.41,4614.87,4060.51,4610.26,4208.72,4228.72,4213.33,4281.03,4620.51,4378.97,1
4318.97,4015.9,4280.51,4118.97,4335.9,4618.97,4066.67,4621.54,4216.41,4237.44,4221.54,4274.36,4616.92,4373.85,1
4313.85,4011.28,4276.41,4119.49,4331.79,4620.51,4066.67,4620,4208.72,4233.85,4215.38,4266.15,4610.77,4366.67,1
4315.9,4010.77,4275.38,4122.56,4332.82,4620,4062.56,4612.31,4201.03,4221.54,4204.1,4270.26,4605.64,4365.64,1
4323.59,4016.92,4284.62,4124.62,4337.44,4619.49,4061.03,4613.33,4203.08,4222.05,4204.62,4278.97,4606.15,4373.33,1
4324.62,4017.44,4289.74,4123.08,4337.44,4616.41,4058.46,4614.87,4208.21,4229.74,4209.74,4282.05,4609.23,4374.36,1
4316.92,4008.21,4284.1,4121.54,4335.9,4615.38,4056.92,4611.79,4204.1,4226.67,4207.69,4282.05,4607.69,4367.69,1
4313.85,4006.15,4276.41,4119.49,4336.92,4620,4061.03,4610.77,4196.92,4219.49,4201.54,4279.49,4602.05,4364.62,1
4317.95,4014.87,4278.97,4120,4339.49,4620.51,4062.56,4612.31,4195.38,4218.97,4202.05,4275.38,4603.08,4363.59,1
4316.92,4018.97,4282.56,4125.13,4340,4616.92,4058.46,4608.72,4193.85,4220,4203.08,4276.41,4605.13,4363.08,1
4311.79,4016.92,4280,4127.18,4337.95,4617.95,4061.03,4606.15,4193.85,4221.54,4201.03,4276.41,4604.1,4365.13,1
4313.85,4016.92,4280.51,4127.69,4341.54,4622.05,4063.08,4608.72,4200.51,4228.21,4207.69,4279.49,4612.31,4369.23,1
4322.56,4019.49,4289.74,4133.33,4346.67,4619.49,4057.44,4613.85,4209.74,4240,4222.05,4290.26,4624.62,4378.97,1
4332.31,4021.03,4296.92,4138.97,4344.62,4616.41,4055.38,4610.77,4205.13,4243.08,4222.56,4292.82,4625.13,4384.62,1
4329.74,4017.44,4288.21,4132.82,4338.97,4615.9,4055.38,4603.08,4190.26,4231.28,4208.21,4278.46,4617.44,4375.38,1
4322.05,4014.36,4276.41,4126.15,4338.46,4614.36,4055.38,4604.1,4191.28,4222.56,4206.67,4273.33,4616.92,4370.77,1
4322.05,4015.9,4277.44,4126.67,4341.54,4615.9,4058.97,4613.33,4208.21,4232.31,4212.82,4284.62,4620.51,4375.9,1
4320,4014.87,4282.56,4128.21,4338.97,4615.38,4054.87,4617.44,4206.67,4237.95,4207.18,4284.1,4617.95,4370.77,1
4308.21,4003.59,4276.41,4121.54,4329.23,4609.74,4044.1,4608.72,4185.13,4222.56,4195.38,4270.26,4606.15,4351.28,1
4298.46,3994.87,4263.08,4113.33,4330.26,4607.69,4040,4601.54,4182.05,4207.18,4189.74,4263.08,4593.85,4341.54,1
4299.49,4001.54,4262.05,4117.44,4337.95,4611.28,4044.62,4604.62,4195.38,4212.31,4192.31,4262.05,4594.87,4348.21,1
4304.62,4005.13,4269.23,4122.56,4333.85,4613.33,4047.69,4608.21,4193.85,4217.95,4192.31,4262.05,4602.05,4353.33,1
4307.18,4004.62,4273.85,4123.08,4332.31,4613.85,4048.72,4604.62,4184.1,4214.36,4193.33,4268.72,4603.59,4355.38,1
4315.9,4013.85,4283.08,4125.13,4341.03,4616.41,4054.36,4608.21,4194.87,4219.49,4205.13,4283.59,4610.26,4365.64,1
4327.18,4017.44,4298.46,4127.69,4342.56,4616.92,4061.03,4617.44,4207.69,4229.23,4212.31,4290.26,4620,4374.87,1
4326.67,4007.69,4297.95,4126.15,4333.85,4615.38,4058.46,4616.41,4200,4227.69,4206.15,4284.62,4617.44,4368.72,1
4316.41,4002.56,4283.08,4122.05,4334.36,4616.41,4053.33,4610.26,4191.79,4223.08,4203.08,4278.97,4612.82,4359.49,1
4315.38,4008.21,4277.95,4122.05,4343.59,4617.44,4050.26,4609.23,4199.49,4229.74,4210.77,4280.51,4615.9,4362.56,1
4317.44,4008.21,4277.95,4120.51,4343.08,4613.33,4045.64,4608.72,4198.46,4232.82,4212.82,4281.03,4615.9,4364.62,1
4309.74,4005.64,4269.74,4114.87,4337.95,4608.21,4042.05,4606.67,4189.23,4224.62,4203.08,4274.36,4608.21,4354.87,1
4305.13,4006.67,4264.62,4111.79,4341.54,4612.31,4048.21,4608.21,4196.92,4222.05,4195.9,4269.23,4602.05,4346.67,1
4303.08,4001.03,4260.51,4108.72,4343.08,4618.46,4055.9,4610.77,4198.46,4222.56,4193.85,4268.21,4596.41,4344.1,1
4296.92,3993.33,4251.28,4100.51,4333.33,4617.44,4053.85,4606.15,4182.05,4213.33,4193.85,4264.62,4592.31,4343.08,1
4296.41,3996.41,4246.67,4097.95,4329.74,4615.9,4050.77,4599.49,4179.49,4207.69,4192.31,4260,4595.9,4344.1,1
4303.08,4007.18,4248.21,4104.62,4336.92,4616.92,4053.33,4597.44,4190.26,4217.44,4193.33,4263.59,4602.05,4349.23,1
4308.72,4010.26,4252.31,4107.18,4335.9,4614.87,4053.33,4597.44,4186.67,4219.49,4196.92,4266.67,4603.59,4350.77,1
4312.31,4007.18,4258.46,4100.51,4334.36,4611.79,4048.72,4599.49,4176.41,4214.36,4200,4265.64,4602.56,4349.74,1
4313.85,4005.64,4263.08,4097.44,4338.97,4611.28,4046.67,4603.08,4180.51,4215.38,4200,4267.69,4602.05,4351.28,1
4314.36,4006.67,4262.05,4102.05,4338.97,4606.67,4047.18,4603.08,4188.72,4214.87,4199.49,4271.79,4604.1,4354.87,1
4317.44,4012.31,4266.15,4108.21,4337.95,4603.08,4041.54,4601.03,4191.28,4215.9,4204.1,4271.28,4605.64,4359.49,1
4319.49,4018.97,4269.74,4111.28,4343.08,4608.72,4041.03,4599.49,4187.18,4223.59,4207.18,4271.28,4606.67,4358.46,1
4317.44,4020,4266.67,4109.23,4347.18,4617.44,4051.28,4598.46,4183.59,4223.59,4204.1,4271.28,4610.26,4355.38,1
4318.46,4018.46,4264.62,4107.69,4344.62,4617.95,4054.87,4595.9,4185.64,4217.44,4205.13,4268.21,4615.38,4359.49,1
4323.08,4021.03,4268.72,4108.72,4341.54,4613.85,4049.74,4596.41,4192.31,4223.08,4210.26,4270.26,4618.97,4365.64,1
4327.69,4025.13,4272.82,4109.74,4342.56,4615.38,4050.77,4603.59,4196.92,4233.85,4213.85,4273.85,4622.05,4367.18,1
4323.08,4022.05,4268.21,4108.21,4340,4616.92,4054.36,4608.21,4195.9,4232.31,4213.85,4274.87,4623.59,4365.13,1
4314.36,4014.36,4262.56,4104.62,4335.38,4609.74,4049.74,4603.08,4189.74,4227.69,4212.82,4274.87,4622.05,4361.54,1
4316.92,4015.9,4265.13,4102.56,4335.38,4602.56,4042.56,4596.92,4188.72,4232.82,4218.46,4275.38,4623.08,4363.59,1
4318.46,4016.92,4267.18,4103.08,4334.36,4599.49,4041.03,4601.03,4193.33,4235.38,4217.95,4272.31,4623.08,4361.03,1
4307.18,4008.72,4259.49,4103.08,4332.31,4600,4042.56,4608.21,4191.79,4227.18,4209.23,4268.72,4615.38,4349.23,1
4297.44,4004.62,4250.26,4101.54,4330.77,4601.54,4043.08,4606.15,4180.51,4217.95,4201.03,4264.1,4609.23,4346.15,1
4298.46,4008.72,4249.74,4099.49,4328.21,4602.56,4042.56,4595.9,4171.79,4212.31,4197.95,4260,4608.72,4350.26,1
4300,4008.21,4258.97,4100.51,4328.72,4600.51,4044.62,4588.21,4172.31,4213.33,4200,4264.62,4607.18,4349.23,1
4300.51,4005.13,4264.62,4103.59,4329.74,4599.49,4045.13,4591.28,4178.46,4221.54,4200.51,4269.74,4605.13,4347.18,1
4306.15,4009.23,4261.54,4103.59,4328.21,4598.97,4041.54,4594.87,4183.59,4223.59,4198.97,4270.26,4608.72,4351.79,1
4313.85,4017.44,4269.23,4108.72,4334.36,4600,4039.49,4592.82,4185.64,4223.59,4205.13,4275.38,4617.44,4363.08,1
4318.97,4024.1,4280.51,4117.44,4343.08,4605.64,4043.08,4597.44,4188.21,4229.74,4215.38,4282.05,4621.54,4367.18,1
4321.03,4027.18,4274.36,4118.46,4342.56,4607.69,4045.64,4606.15,4191.79,4229.23,4212.31,4281.54,4623.08,4361.54,1
4320.51,4027.69,4267.69,4112.31,4341.03,4606.15,4043.59,4603.08,4193.33,4226.67,4206.67,4278.46,4620,4356.92,1
4314.36,4022.05,4272.31,4108.21,4341.54,4606.15,4045.13,4600.51,4194.87,4227.18,4209.23,4275.9,4612.31,4353.33,1
4302.56,4010.26,4268.72,4106.67,4335.9,4606.67,4046.15,4607.69,4194.87,4224.62,4207.69,4273.33,4608.21,4347.18,1
4295.38,4004.62,4261.54,4104.1,4332.31,4606.67,4042.56,4606.67,4192.31,4223.59,4204.1,4269.74,4609.74,4346.15,1
4296.92,4008.72,4261.54,4105.13,4335.9,4604.62,4037.95,4600,4190.77,4222.56,4202.56,4263.59,4610.26,4346.67,1
4297.95,4009.74,4255.38,4105.64,4335.38,4602.56,4038.46,4598.46,4185.13,4213.33,4199.49,4260.51,4602.56,4338.97,1
4293.85,4002.56,4250.77,4101.03,4330.77,4605.13,4046.15,4601.03,4178.46,4206.15,4195.38,4263.59,4595.9,4340,1
4294.87,3997.95,4258.46,4095.38,4333.33,4612.82,4056.41,4610.26,4189.23,4210.77,4196.92,4267.18,4598.46,4348.21,1
4301.03,4005.64,4262.05,4098.97,4337.95,4616.92,4062.56,4618.46,4206.67,4220,4204.1,4270.26,4608.72,4351.28,1
4303.08,4013.85,4262.56,4105.64,4335.38,4614.87,4060.51,4613.85,4202.56,4225.13,4209.23,4272.31,4614.36,4350.77,1
4304.1,4009.74,4264.1,4100.51,4328.72,4608.72,4054.87,4606.15,4184.1,4217.95,4203.08,4272.82,4605.64,4348.21,1
4305.64,4006.67,4264.1,4098.46,4327.69,4601.03,4049.23,4602.05,4181.03,4210.77,4196.41,4272.82,4600.51,4348.21,1
4306.67,4012.31,4265.13,4108.72,4332.82,4602.56,4042.56,4598.97,4189.74,4218.46,4202.05,4273.33,4605.64,4351.28,1
4306.67,4010.26,4265.13,4108.21,4333.85,4607.18,4038.97,4600,4188.72,4222.56,4203.08,4271.28,4604.1,4349.23,1
4303.08,3999.49,4262.05,4091.79,4328.72,4603.59,4039.49,4598.46,4181.03,4216.92,4193.85,4267.18,4596.41,4343.59,1
4296.41,3995.9,4260.51,4089.74,4326.67,4599.49,4040,4591.79,4179.49,4219.49,4191.28,4267.18,4599.49,4345.13,1
4297.95,4003.59,4263.08,4101.03,4332.31,4604.1,4040,4591.79,4181.03,4224.62,4196.92,4270.26,4607.18,4351.28,1
4304.62,4010.77,4264.62,4103.08,4335.38,4610.26,4045.64,4599.49,4185.64,4223.08,4202.05,4271.79,4606.67,4352.31,1
4305.64,4007.69,4263.59,4097.95,4331.28,4613.33,4048.72,4603.08,4194.36,4223.59,4204.1,4272.82,4607.18,4350.77,1
4304.62,4003.08,4263.59,4101.54,4328.21,4608.72,4040.51,4603.08,4198.46,4229.23,4204.1,4274.87,4609.74,4352.82,1
4308.72,4008.72,4266.15,4107.18,4333.33,4602.05,4032.82,4606.67,4201.54,4234.36,4204.62,4274.87,4611.28,4357.44,1
4308.72,4012.31,4267.18,4105.64,4335.9,4605.13,4042.56,4612.82,4201.03,4238.46,4202.56,4270.26,4609.23,4350.77,1
4301.03,4008.21,4264.1,4102.56,4331.28,4609.74,4050.26,4611.79,4194.87,4234.36,4194.36,4265.13,4603.59,4341.54,1
4296.92,4005.13,4263.08,4103.59,4329.23,4605.64,4045.64,4602.56,4190.26,4227.18,4191.79,4263.59,4599.49,4343.59,1
4298.97,4003.59,4265.64,4105.64,4333.33,4605.64,4043.59,4599.49,4188.21,4226.15,4196.41,4266.67,4601.03,4346.15,1
4300,4002.05,4265.13,4105.64,4336.41,4607.69,4047.69,4601.03,4184.62,4230.26,4199.49,4272.82,4603.59,4345.13,1
4298.46,4003.08,4264.62,4106.15,4335.38,4602.56,4048.72,4596.41,4183.08,4228.72,4199.49,4276.41,4603.08,4348.21,1
4297.95,4004.1,4265.13,4107.18,4333.85,4602.05,4047.69,4597.95,4189.23,4222.56,4198.97,4272.82,4600,4348.72,1
4299.49,4006.15,4266.15,4106.67,4332.82,4609.23,4046.67,4607.18,4194.36,4221.03,4195.9,4270.77,4597.44,4346.15,1
4302.05,4008.72,4264.62,4106.67,4334.36,4608.72,4048.72,4615.9,4200.51,4227.69,4196.92,4273.33,4599.49,4350.26,1
4302.05,4010.77,4264.1,4108.21,4338.46,4606.15,4052.82,4622.05,4206.67,4235.9,4202.56,4271.79,4604.1,4353.33,1
4303.59,4012.31,4268.21,4108.72,4337.95,4611.28,4055.9,4623.08,4201.03,4234.87,4202.56,4270.77,4605.13,4351.28,1
4305.64,4011.79,4268.72,4109.23,4333.85,4612.31,4056.41,4614.36,4189.74,4224.62,4198.97,4273.33,4602.56,4351.79,1
4302.56,4007.69,4270.77,4110.26,4334.36,4610.26,4049.74,4606.15,4185.13,4219.49,4194.87,4274.36,4598.97,4350.77,1
4297.95,3998.97,4274.87,4107.18,4334.87,4613.85,4043.08,4607.18,4187.69,4222.56,4196.41,4273.85,4599.49,4347.18,1
4298.97,3993.85,4271.28,4100.51,4329.23,4609.74,4041.54,4609.23,4191.28,4224.62,4202.56,4273.33,4603.59,4350.26,1
4300.51,3995.9,4263.59,4101.54,4328.21,4602.05,4040,4606.67,4190.26,4223.08,4204.1,4270.77,4602.56,4349.23,1
4295.9,4002.56,4264.1,4107.69,4338.97,4607.69,4040,4603.59,4189.74,4222.05,4199.49,4269.23,4596.92,4340,1
4293.33,4007.69,4265.13,4109.23,4342.56,4614.87,4043.59,4602.05,4189.74,4221.54,4193.33,4265.13,4596.41,4332.82,1
4290.77,4002.56,4261.03,4107.18,4334.87,4611.79,4046.67,4604.1,4192.82,4217.95,4187.18,4258.46,4593.85,4329.74,1
4284.62,3993.85,4260.51,4105.64,4332.31,4608.72,4048.72,4609.74,4202.56,4220,4183.08,4258.97,4587.69,4330.26,1
4286.67,3997.95,4263.08,4105.13,4335.9,4611.79,4050.77,4609.23,4202.56,4229.74,4190.26,4267.18,4592.31,4338.97,1
4297.44,4005.64,4265.64,4106.67,4335.38,4613.33,4051.79,4603.08,4184.62,4226.15,4195.9,4271.79,4599.49,4344.1,1
4296.92,4000.51,4265.13,4108.21,4333.33,4610.77,4054.87,4605.64,4179.49,4209.74,4189.74,4268.72,4594.36,4337.44,1
4288.72,4001.03,4263.59,4110.26,4336.41,4608.21,4056.92,4609.74,4190.77,4210.26,4187.18,4267.69,4590.77,4335.9,1
4294.36,4009.23,4264.62,4112.82,4338.46,4609.23,4052.82,4607.18,4193.85,4226.15,4192.82,4270.26,4592.82,4342.56,1
4300,3999.49,4265.64,4110.77,4336.92,4612.82,4050.77,4610.26,4192.31,4226.15,4195.38,4270.77,4592.82,4340,1
4288.72,3983.59,4265.13,4104.62,4331.28,4613.85,4049.74,4613.33,4193.33,4211.79,4188.21,4270.77,4586.15,4331.79,1
4280,3980.51,4264.1,4102.56,4326.15,4608.72,4046.67,4606.15,4191.28,4209.74,4182.56,4269.74,4578.46,4328.21,1
4280,3977.44,4263.08,4102.56,4320,4604.62,4046.15,4608.72,4189.74,4213.85,4179.49,4261.54,4572.31,4320.51,1
4280.51,3974.87,4260,4097.95,4318.97,4606.15,4047.18,4613.85,4182.56,4205.13,4177.95,4253.33,4572.82,4321.03,1
4291.28,3989.23,4267.69,4105.64,4329.23,4605.64,4043.08,4602.56,4176.41,4204.62,4189.74,4264.62,4591.28,4342.56,1
4306.67,4004.62,4277.95,4120.51,4338.46,4598.46,4037.44,4595.9,4181.54,4222.05,4203.59,4282.56,4613.85,4355.9,1
4304.1,4004.62,4272.31,4120,4336.41,4595.9,4034.36,4603.08,4185.64,4226.67,4201.54,4277.95,4613.33,4346.67,1
4294.36,4000.51,4261.54,4114.36,4333.85,4602.56,4036.41,4604.62,4183.59,4214.36,4191.79,4262.05,4597.95,4335.9,1
4297.44,3998.97,4265.13,4115.38,4337.44,4609.23,4042.05,4601.54,4183.59,4213.85,4192.31,4264.62,4595.38,4336.92,1
4301.03,4000.51,4269.23,4118.97,4338.97,4611.79,4042.05,4605.13,4189.23,4221.03,4191.79,4270.77,4598.97,4336.41,1
4292.82,3998.97,4263.08,4115.38,4335.9,4610.26,4041.54,4608.72,4193.85,4216.41,4183.59,4261.03,4592.31,4327.69,1
4285.64,3995.38,4261.54,4111.79,4335.9,4608.21,4043.59,4605.64,4191.28,4207.18,4181.54,4255.9,4584.1,4324.62,1
4289.74,3998.97,4267.18,4115.38,4339.49,4608.21,4041.03,4604.62,4184.62,4207.18,4190.26,4264.62,4588.72,4333.33,1
4295.38,4003.59,4268.72,4121.54,4340,4610.26,4038.97,4604.1,4181.03,4215.9,4195.38,4271.79,4600.51,4340,1
4289.74,3999.49,4263.59,4121.54,4338.46,4612.31,4043.08,4597.44,4179.49,4220.51,4191.79,4266.15,4603.59,4334.87,1
4283.08,3994.36,4260,4114.87,4334.87,4611.79,4042.05,4589.74,4175.38,4214.36,4187.18,4257.44,4596.41,4328.72,1
4284.62,3993.85,4262.05,4115.38,4330.77,4608.21,4034.87,4590.77,4175.38,4207.18,4185.13,4260,4590.77,4329.74,1
4288.21,3994.36,4264.62,4117.95,4332.82,4609.23,4041.03,4597.95,4185.64,4208.21,4187.69,4268.21,4592.82,4332.31,1
4290.26,3996.92,4264.62,4120.51,4337.95,4611.79,4050.26,4608.21,4195.9,4216.41,4194.87,4270.77,4599.49,4336.41,1
4295.38,4002.56,4267.18,4124.62,4338.97,4607.18,4043.08,4613.33,4197.95,4221.03,4198.97,4274.87,4606.67,4345.13,1
4301.03,4006.15,4273.85,4124.1,4338.97,4600.51,4032.31,4604.62,4189.74,4218.46,4202.05,4281.54,4608.72,4348.72,1
4302.05,4007.18,4273.85,4123.59,4342.05,4600.51,4034.36,4591.79,4183.59,4218.46,4203.08,4277.44,4605.64,4344.1,1
4304.1,4008.72,4268.72,4129.74,4344.62,4608.72,4042.05,4596.41,4187.18,4221.03,4202.05,4271.28,4605.13,4345.64,1
4308.21,4014.87,4268.72,4134.87,4347.18,4615.9,4042.56,4608.21,4198.97,4225.13,4205.64,4275.9,4609.74,4354.87,1
4308.72,4017.95,4268.72,4126.67,4347.18,4613.33,4037.44,4608.21,4205.13,4233.33,4210.26,4278.97,4615.9,4354.87,1
4304.1,4010.26,4262.56,4117.95,4344.62,4606.67,4038.46,4606.15,4202.56,4234.87,4208.21,4271.28,4613.85,4346.15,1
4300,4005.13,4257.44,4118.46,4346.15,4607.18,4044.1,4610.26,4197.44,4226.67,4205.13,4266.67,4609.74,4345.64,1
4297.44,4008.21,4260,4117.44,4348.72,4615.9,4045.64,4610.77,4194.87,4224.1,4208.72,4267.18,4609.74,4348.21,1
4296.92,4005.13,4262.05,4112.31,4343.08,4615.38,4046.67,4610.26,4197.95,4228.21,4205.64,4266.15,4606.67,4341.54,1
4296.41,3993.85,4255.38,4105.64,4332.82,4606.15,4048.72,4609.74,4192.82,4224.1,4194.36,4265.64,4594.87,4335.38,1
4291.79,3987.18,4252.31,4101.54,4329.74,4603.08,4050.26,4601.54,4181.03,4212.82,4190.26,4265.13,4584.62,4335.38,1
4291.28,3989.74,4259.49,4103.59,4332.82,4603.59,4048.21,4594.36,4174.36,4203.08,4190.26,4263.59,4585.13,4335.9,1
4298.97,3995.9,4262.56,4106.67,4335.9,4601.03,4045.64,4593.85,4176.92,4202.56,4189.74,4264.62,4589.23,4338.46,1
4306.67,4000,4263.08,4107.69,4337.44,4601.03,4046.67,4598.46,4189.74,4214.87,4192.31,4272.31,4593.33,4346.67,1
4310.77,4001.54,4266.15,4108.72,4335.38,4605.13,4048.72,4604.1,4195.9,4225.64,4201.03,4278.46,4601.54,4351.79,1
4308.21,4000.51,4267.18,4107.69,4330.77,4603.59,4048.21,4604.1,4187.69,4223.08,4206.15,4276.41,4604.1,4350.77,1
4308.21,4002.56,4270.26,4106.15,4332.82,4605.13,4049.74,4609.23,4188.72,4218.97,4205.13,4278.97,4601.54,4354.87,1
4312.82,4006.67,4273.33,4109.23,4338.46,4614.87,4056.41,4622.05,4204.1,4225.13,4206.15,4284.1,4604.1,4358.97,1
4313.33,4006.67,4267.18,4108.72,4336.92,4616.92,4056.92,4620,4207.18,4230.77,4207.18,4281.54,4609.74,4355.38,1
4307.69,4005.13,4262.05,4105.64,4337.95,4612.82,4050.26,4609.74,4196.41,4229.74,4206.67,4278.97,4608.21,4352.31,1
4309.23,4007.18,4263.08,4110.77,4343.59,4613.33,4046.67,4611.79,4198.97,4233.33,4210.26,4283.59,4611.79,4360,1
4311.28,4012.82,4265.13,4116.92,4347.69,4616.92,4049.74,4618.46,4213.33,4247.69,4217.44,4284.62,4620.51,4365.13,1
4305.64,4013.33,4263.59,4113.33,4344.62,4615.9,4050.26,4616.41,4212.82,4249.74,4218.97,4281.03,4615.9,4355.38,1
4299.49,4004.1,4260.51,4106.15,4338.46,4612.82,4050.26,4610.26,4195.9,4234.87,4212.31,4276.41,4605.64,4346.67,1
4298.97,4000,4262.05,4106.15,4335.38,4614.36,4055.9,4605.64,4189.74,4230.77,4205.64,4272.31,4603.59,4351.28,1
4304.1,4008.21,4266.67,4113.33,4338.97,4616.41,4057.95,4607.18,4195.38,4234.36,4206.15,4275.9,4605.13,4356.41,1
4307.18,4010.26,4266.15,4116.92,4338.97,4613.85,4054.87,4612.82,4198.97,4232.31,4210.26,4278.46,4604.62,4353.85,1
4304.1,4004.62,4263.08,4111.28,4336.41,4612.31,4055.9,4617.44,4204.1,4231.28,4210.77,4275.38,4606.15,4356.92,1
4304.1,4004.62,4267.69,4106.67,4336.92,4617.44,4063.59,4621.54,4211.79,4238.97,4211.79,4281.54,4608.21,4361.54,1
4310.26,4007.69,4271.79,4110.26,4336.92,4619.49,4064.1,4617.95,4206.67,4240.51,4214.87,4288.72,4609.74,4362.56,1
4312.31,4009.23,4268.21,4113.85,4339.49,4615.38,4056.41,4608.21,4194.87,4233.85,4212.82,4285.64,4607.18,4361.54,1
4304.1,4003.59,4264.1,4109.74,4340.51,4615.38,4055.9,4610.77,4196.92,4227.69,4201.54,4276.92,4597.44,4352.31,1
4298.97,3995.9,4263.59,4106.15,4338.46,4619.49,4057.44,4618.97,4206.15,4224.1,4196.41,4272.31,4591.28,4344.1,1
4298.46,3996.92,4261.54,4107.69,4338.97,4618.46,4052.82,4612.82,4198.97,4222.56,4197.95,4267.69,4590.26,4340,1
4295.38,4003.59,4258.97,4110.77,4338.46,4612.82,4049.23,4602.56,4186.15,4221.03,4194.87,4266.15,4590.26,4339.49,1
4295.9,4005.13,4262.56,4110.26,4339.49,4611.28,4052.31,4602.56,4192.82,4219.49,4194.36,4271.28,4593.85,4345.64,1
4295.9,4002.56,4262.56,4108.21,4341.54,4615.9,4053.85,4604.62,4194.87,4215.38,4198.46,4273.85,4596.92,4348.21,1
4288.72,3997.44,4255.38,4106.67,4340,4615.9,4049.23,4602.05,4187.18,4215.38,4195.38,4269.74,4593.33,4338.97,1
4281.03,3992.82,4248.72,4104.1,4333.33,4612.82,4046.67,4605.13,4198.97,4218.97,4189.74,4261.54,4586.15,4330.26,1
4282.05,3997.95,4244.62,4104.1,4332.31,4614.36,4053.85,4614.87,4209.23,4218.97,4195.9,4259.49,4586.15,4338.97,1
4290.77,4007.69,4249.74,4109.74,4337.44,4615.38,4057.44,4614.87,4197.44,4223.59,4202.56,4268.21,4596.41,4353.85,1
4298.46,4008.21,4262.56,4109.74,4336.92,4613.33,4054.36,4611.28,4194.36,4228.21,4200,4276.41,4601.03,4349.74,1
4300,4004.1,4262.05,4103.08,4331.28,4614.36,4055.38,4614.36,4199.49,4225.13,4194.87,4273.33,4592.82,4340.51,1
4292.82,4002.56,4249.23,4099.49,4327.18,4612.31,4055.38,4608.72,4190.77,4219.49,4193.33,4266.67,4586.15,4344.1,1
4290.77,4003.59,4247.69,4105.64,4331.79,4608.21,4053.33,4601.03,4189.74,4219.49,4196.92,4268.21,4588.21,4348.21,1
4295.9,4003.59,4260.51,4108.72,4334.36,4612.31,4058.46,4609.74,4205.13,4225.64,4200,4272.31,4592.31,4346.15,1
4294.87,4003.08,4263.59,4105.64,4330.77,4616.41,4062.05,4616.92,4209.23,4230.77,4197.95,4271.79,4591.79,4345.13,1
4287.69,4001.54,4252.82,4104.62,4331.28,4614.36,4055.9,4611.28,4204.1,4228.21,4193.85,4266.67,4589.74,4344.62,1
4286.67,4002.56,4247.69,4104.62,4331.28,4615.38,4054.87,4611.79,4202.05,4224.62,4195.38,4265.64,4590.77,4342.56,1
4290.77,4007.18,4253.33,4104.62,4329.74,4614.87,4061.54,4614.87,4193.85,4225.13,4197.44,4267.69,4591.28,4344.1,1
4294.87,4011.79,4260,4107.69,4332.31,4608.72,4061.54,4607.18,4185.13,4224.62,4195.38,4267.69,4592.31,4351.28,1
4298.97,4011.28,4264.62,4108.72,4333.33,4608.21,4055.38,4603.59,4188.21,4226.15,4194.36,4270.77,4595.9,4352.82,1
4293.85,4005.64,4261.54,4106.67,4329.74,4613.85,4054.36,4608.21,4195.9,4233.85,4197.44,4272.82,4593.85,4344.1,1
4283.08,4000.51,4249.74,4105.64,4332.31,4615.38,4057.44,4612.82,4196.41,4231.79,4196.92,4266.67,4589.74,4339.49,1
4284.1,4004.1,4248.21,4107.69,4338.46,4613.33,4057.44,4616.92,4197.95,4227.18,4195.9,4262.56,4591.79,4345.13,1
4294.36,4011.28,4260.51,4110.26,4338.46,4614.36,4057.95,4620,4205.64,4233.33,4202.56,4269.23,4595.38,4352.31,1
4296.41,4011.79,4266.67,4112.82,4335.38,4616.41,4058.97,4615.38,4200.51,4233.33,4203.59,4275.9,4595.9,4351.79,1
4289.74,4006.15,4261.54,4109.23,4331.79,4611.28,4056.92,4606.67,4186.67,4222.56,4195.38,4272.31,4593.85,4346.15,1
4287.18,4003.59,4258.46,4104.62,4333.33,4605.64,4050.26,4609.74,4189.74,4218.97,4193.85,4268.72,4590.77,4342.56,1
4294.36,4011.28,4261.54,4112.31,4340,4609.23,4047.69,4620.51,4201.54,4227.18,4202.56,4274.36,4596.41,4352.82,1
4302.56,4023.59,4266.67,4125.13,4341.03,4612.82,4048.21,4621.54,4203.59,4235.9,4209.74,4280.51,4607.69,4363.59,1
4298.97,4020.51,4263.08,4120,4333.85,4611.28,4044.62,4616.92,4196.41,4235.38,4204.1,4270.77,4599.49,4350.26,1
4283.59,4004.1,4249.23,4101.54,4330.26,4612.82,4044.62,4615.38,4189.74,4225.64,4190.77,4254.87,4583.08,4333.85,1
4281.03,4001.54,4246.67,4098.97,4335.38,4617.95,4051.28,4612.31,4190.77,4222.05,4189.74,4258.97,4588.72,4342.05,1
4292.82,4009.74,4256.92,4110.26,4337.44,4615.9,4054.36,4608.72,4196.41,4232.31,4202.05,4270.26,4600,4353.33,1
4293.33,4010.26,4257.44,4113.85,4332.31,4610.26,4049.74,4611.79,4195.9,4232.31,4202.56,4269.74,4593.85,4347.69,1
4286.67,4004.62,4253.33,4110.26,4328.21,4609.74,4048.21,4616.41,4191.28,4222.56,4194.87,4267.18,4585.13,4341.03,1
4285.64,4000.51,4256.92,4107.69,4329.23,4608.72,4051.28,4614.36,4187.18,4224.62,4194.87,4269.74,4588.21,4342.05,1
4285.13,4000.51,4260,4106.15,4331.28,4606.67,4052.31,4606.15,4181.03,4227.69,4198.46,4269.74,4590.77,4344.62,1
4288.21,4005.64,4260.51,4112.31,4331.28,4606.15,4054.36,4602.56,4182.56,4219.49,4195.38,4267.18,4589.23,4345.64,1
4293.85,4009.23,4263.59,4121.54,4332.31,4604.62,4056.41,4609.74,4190.77,4216.41,4192.31,4270.26,4590.26,4344.62,1
4289.23,4007.69,4263.08,4121.03,4331.79,4605.64,4057.95,4610.77,4187.18,4223.59,4191.79,4269.74,4587.69,4342.56,1
4287.69,4007.18,4262.05,4118.46,4332.82,4607.69,4057.95,4604.1,4180.51,4223.08,4191.28,4265.13,4584.62,4343.59,1
4296.41,4008.72,4266.15,4122.05,4335.38,4607.18,4056.41,4605.64,4188.72,4222.56,4196.92,4272.82,4590.77,4351.79,1
4295.9,4006.67,4265.64,4121.03,4333.33,4607.69,4054.36,4612.82,4193.33,4227.69,4204.62,4283.08,4598.97,4355.9,1
4290.77,4004.1,4263.59,4117.44,4330.26,4610.77,4056.41,4614.87,4190.26,4224.1,4204.1,4281.54,4596.41,4353.33,1
4294.36,4007.18,4266.15,4120.51,4331.28,4612.82,4057.95,4613.85,4194.87,4220.51,4201.54,4276.92,4590.26,4351.79,1
4293.85,4005.13,4264.62,4120,4329.74,4611.28,4054.36,4614.87,4198.97,4224.1,4195.38,4273.85,4585.13,4344.62,1
4278.97,3993.85,4252.31,4108.21,4325.64,4610.77,4052.82,4615.38,4194.87,4223.59,4182.56,4260,4575.38,4327.18,1
4268.72,3991.28,4246.15,4102.56,4327.18,4609.74,4053.85,4610.77,4189.74,4214.36,4178.97,4250.77,4570.77,4325.64,1
4280,4000,4254.36,4112.82,4332.31,4610.77,4053.33,4604.62,4187.18,4213.33,4190.77,4262.56,4581.03,4344.62,1
4294.87,4005.13,4265.13,4121.54,4331.28,4613.33,4052.82,4607.69,4192.82,4224.1,4200,4276.41,4594.36,4354.87,1
4293.85,4003.08,4270.26,4120.51,4327.69,4613.85,4056.92,4614.36,4197.44,4228.72,4201.54,4277.95,4596.92,4353.33,1
4288.21,3999.49,4269.23,4119.49,4329.74,4610.77,4058.46,4609.74,4188.21,4221.03,4203.08,4275.38,4593.33,4353.85,1
4288.72,3999.49,4265.13,4122.05,4331.28,4606.67,4055.9,4605.13,4181.54,4213.85,4202.56,4276.92,4591.28,4353.85,1
4290.77,4001.54,4263.08,4122.56,4329.23,4606.67,4053.85,4612.31,4189.23,4216.92,4198.97,4275.9,4591.79,4351.79,1
4291.28,4001.54,4263.08,4118.97,4326.67,4605.13,4052.82,4615.9,4193.85,4216.41,4195.38,4272.31,4588.72,4350.26,1
4291.79,4001.03,4261.54,4118.46,4325.64,4600.51,4052.82,4611.28,4193.85,4214.36,4193.33,4270.77,4585.64,4350.26,1
4294.87,4002.56,4263.59,4121.03,4330.77,4601.03,4048.21,4612.31,4196.92,4221.54,4197.44,4273.85,4591.28,4355.38,1
4296.92,4003.59,4265.13,4123.08,4333.85,4603.08,4038.46,4607.69,4189.74,4224.62,4200,4272.82,4593.33,4355.38,1
4291.28,3998.97,4258.97,4121.03,4328.72,4599.49,4033.33,4591.28,4176.41,4213.85,4192.31,4267.69,4581.54,4346.67,1
4287.69,3999.49,4256.92,4121.03,4327.69,4600.51,4036.41,4591.28,4180,4207.69,4185.64,4263.08,4576.92,4343.59,1
4290.77,4004.62,4261.54,4124.62,4335.9,4611.28,4043.08,4608.72,4189.74,4212.31,4189.74,4258.97,4587.18,4348.72,1
4294.87,4007.18,4263.59,4125.64,4337.44,4617.95,4042.05,4612.31,4191.79,4216.92,4197.44,4262.56,4592.82,4351.79,1
4293.85,4006.67,4261.03,4124.1,4333.85,4613.33,4035.9,4604.62,4192.31,4222.56,4199.49,4272.31,4589.74,4351.79,1
4289.74,4001.03,4261.03,4122.05,4334.87,4612.31,4040,4604.62,4193.33,4227.18,4195.9,4274.87,4588.21,4349.74,1
4291.28,3995.9,4263.59,4121.54,4337.44,4614.87,4047.18,4607.69,4194.36,4227.69,4196.92,4274.36,4593.33,4351.28,1
4295.38,4000,4266.67,4122.05,4335.9,4609.74,4044.1,4608.21,4199.49,4230.77,4203.59,4279.49,4602.05,4357.95,1
4294.87,4004.1,4270.26,4124.1,4330.77,4600.51,4044.1,4612.82,4204.1,4232.31,4207.18,4284.1,4602.56,4357.44,1
4293.85,4000.51,4275.38,4124.1,4330.26,4600.51,4051.28,4615.38,4202.56,4227.69,4202.05,4282.05,4594.87,4352.82,1
4294.87,3997.95,4278.46,4121.03,4335.9,4607.18,4054.36,4613.85,4201.54,4226.67,4197.95,4280.51,4592.31,4352.82,1
4289.23,3996.41,4269.74,4122.05,4336.41,4614.87,4054.36,4612.82,4195.9,4227.18,4197.95,4274.87,4593.85,4348.72,1
4282.05,3989.23,4254.87,4120,4333.85,4620,4055.38,4607.69,4184.1,4217.44,4194.36,4265.64,4587.69,4341.03,1
4279.49,3987.18,4248.72,4111.79,4329.23,4614.36,4051.79,4602.56,4182.05,4211.28,4187.69,4264.1,4578.46,4337.44,1
4276.92,3987.69,4247.18,4110.26,4327.18,4606.15,4047.18,4604.62,4190.77,4217.95,4188.72,4264.62,4577.44,4337.95,1
4280.51,3988.21,4246.67,4113.85,4332.82,4608.21,4050.77,4607.69,4193.33,4225.13,4195.9,4263.08,4585.13,4343.08,1
4286.15,3991.28,4247.18,4110.77,4336.92,4612.82,4057.44,4604.62,4187.18,4223.08,4195.9,4264.1,4585.64,4344.1,1
4284.1,3987.69,4244.62,4105.64,4332.82,4612.31,4058.97,4607.18,4191.28,4222.05,4192.31,4262.05,4578.46,4337.44,1
4280.51,3986.15,4243.08,4103.59,4332.31,4607.69,4056.92,4611.79,4200,4226.67,4192.82,4258.46,4577.44,4335.9,1
4285.13,3990.26,4247.18,4101.54,4335.9,4603.59,4052.82,4610.77,4201.03,4230.26,4195.38,4261.03,4580.51,4341.54,1
4291.79,3990.26,4249.74,4101.03,4333.85,4603.08,4049.74,4608.72,4194.36,4228.21,4197.44,4265.64,4580.51,4345.64,1
4293.85,3989.23,4250.77,4104.62,4332.82,4603.08,4052.31,4605.64,4188.21,4222.56,4197.95,4268.72,4586.15,4350.26,1
4295.38,3989.74,4251.28,4106.67,4334.87,4605.64,4057.95,4606.15,4190.77,4221.03,4195.38,4272.31,4588.21,4353.33,1
4292.82,3990.26,4250.26,4102.56,4333.85,4608.21,4059.49,4609.74,4193.33,4224.62,4196.41,4270.77,4583.59,4348.72,1
4286.67,3990.26,4248.72,4097.44,4331.79,4604.62,4053.33,4607.18,4190.26,4229.74,4202.56,4266.15,4585.64,4347.18,1
4285.13,3989.23,4249.74,4096.41,4333.33,4602.05,4052.31,4606.15,4194.36,4230.77,4202.56,4272.82,4589.74,4350.77,1
4284.62,3988.21,4250.26,4096.92,4334.36,4608.72,4057.95,4611.28,4198.46,4227.69,4195.9,4278.46,4586.67,4348.72,1
4281.54,3989.23,4248.21,4094.87,4333.33,4610.26,4056.92,4608.72,4185.64,4221.03,4191.79,4269.74,4582.05,4341.03,1
4278.97,3988.21,4247.69,4092.31,4333.33,4604.1,4050.77,4604.62,4182.05,4214.87,4190.26,4258.97,4578.97,4337.95,1
4280.51,3986.67,4249.74,4095.9,4334.36,4602.56,4046.67,4608.72,4191.79,4218.46,4190.77,4262.05,4577.95,4341.54,1
4286.15,3992.31,4251.28,4100,4335.38,4604.62,4047.18,4611.28,4194.87,4225.64,4195.38,4269.74,4584.62,4347.18,1
4287.69,3995.38,4251.28,4100,4336.92,4606.15,4047.69,4611.79,4195.9,4226.15,4200.51,4272.31,4593.85,4351.79,1
4289.23,3995.38,4249.74,4100.51,4337.44,4609.23,4047.18,4608.21,4193.85,4224.62,4198.46,4267.18,4593.33,4352.82,1
4289.23,3997.44,4246.67,4102.05,4337.95,4610.77,4050.77,4602.05,4186.67,4225.13,4193.85,4260,4585.64,4349.74,1
4288.21,3996.92,4247.18,4102.56,4340,4614.87,4054.36,4606.67,4189.23,4223.08,4194.87,4262.56,4585.64,4349.74,1
4287.18,3994.87,4252.31,4100,4338.46,4617.44,4053.85,4610.77,4193.85,4222.05,4197.44,4272.31,4592.31,4351.79,1
4284.62,3989.23,4251.28,4093.33,4332.82,4610.26,4052.82,4604.62,4186.15,4221.54,4189.74,4269.74,4590.77,4346.15,1
4280,3984.1,4249.23,4089.23,4329.74,4606.67,4054.36,4604.1,4186.67,4215.9,4180.51,4264.1,4583.08,4342.56,1
4284.1,3989.74,4260,4098.97,4333.33,4609.74,4055.38,4610.77,4195.38,4216.92,4185.13,4274.36,4584.62,4354.36,1
4296.92,3999.49,4269.23,4110.77,4338.46,4607.18,4054.36,4613.33,4194.36,4226.15,4194.36,4286.67,4592.31,4362.05,1
4297.44,4001.03,4265.13,4109.23,4337.44,4606.67,4055.38,4615.38,4191.28,4225.64,4189.23,4282.56,4591.28,4353.85,1
4288.72,3994.87,4258.97,4103.08,4335.38,4613.33,4059.49,4618.97,4196.92,4220,4176.92,4269.74,4583.08,4347.18,1
4292.31,3995.38,4262.05,4105.64,4338.46,4616.41,4067.18,4621.03,4207.18,4224.62,4176.41,4271.79,4587.18,4353.85,1
4298.97,3997.95,4270.26,4110.77,4342.56,4616.41,4070.26,4626.15,4209.74,4232.31,4183.59,4282.56,4597.44,4361.03,1
4291.28,3992.31,4269.74,4105.64,4338.97,4618.46,4063.59,4625.64,4203.59,4229.74,4184.62,4283.08,4593.33,4357.44,1
4283.59,3988.21,4261.54,4097.44,4333.85,4616.41,4055.38,4621.03,4200,4226.15,4178.46,4274.87,4587.18,4351.28,1
4289.74,3995.9,4258.97,4102.05,4337.44,4615.38,4057.95,4626.15,4211.79,4236.41,4180.51,4273.33,4597.44,4354.87,1
4295.38,4003.59,4263.08,4110.77,4345.13,4617.95,4062.56,4633.33,4224.1,4251.28,4188.72,4276.92,4607.69,4360.51,1
4291.79,4000,4262.56,4109.23,4342.56,4617.95,4056.41,4630.77,4217.95,4249.23,4189.23,4276.92,4603.59,4355.9,1
4285.13,3994.36,4255.38,4104.1,4332.31,4615.9,4050.26,4624.1,4204.62,4240,4181.54,4273.33,4595.9,4349.74,1
4284.62,3990.26,4248.21,4101.54,4333.33,4617.95,4055.9,4621.54,4200.51,4232.31,4174.36,4264.62,4591.28,4347.69,1
4289.74,3990.26,4248.21,4102.56,4341.54,4622.56,4064.62,4625.64,4206.15,4228.72,4173.33,4259.49,4592.82,4349.23,1
4291.28,3992.82,4251.79,4107.18,4336.92,4621.03,4064.1,4627.18,4206.15,4232.82,4175.9,4265.64,4595.38,4351.79,1
4286.15,3989.74,4249.74,4102.05,4327.69,4613.85,4058.97,4618.97,4195.9,4232.31,4170.77,4269.23,4587.69,4346.15,1
4282.56,3986.15,4250.77,4095.9,4328.72,4613.33,4058.46,4616.41,4195.38,4225.13,4166.15,4266.15,4582.56,4342.56,1
4288.72,3990.77,4261.54,4101.54,4334.36,4618.46,4061.54,4627.18,4208.21,4227.69,4173.33,4273.33,4592.82,4355.9,1
4298.97,3997.44,4270.77,4109.74,4335.9,4617.95,4066.15,4632.82,4211.79,4233.85,4179.49,4285.64,4600,4366.67,1
4304.1,3996.41,4268.72,4107.69,4336.92,4614.36,4067.69,4625.13,4202.05,4228.21,4175.9,4281.03,4592.31,4358.46,1
4295.38,3989.74,4262.05,4103.08,4336.92,4614.87,4066.15,4613.85,4196.92,4222.56,4168.72,4270.77,4587.69,4346.15,1
4284.62,3986.67,4260.51,4102.56,4338.97,4616.41,4068.72,4610.77,4193.85,4226.67,4166.15,4269.74,4593.33,4350.26,1
4287.18,3990.26,4263.08,4104.62,4341.54,4617.44,4072.31,4617.95,4193.85,4229.74,4173.33,4273.85,4599.49,4358.97,1
4291.28,3992.82,4265.64,4107.18,4338.97,4620,4073.33,4626.67,4200,4229.74,4180.51,4276.41,4600.51,4355.9,1
4289.23,3992.82,4261.03,4107.69,4339.49,4619.49,4068.72,4628.72,4206.15,4233.85,4177.95,4277.95,4603.08,4351.28,1
4285.13,3996.41,4257.44,4107.69,4342.05,4617.95,4065.13,4628.21,4211.28,4236.41,4173.33,4275.38,4602.05,4350.77,1
4283.59,4001.03,4258.46,4109.23,4344.62,4620,4063.59,4627.18,4209.74,4232.31,4173.85,4269.23,4600,4351.79,1
4289.23,4003.08,4262.56,4114.36,4345.64,4620,4061.54,4622.56,4207.69,4233.85,4178.46,4271.28,4604.1,4355.9,1
4295.9,4005.64,4263.59,4118.46,4346.67,4620,4061.03,4623.59,4209.74,4240.51,4180.51,4275.38,4605.13,4353.33,1
4291.79,4007.18,4262.05,4120,4344.62,4620.51,4057.95,4622.05,4205.13,4237.44,4175.38,4271.28,4601.03,4346.15,1
4285.64,4003.08,4262.05,4120.51,4343.08,4616.92,4055.9,4617.95,4206.67,4237.44,4172.31,4269.23,4598.97,4346.67,1
4288.72,3999.49,4263.59,4116.41,4341.54,4615.38,4063.08,4623.08,4211.79,4243.59,4172.82,4275.38,4598.46,4351.28,1
4293.85,4003.59,4266.15,4113.33,4338.97,4618.97,4067.18,4617.95,4197.44,4232.31,4170.26,4277.95,4595.38,4351.79,1
4294.87,4005.64,4267.69,4120.51,4338.46,4617.44,4057.95,4601.54,4180.51,4219.49,4168.21,4275.9,4596.41,4349.74,1
4290.77,3997.44,4266.67,4121.03,4338.46,4612.82,4055.9,4604.62,4190.77,4228.21,4167.18,4273.33,4598.46,4347.69,1
4288.72,3993.85,4265.64,4113.33,4337.44,4615.9,4065.13,4619.49,4202.56,4234.87,4166.15,4271.79,4596.92,4349.74,1
4293.33,4000,4264.1,4115.38,4336.41,4614.87,4066.15,4615.9,4195.38,4229.74,4168.72,4276.41,4598.97,4354.87,1
4292.31,3998.97,4263.59,4119.49,4335.38,4606.15,4057.95,4611.79,4193.85,4226.67,4172.31,4279.49,4600.51,4352.31,1
4283.59,3988.21,4262.56,4112.82,4331.79,4608.21,4055.38,4617.44,4197.44,4219.49,4165.64,4273.33,4592.82,4343.08,1
4279.49,3984.1,4258.46,4104.1,4331.28,4616.41,4056.41,4619.49,4196.92,4212.31,4158.97,4268.21,4585.13,4342.05,1
4285.13,3989.74,4255.9,4110.26,4336.41,4615.38,4053.85,4618.97,4195.9,4218.97,4161.54,4273.33,4590.26,4349.74,1
4290.26,3992.82,4261.54,4118.46,4336.92,4612.31,4056.41,4617.95,4196.92,4225.64,4165.64,4275.38,4596.92,4351.79,1
4289.74,3994.87,4267.18,4117.95,4341.03,4617.44,4060,4614.87,4196.41,4223.08,4169.74,4272.31,4600,4350.26,1
4289.74,3999.49,4260.51,4117.44,4345.13,4622.56,4055.38,4610.26,4191.79,4221.54,4168.72,4271.28,4598.46,4350.77,1
4293.33,4001.54,4256.92,4122.56,4343.08,4621.03,4054.36,4613.33,4196.92,4225.64,4166.15,4271.28,4596.92,4354.36,1
4295.9,4002.05,4263.08,4125.64,4343.08,4616.92,4058.97,4621.03,4211.28,4237.95,4175.38,4274.87,4607.18,4358.46,1
4294.36,4005.64,4266.15,4123.08,4344.62,4615.9,4058.46,4627.18,4216.41,4247.69,4184.1,4276.92,4615.9,4356.41,1
4293.85,4006.67,4265.13,4123.59,4343.08,4618.97,4056.41,4630.26,4208.21,4243.08,4178.97,4272.82,4609.74,4350.77,1
4293.33,4005.13,4266.15,4124.1,4342.56,4618.97,4058.46,4627.18,4203.08,4237.95,4173.85,4268.21,4602.56,4349.23,1
4292.82,4000,4265.64,4123.08,4340.51,4614.87,4061.03,4623.59,4203.08,4235.38,4171.28,4270.26,4601.54,4348.72,1
4289.74,3995.9,4264.1,4122.56,4334.36,4613.85,4061.54,4622.05,4196.92,4227.18,4162.56,4273.85,4594.36,4345.64,1
4287.18,3995.38,4268.21,4121.54,4332.31,4615.38,4062.56,4620,4190.77,4218.46,4159.49,4276.41,4587.18,4345.64,1
4291.28,3994.87,4272.31,4121.54,4334.87,4620.51,4065.13,4618.97,4198.46,4219.49,4161.03,4279.49,4588.72,4346.67,1
4294.87,3995.38,4272.31,4121.03,4336.92,4625.64,4064.1,4623.59,4207.69,4226.15,4160.51,4278.46,4587.69,4348.72,1
4293.85,3998.46,4275.9,4122.56,4336.92,4623.08,4058.97,4627.69,4205.64,4229.23,4161.03,4277.95,4585.64,4350.26,1
4295.38,3997.95,4279.49,4123.59,4333.85,4617.44,4057.44,4623.59,4204.1,4228.21,4161.03,4280,4588.72,4351.28,1
4304.62,4001.03,4281.54,4127.69,4336.41,4616.41,4056.41,4616.41,4203.59,4230.77,4165.64,4280,4598.97,4355.38,1
4310.77,4010.26,4283.08,4137.44,4343.59,4616.92,4051.79,4612.31,4200.51,4235.9,4172.82,4279.49,4606.67,4357.44,1
4304.1,4009.74,4278.97,4140.51,4343.59,4614.87,4051.79,4616.41,4206.67,4235.9,4168.72,4277.95,4605.13,4354.36,1
4294.87,4002.05,4265.64,4133.33,4340,4615.9,4056.92,4622.05,4211.28,4229.74,4160.51,4271.79,4598.46,4350.26,1
4288.21,4001.54,4255.38,4127.18,4340.51,4617.95,4057.44,4619.49,4198.97,4226.15,4160,4261.54,4595.9,4343.08,1
4280,4003.59,4250.26,4124.62,4341.03,4617.95,4057.44,4615.9,4191.28,4225.13,4157.95,4253.85,4594.87,4331.79,1
4273.85,3998.97,4245.64,4120.51,4338.46,4620,4057.44,4617.44,4198.97,4226.67,4153.33,4252.82,4592.31,4331.28,1
4279.49,3995.38,4250.26,4123.59,4339.49,4617.44,4056.92,4614.36,4199.49,4229.74,4156.92,4261.03,4594.87,4343.08,1
4289.74,4001.54,4261.54,4131.79,4342.56,4615.9,4060,4612.82,4193.85,4228.72,4161.03,4270.26,4597.95,4347.69,1
4289.23,4001.54,4265.64,4129.23,4338.46,4617.95,4062.56,4620.51,4195.38,4222.56,4157.95,4270.26,4592.31,4341.54,1
4284.1,3991.28,4263.59,4121.54,4331.28,4615.38,4059.49,4621.03,4195.38,4219.49,4155.9,4268.72,4590.26,4336.41,1
4287.69,3993.33,4263.59,4121.54,4335.38,4608.72,4055.9,4615.38,4195.38,4221.54,4160,4269.74,4595.38,4342.05,1
4296.92,4003.08,4269.74,4128.72,4343.59,4610.77,4056.92,4621.54,4201.54,4225.13,4164.62,4274.87,4598.97,4352.82,1
4303.08,4006.67,4276.92,4136.41,4345.13,4617.44,4060.51,4626.67,4199.49,4230.26,4170.26,4284.1,4603.08,4358.97,1
4308.21,4009.74,4281.54,4140.51,4345.64,4617.95,4060,4618.46,4194.36,4236.92,4176.41,4290.77,4608.21,4361.54,1
4309.23,4009.74,4281.54,4137.44,4345.64,4615.9,4057.95,4612.82,4199.49,4236.92,4173.33,4288.72,4610.26,4361.54,1
4302.05,4003.08,4277.95,4135.38,4343.59,4615.9,4056.92,4614.36,4205.13,4230.77,4166.15,4283.59,4609.74,4357.44,1
4299.49,4003.08,4277.95,4137.95,4345.13,4617.95,4054.87,4616.92,4205.13,4233.85,4171.79,4283.59,4610.77,4357.44,1
4304.1,4007.18,4278.97,4136.41,4348.72,4622.56,4055.9,4623.59,4204.62,4237.44,4177.44,4286.15,4611.79,4363.59,1
4307.69,4008.21,4274.87,4136.41,4349.74,4622.05,4057.44,4626.67,4207.18,4235.9,4173.33,4287.69,4612.82,4366.15,1
4306.15,4010.26,4269.23,4138.46,4348.72,4620.51,4055.9,4625.13,4213.33,4239.49,4176.41,4287.18,4616.41,4361.03,1
4301.03,4009.23,4265.64,4135.38,4349.74,4621.03,4058.97,4626.67,4217.44,4243.59,4183.59,4283.59,4616.92,4356.92,1
4297.95,4010.77,4263.08,4127.18,4353.33,4621.03,4061.54,4624.62,4206.67,4237.95,4178.97,4276.41,4612.82,4354.36,1
4296.41,4013.33,4261.54,4123.08,4354.36,4622.05,4058.46,4614.36,4194.87,4231.79,4169.23,4267.69,4605.64,4348.21,1
4294.87,4007.18,4255.38,4120.51,4347.69,4622.56,4058.46,4610.77,4199.49,4230.26,4167.18,4266.15,4605.64,4346.15,1
4293.85,3999.49,4248.72,4115.38,4340,4617.44,4060,4613.33,4205.64,4233.85,4172.82,4269.74,4608.72,4350.77,1
4293.33,4002.56,4250.26,4110.77,4337.95,4613.85,4057.95,4616.41,4199.49,4237.95,4175.38,4273.85,4606.15,4350.77,1
4293.33,4006.15,4251.28,4109.23,4334.36,4616.92,4056.92,4617.95,4192.82,4234.36,4172.31,4273.33,4602.05,4348.21,1
4295.9,4002.05,4253.85,4108.72,4333.33,4614.87,4058.46,4616.92,4196.41,4228.21,4170.77,4270.26,4600,4350.77,1
4300.51,4002.56,4260.51,4108.21,4336.92,4613.85,4060.51,4617.44,4200.51,4230.77,4172.82,4276.41,4602.56,4354.87,1
4298.46,4006.15,4262.05,4110.77,4338.46,4618.46,4064.1,4618.46,4198.46,4230.26,4173.33,4281.54,4602.56,4353.85,1
4297.95,4006.67,4261.03,4117.44,4337.95,4618.97,4065.13,4616.92,4199.49,4227.69,4174.36,4276.92,4599.49,4356.41,1
4308.21,4008.72,4264.62,4122.56,4340.51,4615.9,4061.03,4613.33,4198.97,4234.36,4176.92,4277.95,4606.15,4365.64,1
4316.92,4012.31,4265.64,4120.51,4343.59,4615.38,4056.41,4613.33,4193.85,4241.03,4177.44,4285.13,4616.92,4371.28,1
4314.87,4011.79,4264.1,4117.95,4345.13,4616.92,4061.03,4620.51,4197.95,4246.15,4184.62,4286.67,4621.54,4370.26,1
4311.79,4013.85,4264.1,4121.54,4345.64,4617.95,4067.18,4630.26,4212.31,4252.82,4190.26,4283.59,4622.05,4368.72,1
4313.85,4018.97,4264.62,4124.1,4344.1,4618.97,4064.1,4631.28,4215.38,4250.26,4183.59,4277.95,4618.97,4365.13,1
4313.33,4013.85,4264.1,4121.03,4348.21,4618.46,4057.95,4627.18,4210.26,4245.13,4184.1,4273.85,4615.38,4364.1,1
4309.74,4010.26,4262.56,4118.46,4350.26,4620.51,4061.03,4627.18,4216.92,4251.79,4188.72,4277.44,4617.95,4367.18,1
4308.72,4015.38,4260,4117.44,4347.18,4625.64,4067.69,4630.77,4229.74,4259.49,4184.62,4274.87,4620.51,4365.64,1
4309.74,4015.9,4254.87,4118.46,4350.26,4626.67,4066.67,4628.72,4225.64,4255.38,4183.59,4267.18,4619.49,4363.59,1
4304.62,4007.69,4249.23,4114.87,4350.77,4626.15,4064.62,4623.59,4208.72,4249.23,4189.23,4268.21,4618.97,4362.56,1
4296.92,4003.59,4246.15,4106.15,4344.1,4625.64,4065.64,4622.56,4200.51,4246.15,4186.67,4271.79,4616.41,4357.95,1
4298.97,4005.64,4248.72,4107.69,4342.05,4622.05,4063.59,4621.03,4201.54,4245.13,4179.49,4272.31,4612.82,4357.44,1
4302.56,4003.08,4255.9,4117.44,4343.59,4613.85,4058.46,4616.41,4200.51,4244.62,4181.03,4275.38,4611.79,4361.54,1
4301.03,4000.51,4263.08,4117.44,4341.54,4610.77,4056.41,4614.87,4201.03,4240,4184.1,4279.49,4609.74,4363.08,1
4303.08,4004.1,4264.1,4111.79,4341.03,4615.38,4060,4622.56,4208.21,4236.92,4186.15,4278.97,4611.79,4364.1,1
4306.67,4007.69,4263.08,4112.31,4343.59,4620,4062.56,4627.18,4208.21,4238.97,4183.59,4282.05,4616.41,4368.21,1
4306.67,4003.08,4263.59,4111.28,4340,4616.92,4057.95,4620.51,4204.1,4234.87,4179.49,4281.54,4614.36,4365.64,1
4305.13,3996.41,4260.51,4104.62,4335.9,4611.28,4053.85,4618.97,4208.21,4226.67,4176.41,4277.44,4607.69,4361.54,1
4304.1,4000.51,4260.51,4109.23,4341.03,4613.33,4058.46,4624.1,4200,4230.26,4176.92,4281.03,4606.67,4367.18,1
4303.59,4006.67,4264.1,4117.44,4343.59,4617.95,4063.59,4611.79,4176.92,4232.82,4180.51,4283.59,4609.74,4369.74,1
4306.67,4005.64,4264.1,4113.85,4337.95,4614.36,4058.97,4602.05,4184.62,4227.69,4180,4281.03,4614.36,4368.21,1
4310.77,4004.1,4265.64,4112.82,4339.49,4611.79,4056.41,4617.95,4215.9,4236.92,4180.51,4281.54,4618.46,4370.77,1
4310.77,4004.62,4267.18,4119.49,4343.08,4616.92,4064.1,4625.13,4214.36,4246.67,4181.03,4281.03,4613.85,4366.67,1
4302.05,4001.54,4256.92,4115.38,4337.95,4618.46,4066.67,4612.82,4196.92,4241.03,4174.36,4271.28,4605.13,4353.85,1
4290.26,4000,4245.13,4104.1,4336.92,4619.49,4060.51,4616.92,4204.62,4237.44,4170.77,4265.13,4605.64,4350.26,1
4292.82,4005.64,4249.23,4104.62,4343.59,4625.64,4064.1,4630.26,4216.41,4245.64,4179.49,4268.21,4612.82,4360,1
4306.15,4009.74,4260,4114.36,4346.67,4623.59,4069.23,4628.72,4214.36,4252.82,4185.64,4270.26,4615.9,4363.08,1
4309.74,4009.23,4263.08,4119.49,4345.13,4617.95,4063.08,4623.59,4208.72,4248.72,4181.54,4272.31,4612.31,4361.54,1
4306.67,4009.23,4264.62,4118.97,4338.97,4616.41,4057.95,4623.08,4206.15,4241.54,4185.13,4279.49,4611.28,4368.21,1
4307.69,4007.69,4267.18,4113.85,4335.38,4614.87,4056.92,4616.41,4202.56,4240,4190.26,4284.62,4612.82,4370.77,1
4305.64,4002.05,4263.08,4109.74,4337.44,4611.79,4051.79,4610.77,4199.49,4238.46,4184.1,4281.03,4611.28,4360,1
4297.95,3995.9,4259.49,4106.15,4332.31,4611.79,4052.31,4614.36,4198.46,4233.33,4174.87,4273.33,4603.59,4349.74,1
4291.28,3994.36,4258.97,4104.1,4324.1,4609.23,4056.92,4616.92,4199.49,4230.26,4171.28,4268.21,4596.41,4346.15,1
4288.21,3994.36,4253.85,4105.13,4327.18,4604.62,4055.9,4615.38,4200.51,4228.72,4171.79,4267.69,4594.87,4346.67,1
4293.85,3996.41,4252.82,4107.69,4335.38,4608.72,4054.87,4617.44,4202.05,4228.21,4173.85,4273.33,4600.51,4357.44,1
4303.08,4002.05,4263.59,4108.21,4338.97,4616.92,4059.49,4623.59,4210.26,4235.9,4182.05,4283.59,4609.74,4367.18,1
4303.59,4006.15,4270.26,4107.69,4340,4617.44,4062.05,4628.72,4213.85,4241.54,4189.23,4287.18,4611.79,4362.56,1
4302.56,4007.18,4266.67,4112.82,4337.44,4613.33,4062.05,4626.15,4205.13,4235.38,4184.62,4280.51,4606.15,4361.54,1
4307.18,4008.72,4264.62,4117.44,4335.9,4614.87,4062.05,4618.97,4198.97,4231.28,4181.03,4278.97,4607.69,4369.23,1
4306.15,4007.69,4266.67,4111.28,4336.92,4620.51,4060.51,4620,4208.21,4239.49,4188.72,4283.08,4616.41,4366.15,1
4301.03,4003.08,4262.05,4106.67,4334.87,4617.44,4058.97,4626.15,4212.31,4246.67,4187.18,4280,4613.33,4353.85,1
4298.97,4001.03,4253.85,4108.21,4332.82,4608.72,4056.92,4622.05,4204.62,4239.49,4173.33,4269.23,4602.56,4347.69,1
4298.46,4003.08,4249.23,4107.69,4334.36,4608.21,4055.38,4617.44,4206.15,4234.36,4173.85,4266.15,4599.49,4351.28,1
4294.87,4003.08,4248.72,4107.69,4335.38,4613.33,4057.44,4624.1,4210.77,4238.46,4182.05,4268.72,4603.08,4353.33,1
4292.82,3998.46,4251.28,4107.69,4335.9,4615.9,4058.97,4626.67,4204.1,4238.46,4179.49,4267.18,4602.05,4345.64,1
4294.87,3999.49,4257.95,4106.67,4334.87,4610.77,4054.87,4616.92,4197.95,4229.23,4175.9,4266.67,4595.9,4344.1,1
4300.51,4005.13,4264.1,4108.72,4332.31,4601.54,4052.31,4610.77,4202.56,4223.59,4182.05,4270.77,4598.97,4353.85,1
4298.46,4003.08,4263.59,4109.23,4328.72,4603.08,4054.36,4615.38,4202.05,4226.67,4186.67,4275.9,4605.64,4356.41,1
4294.36,3998.97,4261.03,4105.13,4331.28,4610.77,4056.92,4616.92,4194.36,4229.23,4181.03,4276.92,4603.59,4352.82,1
4298.46,4004.1,4262.56,4109.23,4338.46,4611.28,4057.95,4615.38,4196.41,4226.67,4180.51,4280,4602.56,4358.46,1
4303.59,4008.72,4269.23,4118.46,4339.49,4609.74,4063.08,4621.54,4206.67,4229.23,4189.23,4286.15,4609.23,4366.15,1
4304.1,4006.67,4273.85,4121.54,4335.9,4616.41,4066.67,4630.26,4209.74,4238.46,4191.28,4287.69,4611.28,4367.69,1
4307.18,4005.64,4275.9,4122.05,4336.92,4617.95,4064.62,4630.26,4207.18,4235.9,4191.28,4289.74,4608.72,4369.23,1
4308.72,4008.72,4277.95,4123.59,4338.46,4608.21,4063.08,4625.13,4207.18,4230.26,4195.38,4293.85,4611.79,4370.26,1
4304.1,4008.21,4273.33,4123.08,4333.33,4601.54,4060,4618.97,4199.49,4233.85,4194.36,4289.23,4613.85,4368.21,1
4303.08,4003.59,4267.18,4120,4330.77,4605.13,4054.36,4616.92,4193.85,4233.85,4186.15,4281.03,4609.74,4365.13,1
4303.08,4001.03,4266.67,4114.36,4334.36,4609.23,4053.85,4622.05,4202.56,4232.31,4186.67,4282.56,4607.18,4362.05,1
4296.92,4000,4266.67,4111.79,4335.9,4610.26,4058.46,4622.56,4203.59,4234.36,4186.67,4283.08,4605.64,4359.49,1
4294.87,3998.97,4264.1,4116.92,4332.31,4609.74,4059.49,4613.85,4193.85,4231.79,4179.49,4274.36,4603.08,4361.03,1
4300.51,4001.54,4265.13,4121.03,4331.28,4607.18,4058.97,4613.85,4200.51,4232.82,4182.56,4275.38,4605.13,4366.15,1
4302.05,4003.08,4269.74,4120.51,4336.92,4609.74,4065.64,4625.13,4209.23,4237.95,4188.21,4282.56,4608.21,4367.18,1
4306.15,4003.08,4277.44,4122.05,4338.46,4611.28,4066.67,4623.08,4201.54,4236.92,4186.15,4282.56,4610.77,4369.74,1
4315.38,4008.72,4283.59,4125.13,4335.9,4603.08,4056.92,4612.31,4206.67,4241.54,4189.23,4287.69,4615.38,4378.46,1
4314.87,4011.28,4282.05,4124.62,4335.9,4600,4054.36,4617.44,4215.9,4250.26,4195.38,4296.92,4615.9,4380,1
4308.21,4006.15,4277.44,4123.59,4335.9,4607.69,4060,4625.13,4205.64,4241.54,4189.74,4292.82,4608.21,4370.26,1
4307.69,4004.1,4277.95,4123.08,4332.82,4612.31,4064.62,4624.1,4205.13,4231.28,4182.56,4282.56,4603.59,4363.59,1
4308.72,4005.64,4278.97,4124.1,4331.79,4608.72,4062.56,4622.56,4206.15,4232.31,4181.54,4281.54,4603.08,4366.15,1
4308.72,4004.1,4278.46,4126.15,4333.33,4607.18,4058.97,4618.97,4194.36,4232.31,4181.03,4285.13,4603.59,4368.21,1
4308.21,4000,4279.49,4124.1,4332.31,4607.18,4063.08,4621.03,4200.51,4234.36,4186.15,4287.69,4606.67,4364.62,1
4302.05,3994.36,4275.9,4120.51,4330.26,4607.18,4064.62,4629.74,4210.77,4235.9,4190.26,4287.18,4606.67,4358.46,1
4297.44,3996.92,4272.31,4125.13,4335.38,4608.21,4055.9,4625.13,4204.62,4232.82,4183.59,4280,4602.05,4353.33,1
4297.95,4008.21,4271.28,4132.31,4344.62,4610.26,4055.9,4619.49,4209.74,4237.44,4181.03,4276.41,4602.05,4356.92,1
4299.49,4015.38,4267.69,4132.31,4347.18,4615.9,4063.59,4623.08,4216.41,4246.67,4189.23,4280.51,4608.72,4366.15,1
4304.1,4018.46,4267.18,4134.36,4346.67,4621.03,4060.51,4627.18,4209.23,4244.1,4193.33,4282.56,4614.36,4370.77,1
4306.67,4019.49,4272.82,4139.49,4349.74,4623.08,4058.46,4632.82,4217.95,4244.62,4196.92,4286.67,4620,4373.33,1
4306.67,4016.92,4276.41,4138.97,4350.26,4620.51,4064.62,4635.38,4226.67,4257.95,4204.62,4293.85,4626.67,4376.92,1
4309.74,4014.36,4277.44,4137.44,4346.67,4615.9,4064.1,4626.67,4209.74,4256.92,4202.05,4293.85,4627.18,4374.36,1
4314.36,4014.87,4281.03,4138.97,4344.62,4614.87,4060,4622.05,4200,4243.59,4194.87,4287.69,4622.56,4372.31,1
4310.26,4010.77,4278.97,4135.9,4340.51,4616.41,4063.59,4628.72,4210.26,4239.49,4194.36,4285.64,4615.9,4370.26,1
4307.18,4004.62,4276.41,4132.82,4338.97,4616.92,4065.64,4631.79,4214.36,4238.97,4192.82,4291.28,4611.79,4369.74,1
4315.9,4009.74,4286.67,4136.92,4342.05,4614.36,4060,4628.21,4211.79,4241.03,4195.9,4300.51,4614.87,4377.95,1
4317.44,4015.38,4291.79,4140.51,4342.56,4614.87,4062.05,4624.62,4201.54,4241.03,4197.44,4297.44,4613.85,4377.95,1
4307.69,4007.69,4282.56,4136.92,4341.54,4618.46,4071.79,4627.69,4200,4233.33,4189.23,4285.13,4605.64,4366.15,1
4306.15,4002.05,4280.51,4135.38,4344.62,4616.92,4073.33,4636.92,4221.03,4234.87,4192.82,4290.26,4610.26,4370.26,1
4314.36,4009.23,4288.72,4138.97,4347.18,4613.33,4070.26,4636.41,4225.64,4251.28,4208.21,4306.67,4624.62,4386.67,1
4316.92,4012.82,4292.31,4139.49,4345.64,4617.44,4070.26,4631.79,4211.79,4253.33,4211.28,4308.21,4626.15,4386.15,1
4314.36,4006.67,4292.31,4137.95,4346.67,4620.51,4071.79,4638.97,4219.49,4244.62,4206.67,4299.49,4620.51,4376.41,1
4315.38,4007.69,4289.74,4138.46,4351.28,4617.95,4071.79,4644.62,4230.77,4250.26,4208.21,4297.95,4621.54,4378.46,1
4317.95,4015.9,4281.03,4139.49,4352.82,4620.51,4070.77,4641.03,4220,4257.44,4207.69,4295.38,4624.1,4382.56,1
4318.97,4017.95,4277.44,4137.95,4350.26,4624.62,4071.28,4642.05,4216.92,4255.9,4205.13,4290.26,4624.1,4381.03,1
4317.44,4013.85,4280,4136.92,4349.74,4623.08,4072.82,4644.1,4224.1,4253.85,4205.13,4293.33,4623.59,4378.46,1
4314.36,4013.33,4276.41,4134.36,4349.23,4623.59,4072.31,4638.97,4215.9,4249.74,4201.03,4292.82,4618.97,4374.87,1
4310.26,4014.36,4269.74,4128.72,4349.23,4621.03,4069.23,4633.85,4206.15,4241.03,4195.38,4282.56,4612.82,4369.23,1
4304.62,4007.69,4263.59,4124.62,4349.74,4618.46,4071.79,4630.77,4206.67,4238.97,4191.28,4271.28,4609.23,4360.51,1
4302.05,3999.49,4261.03,4120,4348.21,4623.59,4077.44,4627.69,4206.15,4239.49,4193.33,4270.77,4606.15,4361.03,1
4312.82,4007.69,4270.77,4124.1,4348.72,4625.13,4077.44,4632.31,4213.85,4242.05,4205.13,4284.62,4610.26,4377.95,1
4327.69,4022.56,4280.51,4135.9,4352.82,4616.92,4076.41,4640,4224.62,4253.33,4215.9,4297.44,4623.08,4389.74,1
4324.1,4020,4278.97,4131.79,4351.28,4615.9,4078.97,4642.56,4223.59,4257.44,4212.31,4292.31,4627.18,4379.49,1
4312.82,4006.15,4274.87,4118.46,4346.15,4620.51,4081.54,4643.08,4214.36,4247.18,4200.51,4281.03,4610.77,4367.69,1
4310.77,4003.59,4271.28,4120.51,4343.59,4618.46,4078.46,4636.92,4203.08,4235.9,4193.85,4280,4595.38,4366.67,1
4308.21,4007.69,4266.15,4124.62,4340,4616.41,4072.31,4627.18,4197.95,4231.79,4189.74,4282.05,4596.92,4365.13,1
4301.54,4004.62,4262.05,4112.82,4335.9,4612.82,4069.23,4625.13,4201.03,4234.36,4190.26,4276.41,4601.03,4361.54,1
4300,3996.41,4262.05,4105.13,4334.36,4604.62,4065.64,4627.18,4207.69,4240.51,4195.38,4276.41,4603.08,4367.18,1
4307.18,3996.92,4263.59,4108.21,4338.46,4608.21,4062.56,4627.18,4206.15,4243.08,4201.03,4286.15,4609.74,4377.44,1
4311.79,4005.64,4265.64,4109.74,4342.05,4616.92,4063.59,4625.13,4197.95,4243.59,4203.59,4289.23,4615.38,4377.95,1
4309.23,4008.72,4266.15,4110.26,4339.49,4611.79,4063.59,4618.46,4192.31,4241.54,4200.51,4283.59,4612.31,4371.79,1
4303.08,4002.56,4260.51,4108.21,4335.38,4603.59,4058.97,4613.85,4193.85,4236.92,4192.82,4277.95,4602.56,4365.64,1
4301.03,4000,4252.31,4105.13,4334.87,4608.21,4057.95,4621.54,4205.13,4236.41,4187.69,4271.79,4598.97,4360.51,1
4297.95,4000.51,4250.77,4107.18,4336.41,4613.85,4061.03,4628.72,4208.72,4240.51,4190.26,4269.23,4599.49,4357.95,1
4292.31,4000,4250.77,4105.64,4337.44,4609.74,4061.03,4625.64,4201.03,4242.05,4192.82,4271.28,4602.05,4360,1
4293.85,3995.9,4247.18,4101.03,4334.87,4606.67,4058.46,4626.67,4204.62,4241.54,4190.77,4271.79,4604.1,4361.54,1
4294.87,3991.79,4252.31,4103.08,4328.21,4608.72,4064.1,4636.41,4213.85,4238.97,4191.28,4271.28,4599.49,4355.38,1
4294.87,3994.87,4263.59,4110.77,4330.77,4612.82,4071.79,4635.38,4201.03,4232.31,4190.26,4275.9,4593.33,4356.41,1
4306.67,4002.56,4268.72,4117.44,4341.54,4612.31,4062.56,4620,4189.23,4233.85,4193.85,4286.67,4601.54,4372.82,1
4320,4006.67,4274.36,4122.56,4345.13,4612.82,4057.95,4616.41,4200,4243.59,4203.08,4297.44,4613.33,4384.62,1
4318.46,4006.67,4278.97,4123.59,4342.05,4614.87,4069.74,4624.1,4200,4244.62,4203.08,4293.85,4608.21,4375.9,1
4314.36,4006.15,4277.95,4123.08,4338.97,4611.28,4069.23,4621.03,4186.15,4231.79,4192.31,4281.54,4598.97,4366.67,1
4312.31,4003.08,4275.9,4122.56,4337.95,4607.18,4060.51,4616.92,4187.69,4226.15,4188.21,4280.51,4596.92,4368.21,1
4304.1,3995.9,4270.26,4115.38,4334.36,4610.26,4066.15,4623.59,4197.44,4230.26,4189.23,4284.1,4595.9,4367.18,1
4298.46,3989.23,4263.59,4108.21,4332.82,4612.31,4070.26,4624.1,4193.85,4227.69,4187.18,4280.51,4596.92,4365.64,1
4301.03,3992.82,4264.1,4112.31,4337.44,4612.31,4061.03,4620,4190.77,4227.18,4189.74,4279.49,4602.56,4370.26,1
4306.67,4004.62,4268.72,4120,4344.62,4615.9,4057.44,4622.56,4195.9,4235.9,4196.92,4283.08,4611.79,4373.85,1
4307.69,4009.74,4265.13,4123.59,4347.69,4616.41,4065.13,4625.13,4197.95,4238.97,4198.46,4280,4615.38,4369.74,1
4303.08,4006.15,4256.92,4122.05,4344.62,4612.82,4065.13,4619.49,4190.26,4234.87,4196.92,4269.74,4610.77,4363.59,1
4300,4002.56,4252.82,4116.92,4341.54,4607.18,4056.92,4611.79,4183.59,4232.82,4191.79,4265.13,4606.67,4363.59,1
4300.51,4003.08,4253.33,4111.28,4341.54,4603.59,4052.31,4611.79,4184.1,4228.72,4188.21,4269.23,4606.67,4367.18,1
4302.05,4002.56,4255.9,4110.77,4338.97,4605.13,4052.82,4615.38,4182.05,4225.13,4191.28,4273.33,4607.18,4368.21,1
4305.13,4001.03,4259.49,4116.41,4335.9,4606.15,4053.33,4617.44,4184.62,4228.21,4193.33,4273.85,4608.21,4366.15,1
4312.31,4004.62,4265.64,4121.54,4337.44,4603.08,4051.79,4613.33,4187.18,4227.18,4190.26,4271.28,4608.21,4367.18,1
4316.92,4011.28,4267.18,4123.08,4338.97,4600,4048.21,4602.05,4177.95,4223.59,4184.62,4270.77,4601.54,4367.69,1
4314.36,4009.23,4265.13,4123.08,4336.92,4602.05,4049.23,4598.46,4175.9,4223.59,4182.56,4271.79,4598.97,4364.1,1
4307.69,3998.46,4264.62,4117.95,4332.31,4603.59,4053.85,4610.77,4189.74,4224.62,4181.54,4273.85,4602.05,4361.03,1
4302.56,3996.92,4261.54,4109.23,4330.26,4600.51,4052.31,4619.49,4190.26,4225.64,4182.05,4273.33,4602.56,4361.54,1
4305.64,4004.62,4261.54,4112.31,4333.33,4597.95,4049.23,4607.69,4172.82,4224.62,4183.08,4272.82,4602.05,4363.08,1
4309.23,4006.67,4263.59,4122.56,4335.38,4601.54,4054.36,4598.97,4171.28,4217.44,4179.49,4271.28,4600,4362.05,1
4304.1,4001.03,4263.59,4117.95,4330.77,4606.15,4061.54,4609.23,4183.59,4211.28,4177.95,4266.15,4596.92,4360,1
4305.64,4001.03,4262.56,4112.82,4332.31,4605.64,4062.05,4614.87,4188.21,4220,4187.18,4269.74,4603.59,4366.67,1
4314.36,4003.59,4263.59,4115.9,4337.44,4604.62,4061.03,4610.26,4187.18,4229.23,4196.41,4279.49,4612.31,4374.87,1
4310.77,3999.49,4264.62,4114.36,4332.82,4605.13,4063.59,4613.33,4188.21,4224.62,4193.33,4279.49,4608.21,4373.33,1
4305.13,3998.97,4264.62,4114.36,4331.79,4607.18,4062.56,4618.97,4192.31,4221.03,4190.77,4273.85,4604.62,4369.74,1
4311.79,4007.18,4267.69,4123.08,4337.44,4606.67,4057.44,4614.36,4193.85,4226.67,4194.36,4273.33,4607.69,4370.26,1
4316.41,4009.74,4266.15,4124.1,4334.36,4603.08,4053.33,4609.74,4192.31,4229.74,4191.79,4272.31,4609.74,4367.69,1
4306.67,4002.56,4259.49,4116.41,4328.72,4605.64,4056.41,4614.36,4187.18,4223.59,4187.18,4265.64,4607.69,4362.05,1
4298.46,4001.03,4259.49,4116.92,4332.31,4611.28,4060,4622.05,4187.69,4220,4190.26,4264.62,4606.15,4365.64,1
4304.1,4007.18,4263.59,4123.08,4337.44,4606.67,4057.44,4621.54,4198.46,4229.23,4196.92,4274.36,4614.36,4372.82,1
4307.69,4009.23,4262.05,4123.08,4337.44,4599.49,4055.9,4616.92,4202.05,4236.92,4198.46,4281.03,4622.05,4369.23,1
4304.1,4005.64,4260,4121.54,4337.44,4603.08,4058.46,4617.44,4192.82,4230.26,4195.9,4273.85,4614.87,4361.03,1
4302.56,4004.1,4262.05,4122.56,4337.44,4605.64,4057.95,4612.82,4181.54,4220,4189.74,4265.13,4603.59,4360,1
4302.56,4003.08,4262.05,4123.08,4335.38,4601.03,4054.36,4601.03,4176.92,4215.38,4183.59,4266.15,4603.08,4360.51,1
4297.95,4000,4258.46,4119.49,4331.28,4603.59,4055.38,4605.13,4185.13,4212.82,4180.51,4268.21,4602.56,4355.38,1
4297.44,3997.44,4261.03,4118.97,4328.21,4607.18,4056.41,4616.92,4192.31,4215.9,4180.51,4268.21,4597.44,4355.38,1
4301.54,3996.92,4265.13,4118.97,4329.23,4602.56,4055.38,4614.87,4187.69,4220.51,4184.1,4269.74,4598.46,4363.08,1
4305.13,3998.97,4266.15,4120.51,4332.82,4606.15,4061.03,4613.85,4190.26,4222.05,4191.79,4271.79,4607.18,4370.26,1
4311.28,4002.56,4265.13,4123.59,4334.36,4615.38,4065.64,4621.03,4194.36,4225.13,4197.95,4275.9,4612.31,4371.28,1
4313.33,4002.05,4263.08,4123.59,4334.87,4611.79,4058.97,4617.44,4191.79,4228.21,4195.9,4275.9,4609.23,4369.74,1
4312.82,4003.08,4269.74,4127.18,4342.05,4605.13,4051.79,4611.79,4198.46,4235.38,4196.92,4276.92,4611.79,4373.33,1
4316.41,4008.72,4277.95,4134.87,4347.18,4607.18,4052.31,4613.33,4203.08,4243.08,4207.69,4283.08,4622.05,4377.95,1
4313.33,4008.72,4272.31,4132.31,4341.54,4607.69,4054.36,4614.87,4194.87,4238.97,4207.18,4280,4620,4370.26,1
4300,3999.49,4261.54,4120.51,4334.87,4607.18,4054.36,4612.82,4188.72,4227.69,4190.26,4270.26,4603.08,4355.9,1
4293.85,3993.33,4257.44,4116.92,4336.92,4612.82,4056.92,4612.82,4192.82,4222.05,4179.49,4264.1,4592.31,4349.23,1
4292.31,3988.72,4250.26,4119.49,4337.95,4616.41,4062.05,4621.03,4201.54,4221.54,4181.54,4259.49,4592.31,4349.23,1
4287.18,3987.69,4246.15,4119.49,4336.41,4617.95,4066.67,4632.31,4211.28,4229.23,4189.74,4261.54,4597.44,4352.31,1
4288.21,3995.38,4256.41,4121.54,4337.95,4617.95,4066.67,4632.82,4212.31,4242.05,4195.9,4271.79,4606.15,4355.9,1
4296.92,3997.95,4263.59,4124.62,4338.97,4614.36,4063.08,4626.15,4205.13,4245.64,4198.46,4277.44,4610.77,4357.44,1
4300.51,3996.92,4264.1,4126.15,4342.05,4614.36,4061.54,4626.67,4205.13,4241.03,4202.56,4280,4611.28,4361.54,1
4295.9,4000.51,4265.13,4126.15,4344.62,4617.44,4063.59,4629.74,4205.64,4234.87,4201.03,4280.51,4609.23,4360.51,1
4293.85,4001.03,4263.08,4124.1,4340.51,4618.46,4062.56,4621.54,4196.92,4226.67,4190.26,4271.28,4603.59,4351.28,1
4295.38,3997.44,4261.54,4127.69,4338.97,4616.92,4056.41,4615.38,4189.23,4222.05,4184.62,4264.62,4601.54,4348.21,1
4301.03,4000.51,4262.56,4131.28,4341.03,4610.26,4052.82,4618.97,4198.97,4225.13,4192.82,4270.77,4607.69,4357.95,1
4307.69,4006.67,4265.13,4128.72,4340,4603.08,4052.82,4622.05,4206.67,4234.87,4203.59,4276.41,4616.92,4368.72,1
4311.28,4011.79,4271.28,4132.31,4337.95,4602.05,4053.33,4619.49,4199.49,4241.03,4207.69,4278.97,4621.54,4372.82,1
4312.82,4015.38,4276.92,4139.49,4337.44,4604.1,4053.33,4620,4201.54,4237.95,4205.13,4282.05,4622.05,4370.77,1
4313.33,4011.79,4276.41,4138.97,4336.92,4608.21,4053.33,4620.51,4202.56,4233.33,4201.54,4280,4616.41,4368.72,1
4312.31,4008.72,4276.41,4137.95,4340.51,4614.36,4056.92,4618.46,4196.92,4236.41,4205.13,4276.92,4613.85,4373.33,1
4311.28,4009.23,4277.95,4141.03,4342.56,4613.33,4058.97,4622.05,4203.59,4241.03,4206.15,4278.46,4618.97,4375.9,1
4310.77,4004.62,4274.87,4135.9,4339.49,4610.26,4057.44,4626.67,4204.1,4235.9,4201.54,4277.44,4617.44,4370.77,1
4311.79,4004.62,4276.41,4134.87,4346.67,4615.9,4059.49,4627.69,4197.44,4233.85,4206.15,4277.44,4616.41,4376.41,1
4317.95,4014.87,4284.1,4142.05,4355.9,4619.49,4064.62,4629.23,4208.72,4245.64,4217.95,4288.72,4628.21,4384.62,1
4316.92,4015.38,4281.54,4140.51,4348.72,4616.92,4067.18,4631.28,4215.9,4250.26,4215.38,4292.31,4629.23,4372.82,1
4305.13,4007.18,4274.87,4134.87,4342.05,4616.41,4066.15,4631.79,4205.13,4242.05,4205.64,4283.08,4613.33,4363.08,1
4304.1,4009.74,4277.44,4136.92,4347.18,4616.92,4063.08,4624.62,4199.49,4238.97,4203.59,4280.51,4610.77,4369.23,1
4313.85,4017.44,4280,4140.51,4347.69,4612.82,4056.92,4618.46,4198.46,4238.46,4203.08,4285.13,4616.92,4370.26,1
4313.85,4017.95,4278.46,4139.49,4341.54,4605.13,4050.77,4618.97,4196.41,4233.33,4200,4282.56,4612.82,4364.62,1
4307.69,4018.46,4277.44,4138.97,4343.59,4604.1,4052.82,4617.44,4195.9,4233.33,4197.95,4278.46,4610.77,4368.21,1
4310.77,4022.05,4273.33,4140.51,4349.74,4612.31,4058.46,4617.44,4194.36,4237.44,4201.54,4281.54,4612.31,4371.79,1
4311.28,4023.08,4268.72,4138.46,4350.26,4616.92,4061.54,4623.08,4195.38,4233.85,4202.56,4281.54,4609.74,4366.67,1
4307.69,4023.08,4268.21,4134.87,4350.26,4615.38,4067.18,4621.54,4193.33,4227.18,4200,4280,4608.21,4365.64,1
4311.79,4027.18,4267.69,4135.9,4351.79,4618.46,4067.69,4610.26,4182.05,4229.23,4201.03,4283.08,4608.21,4369.23,1
4314.87,4029.74,4265.13,4137.44,4352.31,4620.51,4059.49,4606.67,4177.44,4230.77,4200.51,4280.51,4607.18,4367.69,1
4310.77,4027.69,4264.62,4130.77,4349.23,4614.87,4053.85,4610.77,4187.18,4225.64,4197.44,4270.26,4604.62,4364.1,1
4310.77,4024.1,4263.59,4122.56,4346.15,4612.82,4056.41,4613.33,4195.9,4224.1,4196.41,4268.21,4602.56,4365.13,1
4314.87,4024.1,4263.59,4121.54,4347.18,4617.95,4058.97,4617.95,4195.38,4228.72,4197.95,4277.95,4606.15,4367.18,1
4316.41,4027.69,4266.15,4122.56,4348.72,4620,4059.49,4622.05,4202.05,4232.82,4201.03,4282.56,4609.74,4369.74,1
4320.51,4030.26,4265.64,4121.54,4348.72,4618.46,4062.05,4627.18,4221.03,4242.05,4208.72,4278.46,4612.31,4372.82,1
4320,4029.23,4265.13,4120.51,4347.18,4617.95,4064.62,4632.31,4222.05,4252.31,4209.23,4276.41,4616.41,4369.23,1
4312.82,4025.64,4264.1,4121.03,4345.13,4622.05,4064.1,4632.82,4207.18,4251.28,4206.67,4276.41,4616.41,4368.72,1
4316.41,4024.1,4265.13,4120,4344.1,4618.97,4064.62,4630.26,4207.18,4245.64,4211.28,4278.46,4617.44,4378.46,1
4321.54,4021.54,4265.13,4114.36,4344.1,4607.69,4063.59,4627.18,4211.79,4242.05,4209.74,4282.56,4617.95,4378.46,1
4312.82,4015.9,4263.08,4110.26,4344.1,4608.21,4066.15,4621.54,4200.51,4238.46,4203.08,4282.05,4611.28,4365.64,1
4306.15,4014.36,4261.54,4109.23,4345.13,4615.38,4068.72,4616.41,4189.74,4234.87,4201.03,4276.41,4610.77,4362.56,1
4311.79,4019.49,4263.59,4112.82,4347.18,4614.87,4063.59,4614.87,4190.77,4234.36,4204.62,4279.49,4616.92,4370.77,1
4312.31,4016.92,4265.13,4116.92,4347.69,4615.38,4063.59,4620.51,4200,4237.44,4209.74,4287.69,4616.92,4372.82,1
4305.64,4010.77,4266.15,4113.33,4345.13,4620.51,4071.79,4629.23,4206.67,4239.49,4211.79,4288.72,4618.46,4371.79,1
4306.67,4014.87,4265.64,4110.77,4347.18,4620,4069.74,4632.82,4208.21,4240.51,4212.82,4287.69,4621.03,4368.72,1
4312.31,4021.54,4263.59,4118.46,4351.79,4615.9,4060.51,4628.72,4207.69,4242.56,4212.31,4287.18,4617.44,4368.21,1
4314.36,4023.08,4264.1,4124.62,4351.79,4614.36,4057.95,4622.05,4205.64,4245.13,4210.77,4285.13,4618.97,4373.85,1
4312.82,4026.15,4264.62,4120.51,4353.33,4614.36,4056.92,4623.08,4205.64,4247.18,4209.23,4283.08,4623.08,4373.85,1
4308.21,4027.69,4262.56,4116.92,4356.92,4615.9,4055.38,4626.67,4209.74,4251.79,4207.69,4279.49,4621.54,4368.21,1
4302.56,4024.1,4263.08,4120,4355.9,4617.95,4057.95,4625.64,4210.77,4254.87,4207.18,4277.44,4623.59,4366.67,1
4296.92,4020,4259.49,4117.95,4352.31,4617.95,4064.1,4622.05,4203.08,4247.18,4206.15,4272.82,4620.51,4361.54,1
4295.9,4021.03,4249.23,4113.85,4351.28,4617.44,4067.18,4618.97,4195.38,4235.9,4202.56,4267.18,4611.28,4357.44,1
4302.56,4026.67,4251.28,4117.44,4355.38,4617.44,4065.13,4619.49,4195.38,4238.46,4205.13,4269.23,4614.36,4363.59,1
4309.23,4028.21,4262.56,4123.08,4359.49,4618.46,4065.64,4624.1,4201.03,4251.79,4212.82,4279.49,4624.1,4372.82,1
4308.72,4022.05,4264.1,4123.08,4353.85,4619.49,4069.23,4627.69,4204.1,4254.36,4213.85,4284.1,4626.15,4377.44,1
4309.23,4015.38,4261.03,4116.41,4343.59,4612.31,4067.18,4624.1,4206.15,4246.15,4211.28,4280.51,4626.67,4380,1
4314.87,4009.74,4265.64,4110.77,4343.08,4604.62,4062.56,4623.08,4209.23,4244.62,4212.82,4283.08,4627.69,4385.64,1
4314.36,4004.1,4267.69,4109.23,4345.64,4609.23,4064.62,4624.1,4200.51,4244.1,4212.31,4290.26,4617.95,4385.13,1
4307.18,4004.1,4264.62,4108.72,4344.62,4616.92,4071.28,4623.08,4191.79,4235.9,4204.62,4287.69,4607.18,4377.44,1
4309.23,4009.23,4268.72,4108.72,4347.69,4616.41,4072.82,4625.13,4199.49,4233.33,4201.03,4284.62,4608.21,4376.41,1
4314.36,4013.85,4273.85,4115.38,4350.77,4608.72,4067.18,4627.18,4203.08,4239.49,4206.67,4290.77,4610.26,4382.05,1
4313.85,4018.97,4270.77,4123.08,4352.31,4604.1,4059.49,4622.05,4191.79,4241.54,4211.28,4293.33,4611.28,4385.13,1
4310.77,4019.49,4266.67,4120,4355.38,4609.23,4058.46,4613.85,4183.08,4235.38,4208.21,4288.72,4616.92,4381.54,1
4305.64,4015.9,4263.59,4117.95,4356.41,4611.79,4056.92,4611.79,4183.08,4229.23,4198.97,4281.03,4610.77,4370.77,1
4298.46,4017.44,4258.46,4121.03,4349.74,4604.1,4046.15,4607.69,4183.08,4223.59,4188.72,4275.9,4594.87,4356.41,1
4293.85,4017.44,4259.49,4121.54,4347.18,4604.62,4043.59,4605.13,4187.18,4220.51,4183.08,4270.26,4589.74,4351.28,1
4295.9,4012.31,4262.56,4120,4355.38,4614.36,4053.85,4612.31,4196.92,4231.79,4189.23,4268.21,4597.44,4355.38,1
4295.38,4009.74,4252.31,4117.44,4359.49,4615.9,4058.46,4615.38,4197.44,4237.95,4193.85,4269.23,4601.54,4352.82,1
4285.64,4006.67,4243.08,4116.41,4352.31,4613.33,4054.36,4612.82,4189.74,4227.18,4186.15,4266.67,4594.87,4344.62,1
4285.64,4006.15,4253.33,4119.49,4351.28,4613.33,4052.31,4615.38,4187.69,4224.1,4186.15,4264.1,4589.74,4348.72,1
4298.97,4013.33,4266.15,4124.62,4356.41,4613.33,4053.85,4615.38,4192.31,4232.82,4196.41,4270.26,4598.46,4360.51,1
4298.97,4014.36,4265.13,4122.56,4352.82,4613.33,4055.38,4609.74,4185.64,4230.26,4196.41,4275.9,4599.49,4356.92,1
4285.13,4002.05,4257.44,4115.9,4344.1,4609.23,4052.31,4603.59,4172.31,4216.41,4182.56,4267.18,4584.1,4346.15,1
4287.69,4002.56,4257.44,4119.49,4348.72,4600.51,4045.64,4596.41,4173.33,4215.38,4178.46,4261.54,4584.1,4350.77,1
4294.87,4013.33,4261.54,4125.64,4357.95,4602.56,4045.13,4596.41,4189.23,4224.62,4188.21,4267.18,4596.92,4355.9,1
4286.15,4009.74,4260.51,4121.54,4353.33,4613.85,4050.77,4607.18,4191.79,4227.69,4190.26,4267.69,4590.77,4347.69,1
4278.97,4000.51,4256.92,4114.36,4346.67,4613.85,4049.23,4607.69,4183.08,4222.56,4185.64,4265.13,4584.1,4343.08,1
4283.08,4001.03,4258.46,4116.41,4349.74,4604.62,4046.15,4602.05,4184.62,4222.05,4186.15,4265.64,4589.74,4349.23,1
4283.08,4000.51,4263.08,4116.92,4350.26,4604.62,4049.23,4609.23,4188.21,4227.18,4188.21,4265.64,4590.77,4348.21,1
4276.92,3994.36,4259.49,4110.77,4347.69,4612.31,4049.74,4616.92,4186.67,4226.15,4187.18,4265.13,4587.69,4341.03,1
4271.79,3992.31,4251.28,4106.15,4348.72,4616.92,4050.26,4617.44,4191.28,4223.59,4185.64,4263.59,4586.67,4335.38,1
4265.13,3989.74,4245.64,4103.08,4346.15,4615.9,4054.87,4616.92,4194.87,4220.51,4180,4254.87,4578.46,4327.18,1
4263.08,3989.23,4246.15,4106.67,4345.64,4616.41,4056.41,4610.26,4185.64,4215.9,4173.85,4251.28,4573.33,4327.18,1
4271.79,4000.51,4255.38,4118.46,4353.85,4614.87,4052.82,4602.05,4180.51,4218.46,4180,4260.51,4584.1,4339.49,1
4283.08,4011.28,4264.62,4125.13,4357.95,4608.72,4049.74,4601.03,4184.62,4226.15,4187.69,4267.18,4592.31,4346.15,1
4287.18,4012.82,4264.62,4126.67,4355.9,4608.21,4047.69,4605.64,4188.21,4223.59,4184.1,4264.62,4589.74,4341.03,1
4286.67,4013.85,4261.54,4129.23,4360,4615.9,4049.74,4615.38,4196.92,4224.1,4183.08,4263.59,4591.79,4342.56,1
4287.18,4017.44,4263.59,4133.33,4363.08,4618.97,4054.87,4620.51,4200,4236.41,4189.23,4269.23,4595.38,4348.72,1
4285.13,4012.82,4264.1,4131.79,4356.41,4615.9,4056.92,4618.46,4195.38,4233.85,4187.18,4272.82,4589.74,4344.1,1
4282.05,4007.18,4262.05,4123.59,4351.28,4616.41,4057.95,4621.54,4197.95,4222.56,4178.46,4267.69,4584.62,4337.44,1
4278.46,4003.59,4263.08,4118.46,4350.26,4620,4058.46,4624.1,4193.33,4223.59,4178.46,4265.13,4589.23,4341.03,1
4280,4002.05,4262.05,4120.51,4347.18,4616.92,4052.82,4612.31,4178.97,4225.13,4182.56,4271.79,4595.38,4349.23,1
4290.26,4005.64,4264.62,4124.62,4345.64,4606.15,4045.64,4602.05,4182.05,4223.59,4189.74,4278.97,4599.49,4359.49,1
4298.46,4008.72,4275.38,4126.15,4348.72,4602.05,4046.15,4605.13,4193.85,4228.21,4196.92,4283.59,4603.59,4364.62,1
4293.85,4005.13,4274.87,4127.18,4349.23,4607.69,4050.77,4611.79,4190.77,4231.28,4195.38,4285.64,4604.62,4360.51,1
4286.67,3998.46,4262.56,4123.59,4344.62,4610.77,4053.85,4615.38,4193.33,4230.26,4192.82,4281.54,4602.05,4352.31,1
4288.21,3997.44,4260.51,4118.46,4345.64,4609.23,4053.85,4618.97,4205.64,4230.26,4195.38,4275.38,4600.51,4351.28,1
4288.21,4001.54,4263.59,4121.54,4348.21,4611.28,4055.38,4621.03,4207.18,4233.85,4199.49,4277.44,4604.1,4355.9,1
4286.67,4003.59,4264.1,4123.59,4347.18,4616.41,4062.05,4623.08,4203.59,4237.44,4200,4279.49,4606.15,4354.36,1
4284.62,4000.51,4261.03,4121.54,4343.08,4616.92,4064.1,4627.69,4205.64,4237.44,4191.79,4272.31,4601.54,4343.08,1
4278.97,3996.92,4253.33,4120.51,4342.05,4615.38,4059.49,4627.18,4210.77,4231.79,4186.67,4264.62,4594.87,4337.95,1
4277.95,4000.51,4252.31,4122.05,4347.18,4616.92,4062.05,4618.46,4205.64,4234.87,4191.79,4264.1,4592.82,4343.59,1
4283.59,4005.64,4261.54,4122.56,4353.33,4621.03,4064.62,4617.44,4203.59,4249.23,4193.85,4268.21,4597.44,4348.72,1
4284.62,4004.1,4263.59,4126.67,4351.79,4615.9,4055.9,4622.05,4211.79,4253.33,4193.33,4272.31,4601.54,4346.15,1
4278.97,4001.03,4260.51,4131.28,4345.64,4608.21,4051.79,4619.49,4206.15,4243.59,4195.38,4272.31,4596.92,4342.56,1
4284.1,4003.08,4265.13,4133.33,4345.13,4611.79,4055.9,4616.92,4191.79,4234.87,4192.82,4272.31,4592.82,4346.15,1
4291.79,4006.67,4268.72,4132.82,4347.18,4617.95,4055.38,4620,4192.82,4230.26,4187.18,4274.87,4593.33,4347.69,1
4288.21,4005.13,4267.18,4130.26,4345.13,4614.36,4052.31,4619.49,4201.03,4230.77,4187.18,4272.82,4592.31,4344.1,1
4284.1,4002.05,4264.62,4132.31,4343.59,4610.77,4056.41,4620.51,4206.67,4234.36,4188.72,4270.26,4592.82,4343.08,1
4289.74,4006.67,4265.13,4137.95,4345.13,4615.9,4060,4628.21,4207.18,4236.92,4190.77,4274.87,4594.87,4346.15,1
4291.28,4010.26,4268.21,4139.49,4345.13,4617.95,4054.36,4625.13,4199.49,4234.36,4189.74,4280,4590.26,4344.1,1
4281.54,4003.08,4265.64,4134.36,4342.56,4614.36,4051.28,4616.92,4191.79,4229.74,4181.03,4274.87,4582.56,4335.9,1
4281.54,4001.54,4261.54,4134.87,4346.15,4616.92,4055.38,4620,4196.92,4231.79,4181.54,4271.28,4587.18,4338.46,1
4289.74,4007.18,4263.59,4138.46,4349.74,4619.49,4054.36,4617.44,4196.41,4235.9,4192.31,4273.33,4594.87,4349.23,1
4291.79,4006.15,4268.72,4138.46,4348.72,4614.87,4049.74,4604.62,4186.15,4232.31,4194.36,4274.87,4597.44,4351.79,1
4294.36,4003.59,4270.26,4139.49,4346.67,4611.28,4049.23,4607.69,4188.21,4228.21,4193.85,4278.97,4601.54,4350.26,1
4296.92,4005.64,4266.67,4139.49,4345.64,4614.87,4052.31,4618.97,4195.9,4230.77,4196.41,4281.03,4601.54,4349.23,1
4289.74,4001.03,4263.08,4137.44,4342.56,4617.95,4055.38,4619.49,4197.95,4231.79,4193.33,4273.85,4593.33,4342.05,1
4279.49,3994.87,4261.54,4134.87,4340,4616.41,4055.9,4617.95,4197.95,4229.74,4188.72,4269.74,4589.74,4335.9,1
4277.44,3999.49,4261.03,4135.9,4344.62,4613.33,4052.31,4617.95,4201.03,4234.87,4193.33,4273.85,4597.44,4344.1,1
4282.56,4001.54,4261.54,4138.46,4350.26,4618.97,4050.26,4622.05,4205.13,4238.46,4194.87,4271.28,4596.92,4346.67,1
4286.15,3997.44,4262.56,4135.9,4349.23,4625.13,4054.36,4632.31,4209.23,4233.33,4190.77,4268.72,4589.74,4338.97,1
4286.15,4001.03,4263.59,4132.82,4346.15,4621.54,4052.82,4632.82,4208.21,4230.77,4192.82,4278.46,4593.85,4344.1,1
4288.72,4005.64,4264.62,4136.41,4343.59,4614.87,4042.56,4620,4192.31,4235.38,4197.44,4282.56,4599.49,4352.82,1
4294.36,4003.08,4263.59,4136.41,4340.51,4610.26,4039.49,4612.31,4181.03,4229.74,4197.44,4276.41,4596.41,4348.21,1
4297.44,4003.59,4261.54,4128.72,4342.56,4606.67,4043.08,4612.31,4186.15,4223.59,4200.51,4279.49,4598.46,4351.28,1
4299.49,4007.18,4263.59,4127.18,4345.64,4606.67,4048.72,4616.41,4197.44,4233.85,4208.21,4289.23,4609.74,4361.03,1
4298.46,4001.54,4262.56,4125.13,4342.05,4610.26,4053.33,4621.03,4200,4241.54,4209.74,4289.74,4609.23,4356.92,1
4292.31,3994.36,4253.85,4116.41,4339.49,4611.79,4049.23,4615.9,4194.87,4234.87,4203.08,4283.08,4600.51,4346.67,1
4290.26,3994.36,4247.69,4112.31,4340,4610.77,4042.56,4609.23,4191.28,4227.18,4196.41,4276.92,4597.44,4344.1,1
4294.36,3997.95,4247.18,4115.9,4341.54,4613.33,4048.21,4609.74,4188.21,4221.54,4191.28,4270.26,4592.31,4345.64,1
4293.85,4000,4248.72,4114.87,4345.64,4616.92,4056.41,4615.38,4190.26,4219.49,4190.26,4266.15,4589.23,4347.69,1
4286.67,3995.9,4243.59,4109.74,4344.1,4614.87,4055.9,4620,4200.51,4226.67,4193.85,4267.69,4592.82,4346.67,1
4281.03,3992.82,4234.87,4107.18,4341.54,4613.85,4050.77,4621.03,4198.97,4233.85,4195.38,4268.72,4592.82,4340.51,1
4280,3992.82,4230.26,4106.15,4340.51,4613.85,4044.1,4614.36,4181.03,4229.23,4190.26,4260.51,4587.69,4333.85,1
4279.49,3992.82,4230.26,4104.62,4335.9,4605.13,4038.97,4603.59,4173.85,4221.54,4186.15,4254.36,4586.67,4335.38,1
4282.05,3994.36,4234.36,4105.64,4333.85,4601.03,4040,4602.05,4189.23,4222.56,4192.82,4262.56,4592.31,4345.13,1
4289.23,3999.49,4240.51,4110.26,4336.92,4606.67,4045.13,4612.31,4202.05,4230.26,4198.97,4272.82,4596.92,4352.82,1
4290.77,4004.62,4245.13,4111.28,4335.9,4608.21,4046.67,4617.44,4193.33,4234.36,4197.95,4270.77,4594.87,4351.28,1
4287.69,4003.08,4246.15,4108.21,4335.9,4608.21,4046.15,4612.31,4187.69,4230.77,4198.46,4267.69,4592.82,4349.23,1
4292.82,4002.56,4248.72,4107.69,4340.51,4615.38,4050.26,4620.51,4203.08,4232.31,4204.62,4274.36,4600.51,4354.36,1
4298.97,4005.64,4252.31,4115.38,4343.59,4616.92,4054.87,4629.23,4208.72,4237.44,4211.28,4282.56,4609.23,4358.46,1
4297.95,4004.62,4250.26,4119.49,4342.56,4615.38,4056.92,4622.05,4197.44,4235.9,4211.79,4282.05,4604.62,4355.38,1
4296.92,4001.54,4248.21,4114.36,4342.05,4617.44,4056.41,4616.41,4199.49,4233.33,4205.64,4274.36,4596.41,4350.77,1
4295.38,4006.15,4252.82,4116.41,4345.13,4617.44,4053.85,4614.87,4205.13,4234.36,4200,4272.31,4597.44,4348.21,1
4293.33,4006.67,4254.87,4120.51,4342.56,4616.41,4050.77,4612.31,4191.79,4231.28,4197.95,4274.36,4598.46,4347.69,1
4294.87,3994.87,4248.72,4111.28,4333.85,4616.92,4050.77,4617.44,4191.28,4227.69,4195.38,4273.33,4593.33,4347.69,1
4295.38,3992.82,4248.72,4107.18,4331.28,4614.87,4052.31,4625.64,4205.64,4230.26,4199.49,4275.38,4597.95,4352.31,1
4297.95,4002.56,4261.03,4116.41,4339.49,4614.36,4054.36,4628.21,4209.23,4235.9,4209.23,4284.1,4609.23,4360.51,1
4301.03,4004.62,4266.15,4121.03,4343.59,4621.54,4061.54,4632.82,4211.79,4240,4208.72,4282.56,4607.69,4357.44,1
4295.9,4000,4255.38,4118.46,4343.08,4626.15,4065.13,4632.31,4206.67,4233.85,4198.97,4272.82,4595.9,4346.67,1
4291.28,4002.05,4248.21,4117.95,4343.59,4620.51,4064.62,4617.95,4187.18,4225.13,4194.36,4270.26,4591.28,4343.08,1
4289.74,4000.51,4248.72,4112.31,4344.1,4615.9,4066.15,4610.77,4181.03,4225.13,4192.31,4267.69,4592.82,4341.03,1
4286.15,3993.33,4247.69,4108.72,4342.56,4618.97,4062.05,4613.33,4191.28,4223.08,4185.13,4260,4588.72,4335.38,1
4287.18,3995.38,4250.26,4115.9,4337.95,4614.36,4051.28,4611.28,4190.77,4218.46,4183.08,4257.44,4583.59,4336.92,1
4294.36,4003.08,4260,4122.56,4336.41,4605.64,4048.72,4605.13,4184.62,4222.56,4191.79,4266.67,4589.74,4349.23,1
4304.1,4007.69,4266.15,4125.13,4340.51,4609.23,4052.82,4609.74,4191.79,4231.79,4206.15,4280,4604.1,4365.13,1
4313.33,4010.77,4270.26,4128.21,4344.62,4616.92,4053.85,4620,4203.08,4241.54,4217.44,4288.72,4616.41,4372.31,1
4319.49,4013.85,4276.41,4127.69,4344.62,4614.87,4053.85,4629.74,4222.56,4255.9,4224.62,4292.82,4623.08,4373.85,1
4323.08,4015.9,4282.05,4128.72,4342.56,4612.31,4056.92,4637.95,4233.85,4265.13,4227.18,4298.97,4625.64,4377.44,1
4322.56,4016.92,4280,4131.79,4341.54,4616.41,4062.56,4638.46,4216.92,4258.46,4222.05,4298.97,4623.08,4375.38,1
4312.31,4012.31,4270.26,4127.18,4342.56,4618.46,4064.1,4632.31,4201.03,4248.72,4217.44,4287.18,4618.97,4367.18,1
4305.64,4006.15,4263.59,4120.51,4343.59,4619.49,4062.56,4628.72,4206.67,4247.18,4220.51,4283.08,4616.41,4365.64,1
4308.21,4008.21,4267.18,4123.59,4347.69,4623.59,4065.64,4631.28,4210.77,4245.64,4219.49,4286.67,4612.31,4364.62,1
4301.54,4007.18,4266.67,4123.08,4351.79,4625.13,4069.23,4628.21,4203.59,4236.41,4209.23,4283.08,4605.13,4355.9,1
4293.33,4000.51,4258.46,4123.08,4353.33,4623.08,4069.23,4622.56,4202.56,4234.36,4207.18,4280.51,4602.05,4355.38,1
4302.56,4004.62,4264.62,4133.33,4356.92,4624.62,4069.23,4629.23,4209.23,4245.13,4217.95,4286.67,4612.31,4366.67,1
4314.87,4016.92,4279.49,4140.51,4359.49,4628.72,4069.74,4639.49,4216.92,4250.26,4223.08,4293.85,4622.05,4373.33,1
4314.87,4016.41,4283.08,4138.97,4356.41,4624.62,4070.26,4638.97,4219.49,4251.79,4221.03,4297.44,4620,4371.28,1
4312.82,4011.28,4280.51,4137.44,4351.28,4623.08,4071.79,4633.85,4215.38,4249.74,4221.03,4296.41,4615.38,4369.74,1
4315.9,4012.31,4280,4135.9,4350.26,4628.21,4073.33,4641.03,4220,4246.67,4222.05,4294.87,4614.36,4373.33,1
4317.95,4011.79,4281.03,4135.38,4350.77,4627.18,4071.28,4643.08,4222.05,4248.72,4223.08,4298.46,4617.44,4376.92,1
4318.46,4009.74,4281.54,4136.41,4350.26,4622.56,4068.21,4631.28,4210.77,4249.74,4223.08,4297.44,4621.03,4373.85,1
4315.38,4009.74,4276.92,4134.87,4348.21,4622.05,4065.64,4622.56,4201.03,4242.56,4219.49,4287.18,4615.9,4366.67,1
4307.18,4007.69,4268.72,4134.87,4351.79,4621.54,4061.54,4624.1,4202.05,4238.97,4215.38,4282.56,4611.28,4362.56,1
4300.51,4006.15,4264.1,4134.87,4356.92,4621.54,4057.44,4627.18,4207.18,4240.51,4210.77,4278.97,4611.28,4358.97,1
4298.97,4006.67,4258.46,4126.15,4354.87,4624.1,4055.9,4625.64,4208.72,4237.44,4207.69,4272.31,4608.72,4358.46,1
4295.38,4003.59,4254.87,4123.08,4354.87,4627.18,4057.95,4623.59,4209.74,4237.44,4207.69,4272.31,4605.13,4358.97,1
4291.28,4000.51,4258.97,4132.31,4357.44,4629.23,4062.56,4623.08,4205.13,4235.9,4201.54,4276.41,4601.54,4353.85,1
4294.87,4008.21,4264.62,4138.46,4357.95,4631.28,4068.21,4629.74,4209.23,4232.82,4200.51,4278.46,4600,4357.44,1
4305.64,4016.92,4270.77,4139.49,4360,4631.79,4070.77,4638.97,4220.51,4239.49,4214.87,4285.13,4605.64,4369.23,1
4309.74,4015.9,4274.36,4138.46,4359.49,4630.77,4071.28,4635.38,4214.87,4242.56,4221.54,4289.74,4610.77,4369.74,1
4302.56,4008.72,4265.13,4132.82,4350.77,4628.72,4075.38,4631.28,4205.13,4240,4210.77,4283.59,4606.15,4361.03,1
4296.41,4005.13,4259.49,4130.26,4345.13,4627.69,4080.51,4637.95,4207.18,4243.08,4208.21,4278.97,4603.08,4360.51,1
4304.62,4009.23,4272.82,4136.41,4350.26,4628.72,4078.97,4639.49,4212.31,4243.08,4218.46,4287.69,4611.28,4370.77,1
4313.85,4011.79,4284.1,4142.05,4352.31,4626.67,4076.41,4637.44,4217.44,4238.97,4221.03,4294.36,4615.38,4373.33,1
4311.28,4010.77,4282.05,4141.03,4349.23,4624.62,4076.92,4644.62,4224.1,4245.13,4215.38,4290.26,4609.74,4364.62,1
4303.08,4005.64,4278.97,4136.92,4351.79,4625.64,4071.79,4645.64,4218.46,4247.18,4211.28,4287.69,4601.54,4356.92,1
4296.41,3999.49,4276.92,4135.38,4354.87,4625.13,4064.62,4632.82,4206.67,4234.36,4210.77,4287.69,4596.41,4358.46,1
4296.92,3998.46,4276.41,4137.44,4352.31,4617.95,4059.49,4624.1,4201.54,4229.74,4209.23,4287.69,4595.38,4364.1,1
4305.13,4003.08,4280,4137.95,4354.36,4617.44,4056.41,4619.49,4194.87,4229.23,4208.21,4289.23,4598.46,4364.1,1
4304.62,4006.15,4277.44,4136.41,4358.97,4627.18,4057.44,4616.41,4191.79,4222.56,4204.1,4284.62,4597.95,4355.9,1
4295.38,4005.13,4265.13,4138.46,4357.95,4630.26,4056.92,4617.44,4195.9,4221.03,4198.46,4275.38,4592.31,4350.77,1
4296.92,4006.67,4264.62,4138.97,4354.36,4624.62,4052.31,4621.54,4202.05,4227.69,4201.03,4275.38,4594.87,4356.92,1
4308.72,4010.26,4276.92,4140.51,4352.31,4625.13,4056.41,4629.23,4210.77,4233.85,4210.77,4285.64,4604.62,4366.67,1
4313.85,4013.33,4283.59,4143.59,4351.28,4626.15,4065.13,4637.95,4215.38,4240.51,4220.51,4297.95,4611.79,4377.44,1
4315.9,4012.31,4284.1,4143.08,4349.74,4620,4065.13,4641.03,4218.97,4251.28,4229.23,4306.67,4621.54,4385.64,1
4317.44,4008.72,4284.62,4141.54,4347.18,4617.44,4067.18,4639.49,4221.54,4255.38,4233.85,4305.13,4625.13,4378.46,1
4310.26,4008.72,4280.51,4141.54,4348.21,4623.59,4073.33,4640.51,4212.31,4249.23,4227.18,4295.9,4613.33,4363.08,1
4301.54,4006.67,4277.44,4138.46,4353.33,4625.13,4067.18,4638.97,4208.72,4241.54,4217.44,4290.26,4604.1,4360,1
4298.97,3997.44,4275.9,4136.41,4351.79,4625.64,4061.03,4635.38,4216.41,4243.08,4213.85,4290.26,4606.15,4358.97,1
4294.36,3989.23,4267.18,4133.33,4345.64,4629.74,4065.13,4635.38,4214.87,4242.56,4209.74,4284.1,4597.95,4348.21,1
4288.72,3988.72,4261.54,4127.18,4344.62,4630.26,4063.08,4637.95,4212.31,4236.41,4203.08,4275.9,4586.67,4345.13,1
4291.79,3991.79,4269.74,4130.26,4349.23,4627.18,4056.92,4639.49,4219.49,4242.05,4204.62,4281.54,4592.31,4356.41,1
4299.49,3994.87,4277.44,4138.97,4352.31,4628.72,4059.49,4642.56,4220,4253.85,4217.44,4297.44,4606.15,4367.69,1
4304.62,3997.44,4277.44,4137.95,4349.23,4630.26,4061.03,4643.59,4214.36,4251.79,4221.54,4297.44,4607.69,4368.21,1
4303.08,3998.97,4275.38,4134.87,4345.13,4629.74,4063.59,4644.62,4213.33,4243.08,4214.36,4290.26,4603.08,4363.59,1
4300,4000,4275.9,4138.46,4344.62,4631.28,4067.18,4645.13,4209.23,4245.13,4216.92,4294.87,4603.08,4362.05,1
4301.54,3998.46,4277.44,4138.97,4343.59,4628.72,4064.62,4639.49,4208.72,4249.74,4221.03,4297.95,4606.15,4360.51,1
4301.03,3996.92,4277.44,4135.9,4343.08,4622.56,4061.03,4632.31,4217.44,4248.21,4218.46,4291.28,4606.15,4360.51,1
4298.97,4000,4277.44,4135.38,4342.05,4621.54,4061.03,4631.28,4221.54,4251.79,4221.54,4290.26,4608.21,4363.59,1
4302.05,4000,4277.95,4136.92,4338.97,4621.03,4056.92,4632.31,4216.41,4257.95,4227.69,4296.41,4612.82,4365.13,1
4298.97,3994.87,4272.82,4135.38,4335.38,4616.92,4048.21,4629.23,4212.31,4252.82,4218.46,4292.31,4605.64,4356.92,1
4283.59,3984.1,4263.59,4126.67,4332.31,4613.33,4042.05,4620.51,4197.44,4235.38,4202.05,4279.49,4588.21,4339.49,1
4276.92,3974.87,4258.97,4121.54,4327.69,4611.28,4040.51,4611.28,4180.51,4218.97,4191.79,4269.74,4579.49,4329.74,1
4278.97,3974.36,4258.46,4122.56,4327.18,4612.31,4043.08,4610.26,4180.51,4211.28,4188.72,4268.72,4575.38,4330.77,1
4274.36,3973.85,4258.46,4120.51,4331.79,4615.9,4049.23,4617.95,4188.21,4207.18,4188.21,4269.23,4567.18,4329.23,1
4275.38,3972.82,4263.08,4124.1,4335.9,4618.46,4053.85,4623.59,4194.87,4210.77,4188.72,4269.23,4568.72,4331.28,1
4285.13,3982.05,4264.1,4135.9,4335.38,4617.44,4053.33,4625.64,4198.46,4221.54,4192.31,4273.85,4580,4342.05,1
4288.21,3989.23,4262.56,4137.44,4332.82,4614.36,4051.79,4629.23,4202.56,4226.67,4197.95,4281.03,4583.59,4348.72,1
4285.64,3983.08,4263.59,4133.85,4332.82,4610.26,4049.23,4626.67,4201.54,4229.74,4204.62,4284.1,4585.64,4347.18,1
4285.13,3978.97,4262.56,4132.82,4334.87,4610.26,4046.15,4623.08,4199.49,4236.92,4207.69,4281.03,4590.77,4347.18,1
4285.13,3982.05,4260,4128.21,4336.92,4614.36,4049.23,4630.77,4206.67,4241.03,4209.74,4280.51,4594.87,4347.69,1
4282.05,3982.05,4263.08,4127.69,4338.46,4617.95,4058.97,4637.95,4215.38,4241.03,4214.87,4285.64,4597.44,4338.97,1
4277.95,3978.97,4263.59,4125.64,4336.92,4620,4065.64,4635.9,4213.33,4244.1,4215.38,4284.62,4597.95,4333.85,1
4276.41,3972.82,4254.36,4116.92,4332.31,4618.97,4061.03,4632.82,4205.13,4242.05,4209.23,4272.82,4593.85,4340.51,1
4274.87,3970.77,4247.69,4114.87,4330.77,4610.26,4054.36,4623.59,4202.05,4233.33,4202.56,4265.64,4587.69,4341.03,1
4271.28,3972.31,4247.18,4117.44,4333.33,4604.62,4055.9,4613.33,4187.69,4226.15,4198.97,4269.23,4581.54,4328.72,1
4264.62,3965.13,4244.1,4109.23,4329.23,4607.69,4056.92,4609.23,4169.74,4218.46,4188.21,4265.13,4572.82,4319.49,1
4260,3954.87,4242.05,4100,4321.54,4604.62,4050.77,4609.74,4174.36,4209.23,4180.51,4258.46,4563.59,4320,1
4263.08,3957.95,4244.1,4096.92,4322.56,4600,4048.21,4613.33,4188.21,4205.64,4183.59,4262.05,4560.51,4322.56,1
4268.72,3968.72,4245.64,4101.03,4328.72,4604.62,4050.77,4618.97,4190.26,4209.23,4190.26,4268.21,4564.1,4325.64,1
4271.79,3972.31,4243.59,4106.67,4327.69,4609.74,4050.26,4621.54,4188.21,4215.9,4192.31,4268.72,4570.26,4326.15,1
4272.82,3969.74,4243.08,4101.03,4325.13,4612.31,4053.33,4625.13,4187.18,4217.44,4192.31,4266.67,4570.77,4325.64,1
4276.92,3972.82,4246.67,4097.95,4329.74,4615.9,4061.03,4631.79,4187.18,4220,4197.95,4272.31,4575.38,4333.33,1
4282.56,3980,4250.26,4106.67,4336.41,4614.87,4062.05,4629.23,4189.23,4232.82,4207.18,4283.08,4586.67,4343.08,1
4283.59,3978.46,4248.72,4108.21,4334.36,4612.82,4062.05,4620,4182.05,4235.9,4210.26,4282.56,4588.72,4342.05,1
4280.51,3972.82,4245.13,4102.56,4329.23,4610.26,4064.62,4618.46,4171.79,4224.1,4203.59,4270.77,4581.54,4337.95,1
4279.49,3976.41,4247.18,4106.15,4331.79,4604.62,4058.46,4618.97,4172.82,4223.59,4198.97,4269.74,4582.05,4341.03,1
4282.56,3978.97,4248.72,4108.21,4333.33,4605.64,4050.77,4616.41,4179.49,4230.77,4199.49,4269.74,4587.18,4343.08,1
4278.46,3973.85,4237.95,4101.03,4328.72,4611.79,4052.82,4621.03,4183.59,4226.67,4196.41,4258.46,4582.05,4336.92,1
4270.77,3972.31,4231.79,4094.87,4328.21,4609.74,4053.85,4624.1,4181.54,4222.56,4193.33,4254.87,4576.92,4332.82,1
4272.82,3974.36,4241.03,4094.87,4329.23,4605.13,4054.36,4619.49,4183.08,4224.62,4196.92,4265.13,4579.49,4337.44,1
4280,3972.82,4248.72,4100.51,4328.21,4608.21,4062.05,4624.1,4189.74,4228.21,4202.56,4273.33,4582.56,4341.03,1
4283.59,3975.38,4251.28,4106.15,4330.26,4611.28,4067.69,4632.31,4188.21,4229.23,4205.13,4273.85,4586.67,4343.59,1
4286.15,3982.56,4253.33,4107.69,4332.31,4606.15,4061.03,4624.62,4176.41,4225.13,4204.62,4274.36,4589.74,4350.77,1
4290.26,3989.23,4256.41,4110.26,4334.87,4604.62,4055.9,4614.87,4173.33,4220.51,4207.18,4276.92,4593.85,4356.92,1
4294.87,3995.38,4260,4120.51,4340.51,4608.72,4058.97,4617.95,4181.54,4227.18,4211.28,4282.05,4598.46,4357.44,1
4298.46,3996.41,4258.46,4125.13,4341.03,4609.23,4060.51,4620,4188.21,4235.9,4214.36,4283.59,4597.95,4357.95,1
4294.36,3989.74,4250.77,4114.87,4334.87,4609.74,4062.56,4622.56,4190.26,4231.28,4213.33,4280,4593.33,4356.41,1
4286.67,3984.62,4250.26,4107.18,4332.31,4614.87,4064.1,4624.62,4185.13,4226.67,4208.72,4281.54,4592.31,4353.33,1
4285.64,3985.64,4251.79,4108.21,4332.31,4611.28,4061.03,4622.05,4180.51,4231.79,4207.18,4281.03,4596.41,4354.36,1
4283.59,3984.1,4248.72,4107.69,4330.26,4607.69,4063.59,4624.1,4184.62,4231.79,4211.79,4279.49,4596.92,4353.33,1
4280,3980.51,4247.69,4105.13,4329.74,4613.33,4068.21,4629.74,4188.21,4223.08,4211.28,4281.54,4592.82,4349.74,1
4281.03,3984.1,4251.79,4108.21,4331.28,4614.36,4066.15,4629.74,4189.74,4224.62,4207.18,4282.56,4589.23,4350.77,1
4278.97,3986.15,4252.31,4108.21,4330.77,4609.23,4064.1,4629.74,4196.41,4236.92,4207.18,4275.9,4590.26,4348.21,1
4275.9,3980,4241.03,4101.54,4332.31,4613.85,4064.62,4632.31,4201.03,4240.51,4210.77,4266.15,4588.21,4341.03,1
4272.82,3977.95,4229.74,4101.54,4336.92,4621.03,4065.13,4626.15,4191.28,4234.36,4209.74,4262.56,4584.1,4340.51,1
4268.21,3982.05,4233.85,4104.62,4334.87,4619.49,4064.1,4618.46,4183.08,4230.77,4204.62,4263.59,4584.62,4344.1,1
4274.87,3986.67,4247.18,4109.74,4334.36,4615.9,4060.51,4622.56,4194.87,4235.9,4205.13,4271.28,4589.74,4348.72,1
4289.74,3991.79,4257.44,4116.41,4342.05,4617.44,4058.97,4626.67,4202.56,4240,4212.82,4277.95,4594.36,4353.33,1
4287.18,3993.33,4255.9,4111.79,4343.08,4621.03,4063.08,4618.46,4184.62,4233.33,4211.79,4272.82,4590.26,4350.26,1
4273.85,3984.62,4246.15,4101.03,4334.87,4621.03,4065.13,4614.36,4174.87,4227.18,4203.08,4267.18,4583.59,4341.54,1
4276.92,3977.44,4244.62,4103.08,4332.31,4618.97,4067.69,4624.62,4186.67,4227.69,4205.13,4271.28,4587.18,4340.51,1
4282.05,3980,4250.77,4108.21,4332.31,4617.95,4074.36,4631.79,4190.77,4225.64,4209.23,4277.95,4586.67,4343.59,1
4278.46,3987.69,4249.74,4105.64,4329.23,4616.92,4071.28,4626.67,4187.18,4224.62,4206.15,4276.41,4581.03,4347.18,1
4279.49,3991.28,4248.21,4105.64,4330.77,4615.38,4063.59,4624.62,4193.33,4233.33,4208.72,4276.92,4585.64,4352.82,1
4287.69,3990.77,4252.82,4109.23,4333.85,4612.31,4064.62,4626.67,4196.92,4239.49,4216.41,4283.08,4595.38,4354.87,1
4295.38,3995.38,4253.85,4113.33,4337.95,4613.85,4068.72,4627.18,4197.44,4239.49,4222.05,4286.67,4599.49,4356.41,1
4293.85,3997.95,4251.79,4112.82,4338.46,4618.46,4069.23,4630.77,4201.54,4242.56,4222.05,4283.59,4598.97,4355.9,1
4285.64,3988.72,4249.23,4108.21,4331.28,4615.9,4065.64,4627.69,4193.85,4238.46,4211.79,4274.87,4588.72,4347.69,1
4280.51,3981.03,4249.23,4106.67,4327.69,4611.28,4060,4615.38,4181.03,4225.64,4202.56,4267.69,4580,4343.59,1
4281.03,3984.1,4248.72,4106.67,4331.79,4613.33,4061.54,4612.82,4181.03,4222.56,4204.1,4268.72,4582.05,4344.62,1
4280,3983.08,4248.72,4106.67,4332.82,4617.44,4067.18,4625.13,4191.79,4230.26,4207.18,4272.31,4586.15,4343.59,1
4277.44,3978.46,4249.74,4107.18,4329.74,4618.97,4064.1,4629.74,4198.46,4235.9,4207.69,4272.82,4585.13,4340.51,1
4275.38,3979.49,4247.18,4106.67,4331.28,4616.41,4059.49,4627.18,4197.95,4233.85,4208.21,4270.77,4582.56,4338.46,1
4274.36,3980.51,4248.72,4107.18,4332.31,4613.33,4062.56,4628.72,4201.54,4236.41,4210.26,4271.28,4585.13,4341.03,1
4280,3982.05,4256.92,4108.72,4328.72,4610.77,4067.69,4630.26,4209.74,4243.08,4212.31,4275.38,4589.23,4347.18,1
4283.08,3982.56,4256.92,4107.18,4327.18,4607.69,4065.64,4627.18,4204.62,4243.59,4213.33,4277.44,4589.23,4345.13,1
4273.85,3980,4247.69,4105.64,4327.69,4603.08,4056.92,4613.85,4181.03,4228.21,4208.21,4270.77,4585.64,4336.41,1
4267.18,3976.92,4245.13,4107.18,4323.08,4600,4053.85,4598.97,4163.59,4214.36,4197.95,4262.56,4581.03,4332.31,1
4267.69,3974.36,4246.15,4102.05,4316.41,4602.56,4058.97,4600,4167.18,4214.87,4190.26,4262.56,4572.82,4328.72,1
4267.18,3971.28,4246.15,4097.44,4318.46,4604.62,4057.44,4612.82,4179.49,4214.87,4190.77,4266.15,4570.26,4328.21,1
4268.21,3976.92,4248.21,4104.62,4324.1,4603.59,4051.79,4616.92,4184.62,4214.36,4198.46,4270.26,4578.97,4336.41,1
4269.23,3982.05,4248.21,4109.74,4323.59,4606.15,4055.38,4612.31,4179.49,4217.95,4197.95,4268.21,4576.92,4336.41,1
4270.26,3978.46,4249.23,4106.67,4324.1,4610.77,4061.03,4612.82,4178.97,4215.9,4191.79,4266.15,4569.74,4331.79,1
4277.44,3981.03,4260,4110.26,4326.67,4605.64,4054.36,4613.85,4188.72,4216.41,4198.97,4275.9,4581.03,4343.59,1
4285.13,3987.69,4266.67,4116.92,4325.64,4597.95,4043.08,4608.72,4189.23,4225.64,4208.21,4283.59,4592.31,4354.87,1
4280,3985.13,4258.97,4111.28,4320.51,4597.44,4045.13,4598.97,4171.79,4224.1,4200.51,4276.92,4582.56,4347.69,1
4270.77,3978.97,4250.77,4104.1,4318.46,4597.95,4052.82,4592.31,4161.03,4209.74,4189.23,4267.18,4573.85,4338.46,1
4267.69,3973.33,4247.69,4102.56,4317.44,4597.95,4053.85,4598.46,4166.67,4205.13,4188.21,4261.03,4572.31,4334.36,1
4267.69,3968.72,4246.15,4103.59,4317.44,4601.03,4054.36,4613.33,4178.46,4211.79,4189.74,4258.97,4568.21,4335.38,1
4273.85,3977.95,4251.28,4106.15,4322.05,4602.56,4056.92,4618.46,4185.64,4223.59,4195.9,4266.67,4575.9,4345.13,1
4278.46,3985.64,4254.36,4107.69,4326.15,4601.54,4055.9,4613.85,4186.15,4229.74,4202.56,4271.79,4584.62,4346.67,1
4272.82,3981.03,4250.26,4106.15,4328.72,4604.62,4053.85,4612.31,4187.18,4223.59,4198.97,4265.13,4579.49,4338.46,1
4271.79,3980.51,4251.79,4107.18,4329.23,4609.23,4053.85,4613.33,4192.82,4222.05,4197.95,4258.97,4578.46,4340.51,1
4275.9,3984.62,4256.92,4108.72,4326.15,4608.72,4051.28,4610.26,4187.69,4223.08,4199.49,4262.56,4581.54,4344.62,1
4271.79,3977.44,4250.77,4106.67,4323.08,4607.18,4047.18,4606.67,4176.41,4213.85,4193.33,4265.13,4574.36,4336.92,1
4262.56,3969.23,4242.56,4105.13,4321.03,4606.67,4044.62,4610.77,4179.49,4208.72,4187.69,4263.08,4567.18,4332.31,1
4263.59,3973.33,4245.13,4104.62,4319.49,4601.54,4042.56,4612.31,4178.46,4209.74,4191.79,4263.08,4571.28,4337.44,1
4269.74,3977.44,4246.15,4104.62,4322.05,4594.87,4044.1,4602.56,4170.77,4208.72,4195.38,4264.62,4574.36,4341.03,1
4274.87,3978.97,4247.69,4112.31,4327.18,4597.44,4046.67,4602.05,4176.41,4207.69,4195.9,4267.18,4575.9,4346.15,1
4282.05,3984.1,4257.95,4121.54,4328.72,4602.05,4047.69,4608.21,4178.97,4211.79,4198.97,4277.44,4580,4354.36,1
4286.15,3988.72,4266.15,4123.08,4329.74,4600.51,4048.21,4601.54,4167.18,4213.33,4204.1,4286.15,4580.51,4353.85,1
4285.64,3990.26,4263.59,4121.03,4331.28,4598.97,4045.64,4594.36,4166.15,4212.82,4203.08,4276.92,4577.44,4348.72,1
4284.62,3990.26,4258.97,4122.56,4329.74,4600.51,4042.05,4604.1,4178.97,4212.31,4196.92,4266.67,4578.97,4346.15,1
4285.64,3987.18,4259.49,4122.56,4327.69,4602.56,4044.1,4616.41,4184.1,4214.36,4197.44,4272.82,4580.51,4347.18,1
4283.59,3982.56,4260.51,4117.44,4327.18,4601.54,4048.72,4621.03,4185.64,4220.51,4204.62,4281.54,4581.03,4350.26,1
4278.46,3983.59,4259.49,4115.38,4325.64,4601.03,4046.15,4621.03,4183.59,4217.44,4203.08,4277.95,4582.05,4349.23,1
4278.46,3983.59,4260,4118.97,4322.05,4601.54,4042.56,4614.87,4175.9,4208.21,4195.9,4271.79,4580,4347.69,1
4281.54,3981.03,4263.08,4122.56,4320,4602.56,4042.56,4611.79,4177.95,4209.23,4196.41,4272.31,4577.95,4350.26,1
4280.51,3980.51,4261.03,4117.95,4321.54,4601.54,4043.59,4612.31,4178.97,4213.85,4197.44,4270.26,4579.49,4349.23,1
4280.51,3980,4257.95,4112.82,4325.13,4601.54,4042.56,4606.15,4170.26,4209.23,4192.31,4270.77,4581.03,4346.67,1
4283.59,3983.08,4261.03,4117.44,4328.21,4601.03,4040,4597.95,4166.67,4206.15,4194.36,4277.95,4584.62,4350.26,1
4283.08,3985.64,4263.08,4123.08,4327.69,4597.95,4039.49,4600,4175.38,4213.85,4203.08,4278.46,4590.77,4353.85,1
4282.56,3983.59,4262.56,4123.08,4326.67,4599.49,4041.54,4609.74,4180.51,4219.49,4207.69,4274.36,4593.85,4352.82,1
4286.67,3986.67,4262.56,4120,4328.21,4607.69,4048.21,4614.87,4182.56,4222.56,4209.23,4278.46,4593.85,4355.9,1
4288.72,3994.36,4263.08,4122.05,4330.26,4615.38,4050.77,4612.82,4188.72,4229.74,4211.28,4284.1,4598.46,4363.08,1
4284.1,3983.08,4262.05,4122.05,4324.1,4612.31,4050.77,4615.38,4193.33,4232.82,4213.33,4284.62,4601.54,4360.51,1
4277.44,3965.13,4260.51,4112.82,4317.95,4604.62,4054.36,4624.1,4190.26,4225.13,4205.64,4282.56,4591.28,4350.77,1
4280.51,3974.87,4262.56,4110.77,4321.54,4606.67,4053.85,4620.51,4181.03,4217.44,4194.87,4277.95,4578.97,4349.23,1
4290.26,3994.87,4263.08,4120,4329.23,4613.33,4051.79,4613.85,4181.03,4220,4193.33,4276.41,4578.46,4354.36,1
4291.79,4002.56,4255.9,4124.1,4331.79,4610.77,4050.26,4618.97,4189.23,4223.59,4194.87,4272.82,4579.49,4351.28,1
4291.28,4010.26,4252.31,4124.62,4331.28,4603.59,4048.21,4621.03,4188.21,4218.97,4192.82,4267.18,4572.31,4346.15,1
4296.41,4017.95,4259.49,4130.77,4332.82,4603.08,4046.15,4613.33,4177.44,4214.36,4194.36,4272.31,4570.26,4350.77,1
4300.51,4013.85,4264.1,4131.79,4334.36,4609.74,4048.21,4609.23,4175.9,4215.9,4198.97,4283.08,4571.79,4355.38,1
4302.05,4009.74,4265.64,4126.15,4336.92,4615.9,4053.33,4615.9,4184.1,4220.51,4200.51,4284.1,4572.82,4355.38,1
4303.59,4011.79,4264.62,4124.1,4337.95,4617.95,4055.9,4623.59,4190.77,4225.13,4204.1,4276.41,4576.41,4354.87,1
4297.44,4008.21,4252.82,4121.54,4337.44,4618.97,4061.03,4631.28,4197.95,4227.69,4207.69,4271.28,4576.92,4353.33,1
4292.31,4007.18,4249.23,4121.03,4336.41,4618.97,4066.67,4636.92,4204.1,4231.28,4208.72,4276.92,4579.49,4357.44,1
4304.62,4015.38,4265.64,4125.13,4335.9,4609.74,4063.08,4632.31,4198.46,4236.92,4211.79,4290.26,4586.67,4368.72,1
4312.31,4016.92,4271.28,4125.13,4333.85,4600,4054.87,4619.49,4185.64,4233.85,4212.82,4293.33,4587.18,4369.23,1
4301.54,4008.72,4263.59,4122.56,4332.82,4605.13,4052.82,4611.79,4180.51,4224.1,4209.23,4285.13,4579.49,4358.97,1
4293.85,4004.1,4261.54,4120.51,4335.38,4615.9,4053.33,4613.85,4182.05,4218.46,4202.05,4277.95,4576.41,4355.9,1
4295.9,4005.13,4263.59,4120,4336.92,4615.9,4050.77,4614.36,4183.59,4215.9,4196.92,4275.38,4578.46,4358.97,1
4298.46,4008.72,4263.59,4120.51,4334.87,4609.74,4048.72,4612.31,4186.15,4218.97,4201.03,4278.46,4578.46,4359.49,1
4300,4008.72,4264.62,4120,4332.31,4612.82,4050.77,4613.85,4184.1,4222.56,4204.1,4280,4575.9,4360.51,1
4302.56,4007.69,4265.13,4121.03,4335.38,4618.46,4054.36,4614.87,4184.62,4221.54,4204.62,4281.54,4581.03,4366.15,1
4304.1,4013.33,4264.62,4123.08,4341.54,4614.36,4053.33,4613.85,4189.23,4225.64,4210.77,4282.56,4589.74,4369.74,1
4300.51,4016.92,4261.54,4123.59,4339.49,4607.69,4051.28,4613.33,4186.15,4229.23,4212.82,4277.44,4587.69,4364.1,1
4298.97,4016.92,4261.03,4123.08,4335.38,4607.18,4051.28,4613.33,4185.13,4227.69,4209.23,4274.87,4586.15,4364.62,1
4305.13,4018.46,4267.18,4122.56,4334.87,4607.18,4052.82,4617.95,4196.41,4231.28,4215.38,4286.15,4593.85,4375.38,1
4307.18,4014.87,4269.23,4122.05,4335.9,4607.18,4054.87,4622.05,4197.44,4233.33,4219.49,4291.28,4595.38,4374.36,1
4301.03,4009.23,4265.13,4121.54,4338.46,4614.36,4056.41,4616.41,4188.72,4226.15,4210.77,4282.56,4588.21,4364.62,1
4298.97,4012.31,4262.56,4121.54,4339.49,4615.38,4057.95,4612.31,4191.28,4225.64,4205.64,4276.41,4584.1,4362.05,1
4300.51,4014.36,4262.05,4123.08,4338.46,4607.18,4058.46,4617.95,4195.9,4228.72,4207.18,4273.85,4581.54,4357.95,1
4294.36,4005.64,4260.51,4122.56,4335.9,4608.21,4055.9,4619.49,4186.67,4221.54,4201.54,4270.77,4577.95,4351.28,1
4287.69,4001.54,4259.49,4111.79,4335.9,4616.41,4054.87,4612.82,4173.85,4212.82,4196.41,4267.69,4576.41,4350.26,1
4288.21,4004.1,4259.49,4108.72,4335.38,4617.44,4055.9,4612.31,4178.97,4214.36,4193.33,4269.74,4572.82,4349.74,1
4290.26,4003.59,4260,4115.38,4332.82,4610.77,4055.38,4614.36,4189.23,4220,4194.36,4273.85,4570.26,4351.28,1
4287.69,4003.08,4262.05,4114.36,4330.77,4605.13,4053.85,4611.79,4185.64,4222.05,4203.08,4271.28,4573.33,4354.87,1
4286.15,4002.05,4263.59,4114.87,4329.23,4604.62,4052.31,4614.87,4187.69,4224.1,4204.1,4271.79,4578.97,4354.87,1
4291.28,4002.56,4264.62,4120,4331.28,4606.15,4049.74,4623.08,4196.41,4225.64,4199.49,4281.03,4578.97,4358.97,1
4295.38,4005.13,4265.13,4116.41,4334.36,4605.13,4044.62,4618.97,4189.74,4222.05,4201.54,4286.15,4578.97,4363.59,1
4295.9,4006.15,4266.67,4114.36,4334.36,4602.56,4044.62,4610.26,4185.13,4221.54,4202.05,4277.95,4579.49,4358.46,1
4293.33,4004.62,4263.59,4121.03,4334.36,4602.56,4050.77,4612.31,4193.85,4227.18,4195.38,4271.28,4577.44,4352.31,1
4287.69,4002.56,4254.36,4117.44,4331.79,4604.62,4055.38,4616.41,4191.28,4221.54,4193.33,4271.28,4568.72,4347.69,1
4285.13,3999.49,4249.23,4105.13,4330.77,4607.18,4057.95,4613.33,4182.05,4213.33,4196.41,4268.21,4566.67,4344.62,1
4290.77,4000,4256.92,4108.21,4332.31,4606.67,4057.44,4606.15,4181.03,4217.44,4196.92,4271.28,4572.82,4348.21,1
4295.9,4005.13,4264.1,4118.97,4332.82,4606.15,4053.85,4605.64,4181.03,4217.95,4196.92,4275.38,4569.74,4351.28,1
4296.41,4007.69,4262.56,4119.49,4331.28,4611.28,4052.82,4611.79,4184.62,4213.85,4195.9,4272.82,4567.18,4348.72,1
4294.36,4007.18,4261.03,4114.87,4335.38,4615.9,4055.38,4615.38,4190.77,4221.03,4197.95,4271.79,4571.79,4346.67,1
4291.28,4007.69,4261.54,4117.44,4340,4614.87,4056.92,4620,4195.9,4228.21,4199.49,4273.85,4571.28,4345.13,1
4292.82,4008.21,4262.56,4122.05,4338.46,4616.92,4054.87,4623.08,4195.38,4225.13,4194.36,4270.26,4568.21,4346.15,1
4294.36,4007.18,4265.13,4123.08,4335.38,4616.92,4053.33,4615.9,4185.64,4223.08,4195.38,4268.21,4573.85,4351.79,1
4293.85,4006.67,4265.64,4123.08,4335.38,4610.26,4050.77,4609.23,4185.13,4224.62,4198.97,4273.33,4577.95,4354.36,1
4292.82,4007.18,4262.05,4120.51,4335.9,4609.74,4047.69,4610.77,4188.21,4224.62,4199.49,4273.85,4577.44,4352.82,1
4292.31,4006.67,4261.54,4120,4337.44,4614.36,4049.23,4611.79,4183.08,4223.59,4203.08,4273.85,4580,4354.36,1
4295.9,4007.18,4264.1,4124.1,4335.38,4611.28,4050.26,4614.36,4188.21,4228.72,4208.72,4282.05,4579.49,4357.95,1
4297.44,4007.18,4264.62,4121.54,4329.23,4601.54,4046.15,4612.31,4192.31,4233.33,4204.1,4281.54,4580.51,4355.38,1
4290.26,4002.05,4262.56,4110.77,4324.62,4600.51,4042.05,4602.56,4171.79,4222.56,4197.44,4270.77,4575.9,4345.64,1
4280,3992.82,4255.9,4104.1,4322.56,4604.62,4043.59,4600.51,4162.56,4209.23,4190.26,4264.62,4565.64,4332.31,1
4276.41,3987.69,4249.23,4105.13,4325.64,4606.67,4047.69,4606.67,4177.95,4208.72,4180.51,4258.46,4560,4324.1,1
4277.44,3992.31,4246.67,4107.69,4332.31,4611.28,4050.26,4609.74,4184.62,4217.44,4181.03,4252.31,4561.03,4329.74,1
4282.05,4000,4250.77,4109.23,4332.31,4614.87,4048.72,4611.79,4186.67,4225.64,4191.28,4255.9,4564.62,4335.9,1
4286.15,3998.97,4259.49,4108.72,4330.77,4608.72,4046.67,4615.9,4194.87,4230.77,4196.41,4267.18,4572.82,4336.92,1
4288.21,3997.44,4265.13,4112.82,4335.38,4604.62,4047.18,4616.41,4198.46,4237.95,4202.05,4274.87,4582.05,4345.13,1
4292.82,4000.51,4264.1,4115.9,4335.9,4607.18,4048.21,4616.92,4200,4244.62,4208.21,4277.95,4584.62,4356.41,1
4297.95,4001.03,4260.51,4112.82,4331.28,4606.15,4049.74,4612.82,4191.28,4238.97,4206.67,4280,4584.62,4357.44,1
4295.38,4002.05,4263.08,4114.36,4333.85,4607.18,4050.26,4605.13,4175.38,4224.62,4200.51,4280.51,4585.13,4353.85,1
4292.82,4004.1,4269.74,4120.51,4336.41,4612.82,4046.15,4607.69,4177.95,4224.1,4198.97,4282.05,4583.08,4353.85,1
4296.41,4002.05,4269.74,4117.95,4332.82,4614.87,4044.1,4619.49,4194.87,4232.82,4199.49,4281.54,4578.46,4353.33,1
4297.44,4001.03,4264.62,4115.9,4332.31,4614.36,4050.26,4624.1,4197.95,4233.85,4198.97,4280,4577.44,4350.77,1
4290.77,4002.56,4264.1,4121.54,4334.87,4614.36,4055.38,4616.41,4185.64,4229.23,4198.46,4281.03,4579.49,4347.18,1
4286.67,3998.97,4267.18,4123.08,4331.79,4611.79,4052.31,4606.67,4177.95,4226.15,4196.92,4278.97,4578.46,4348.21,1
4293.33,3998.46,4265.13,4120,4328.72,4609.23,4048.72,4607.69,4181.03,4226.67,4197.95,4276.41,4578.97,4353.33,1
4298.46,4003.08,4264.1,4118.46,4330.26,4610.77,4048.72,4613.33,4190.77,4231.28,4202.56,4279.49,4581.03,4354.87,1
4294.36,4002.05,4265.64,4117.44,4330.77,4610.26,4048.72,4611.79,4189.74,4230.77,4200.51,4280,4582.05,4352.82,1
4292.31,4002.56,4264.1,4121.03,4332.82,4610.77,4048.72,4612.31,4185.13,4230.77,4197.95,4277.95,4586.67,4354.36,1
4295.9,4007.69,4265.64,4123.59,4341.03,4615.38,4045.64,4619.49,4192.31,4236.41,4207.18,4279.49,4592.31,4356.92,1
4293.33,4005.64,4263.08,4121.54,4340.51,4615.38,4047.69,4618.46,4196.92,4233.85,4210.77,4278.46,4586.67,4349.23,1
4284.62,3995.9,4253.33,4120.51,4334.87,4614.87,4054.36,4620,4195.9,4226.67,4195.9,4268.72,4577.44,4340,1
4280.51,3991.28,4253.85,4120,4338.97,4620,4055.38,4630.26,4206.15,4230.26,4187.18,4265.64,4569.23,4336.41,1
4281.03,3995.9,4261.03,4120.51,4340.51,4622.05,4051.28,4635.9,4215.9,4238.46,4195.9,4270.26,4566.15,4339.49,1
4287.69,4001.54,4264.62,4125.13,4334.36,4615.9,4050.26,4634.36,4209.23,4240,4203.59,4275.38,4575.38,4349.74,1
4296.41,4002.05,4266.67,4127.69,4333.33,4613.33,4051.28,4630.26,4196.92,4241.03,4207.69,4279.49,4586.67,4355.38,1
4296.41,4002.05,4268.72,4126.15,4335.9,4615.9,4050.77,4620,4192.82,4240,4208.21,4281.03,4589.23,4354.36,1
4293.85,4005.13,4269.23,4129.23,4336.41,4616.92,4050.77,4614.87,4198.46,4236.41,4208.21,4286.67,4588.21,4355.38,1
4295.38,4002.05,4268.21,4131.79,4336.92,4615.9,4049.23,4613.85,4194.36,4232.82,4210.77,4289.23,4588.72,4356.41,1
4292.82,3995.38,4265.64,4127.69,4336.92,4613.85,4045.64,4604.1,4173.85,4225.13,4208.21,4283.59,4587.69,4351.79,1
4288.72,3996.92,4263.08,4123.59,4337.44,4613.85,4043.59,4598.97,4167.69,4220,4201.03,4276.41,4586.67,4345.13,1
4288.72,3998.97,4264.62,4123.59,4337.95,4614.36,4045.13,4611.28,4187.18,4223.59,4200.51,4272.31,4587.18,4343.08,1
4290.77,3997.95,4264.62,4125.13,4337.95,4612.82,4048.72,4626.15,4202.56,4229.74,4203.59,4271.79,4586.67,4347.69,1
4294.36,3998.46,4262.56,4126.67,4338.46,4612.82,4052.31,4627.18,4199.49,4231.79,4204.62,4278.46,4589.74,4353.85,1
4296.92,3999.49,4265.13,4126.15,4338.97,4617.44,4057.95,4625.13,4196.41,4231.79,4204.62,4281.54,4592.31,4352.31,1
4295.9,3996.41,4264.62,4126.67,4338.46,4622.05,4061.03,4625.13,4194.87,4228.21,4200.51,4275.38,4585.64,4346.15,1
4292.82,3993.85,4263.59,4125.64,4337.95,4621.03,4058.97,4618.97,4189.74,4221.03,4195.38,4274.36,4580,4347.18,1
4292.82,3997.44,4265.13,4126.15,4338.46,4616.92,4056.41,4609.74,4185.13,4220.51,4197.95,4278.97,4586.67,4352.31,1
4296.41,3998.97,4264.62,4131.79,4341.03,4616.92,4059.49,4614.36,4193.33,4230.26,4203.08,4282.05,4590.26,4350.77,1
4297.95,3998.46,4264.1,4136.92,4345.13,4619.49,4056.92,4623.08,4206.67,4238.97,4205.64,4282.56,4589.74,4351.28,1
4296.41,4002.56,4265.64,4137.95,4343.59,4615.38,4045.13,4614.36,4198.46,4236.41,4204.1,4278.97,4592.31,4352.82,1
4293.85,4002.05,4265.64,4134.36,4339.49,4614.87,4041.03,4603.59,4181.03,4224.1,4195.38,4277.44,4579.49,4344.62,1
4290.26,3992.82,4263.59,4129.74,4340,4618.97,4045.64,4607.18,4181.54,4215.9,4190.77,4277.95,4570.77,4342.05,1
4294.36,3990.26,4263.59,4132.31,4346.15,4619.49,4046.67,4612.82,4194.36,4222.05,4202.05,4279.49,4591.79,4359.49,1
4300.51,3994.36,4265.13,4135.9,4349.74,4617.44,4042.05,4610.26,4193.33,4233.85,4212.82,4284.1,4613.33,4372.82,1
4297.95,3988.21,4262.05,4127.69,4343.08,4614.87,4038.97,4612.82,4191.79,4234.87,4212.31,4284.1,4610.77,4366.15,1
4291.28,3981.03,4257.44,4121.03,4337.44,4613.85,4040.51,4621.54,4204.62,4232.31,4210.26,4276.92,4606.15,4355.9,1
4286.67,3981.03,4256.41,4122.56,4340,4616.92,4046.67,4618.46,4198.46,4233.33,4207.69,4273.85,4605.64,4351.28,1
4285.13,3980,4261.54,4118.46,4342.56,4622.56,4054.36,4609.23,4187.69,4236.41,4203.59,4277.44,4601.54,4353.33,1
4287.69,3978.97,4263.08,4114.87,4339.49,4622.05,4056.41,4615.9,4202.56,4239.49,4206.67,4275.9,4604.62,4357.44,1
4284.1,3975.9,4250.77,4111.79,4334.36,4622.56,4054.87,4623.59,4204.1,4234.87,4204.62,4271.28,4603.08,4350.77,1
4279.49,3970.77,4241.03,4103.59,4336.92,4624.1,4055.9,4615.9,4185.13,4227.18,4195.38,4271.28,4596.92,4348.72,1
4291.79,3978.46,4254.87,4107.69,4343.08,4618.46,4052.82,4610.26,4189.23,4232.82,4202.05,4277.44,4602.56,4361.03,1
4301.54,3989.23,4266.15,4116.92,4343.08,4613.85,4045.13,4612.31,4201.54,4240.51,4210.77,4278.46,4608.21,4363.59,1
4292.31,3986.15,4252.82,4113.85,4338.97,4614.87,4043.59,4612.82,4194.36,4236.92,4207.18,4271.79,4606.15,4352.82,1
4285.13,3975.9,4249.23,4104.1,4336.92,4618.46,4052.82,4618.46,4193.85,4235.9,4202.05,4271.28,4602.05,4350.26,1
4290.26,3971.28,4259.49,4103.59,4336.92,4620,4063.59,4628.72,4207.18,4237.44,4200,4275.9,4596.41,4354.87,1
4294.87,3975.9,4258.46,4107.69,4340.51,4622.05,4058.97,4625.64,4208.21,4236.41,4202.56,4278.46,4597.95,4358.46,1
4293.33,3982.56,4253.33,4108.72,4344.1,4622.05,4052.82,4620.51,4202.56,4238.46,4209.23,4277.44,4606.15,4358.97,1
4293.33,3985.64,4253.85,4107.69,4344.1,4620.51,4053.85,4626.67,4203.08,4238.97,4207.18,4277.95,4604.62,4357.44,1
4297.44,3986.67,4257.95,4108.72,4343.08,4617.44,4046.67,4624.1,4202.56,4237.95,4202.56,4281.54,4600.51,4361.54,1
4301.03,3990.77,4260,4110.77,4341.03,4615.9,4037.44,4612.31,4196.41,4238.97,4208.21,4281.03,4603.59,4364.1,1
4292.31,3988.72,4253.85,4107.69,4341.03,4617.95,4045.64,4610.77,4194.36,4236.92,4208.21,4276.92,4601.03,4353.85,1
4286.67,3986.15,4247.69,4105.13,4344.62,4620,4056.92,4613.85,4191.79,4231.79,4200.51,4275.38,4596.41,4347.69,1
4293.33,3986.15,4252.82,4107.69,4343.08,4617.44,4052.31,4608.72,4183.59,4225.64,4196.41,4274.36,4596.41,4352.82,1
4290.77,3982.56,4254.36,4109.23,4336.92,4612.82,4043.59,4606.15,4187.69,4223.59,4197.95,4272.31,4593.33,4352.82,1
4277.44,3976.92,4246.67,4102.56,4333.85,4612.31,4045.64,4611.28,4196.92,4227.69,4196.41,4272.31,4588.72,4346.67,1
4275.9,3975.38,4245.64,4098.46,4335.38,4616.92,4048.21,4613.33,4190.77,4225.13,4192.31,4269.74,4587.69,4344.62,1
4280.51,3980.51,4246.67,4100,4335.9,4619.49,4046.67,4611.28,4183.08,4217.44,4189.74,4262.05,4586.67,4343.59,1
4276.41,3983.08,4243.59,4098.97,4334.87,4615.9,4047.18,4616.92,4194.87,4224.1,4191.28,4261.03,4585.13,4341.54,1
4276.41,3982.56,4241.03,4100.51,4338.46,4616.41,4052.82,4624.62,4203.08,4236.41,4194.36,4264.62,4592.31,4348.72,1
4286.15,3988.72,4242.05,4107.18,4344.62,4622.05,4055.38,4618.46,4198.46,4238.97,4196.41,4266.67,4603.08,4356.92,1
4293.33,3996.92,4251.28,4112.82,4347.18,4621.03,4051.79,4613.33,4201.54,4238.97,4201.03,4272.82,4605.64,4358.46,1
4299.49,3996.92,4260.51,4113.33,4344.62,4619.49,4050.26,4617.95,4205.64,4243.08,4208.21,4282.56,4607.69,4360.51,1
4301.03,3990.77,4261.54,4108.72,4338.97,4621.03,4052.31,4620,4201.54,4243.08,4206.67,4284.1,4609.23,4364.1,1
4298.97,3991.79,4262.56,4111.28,4336.41,4619.49,4052.82,4614.87,4197.95,4235.9,4204.1,4283.59,4607.69,4367.69,1
4301.03,3994.87,4266.15,4117.44,4341.54,4615.9,4050.77,4612.82,4198.97,4234.87,4211.79,4289.74,4609.74,4372.82,1
4303.08,3994.36,4265.64,4114.36,4345.64,4615.9,4047.18,4622.56,4207.18,4244.1,4216.41,4293.33,4614.87,4372.82,1
4299.49,3993.33,4263.59,4107.18,4341.03,4615.9,4044.1,4629.23,4212.82,4250.26,4211.79,4287.69,4612.82,4366.67,1
4293.85,3993.85,4261.03,4109.23,4337.44,4613.85,4048.21,4622.56,4204.1,4245.13,4208.21,4280,4607.18,4361.03,1
4290.77,3995.38,4254.87,4110.26,4342.05,4617.44,4054.87,4612.82,4191.79,4238.97,4204.62,4275.38,4604.1,4359.49,1
4288.72,3992.31,4249.23,4105.13,4341.54,4621.03,4055.9,4615.9,4194.36,4235.9,4197.44,4273.85,4602.56,4358.97,1
4285.64,3985.64,4250.77,4104.62,4334.87,4621.54,4057.44,4623.59,4203.08,4233.85,4196.41,4273.33,4601.03,4360.51,1
4284.1,3982.05,4251.28,4105.13,4331.28,4620,4057.95,4623.08,4203.59,4235.9,4198.97,4275.9,4600.51,4361.54,1
4283.08,3983.59,4246.67,4097.44,4330.77,4613.33,4053.33,4619.49,4199.49,4240.51,4198.97,4276.92,4601.54,4358.46,1
4283.59,3987.69,4245.13,4091.79,4330.77,4607.69,4050.77,4617.95,4201.54,4241.54,4200,4272.31,4602.56,4355.9,1
4286.15,3990.77,4248.21,4096.92,4332.82,4611.79,4052.82,4620,4205.13,4240.51,4201.03,4270.26,4601.03,4355.9,1
4283.59,3986.15,4249.23,4100.51,4331.79,4618.46,4055.9,4621.54,4198.97,4238.46,4196.92,4272.31,4598.46,4351.79,1
4279.49,3980.51,4246.15,4095.38,4329.74,4617.44,4055.9,4620,4194.87,4236.92,4193.85,4267.18,4598.46,4347.69,1
4277.44,3981.03,4245.64,4091.79,4330.77,4613.33,4053.85,4616.92,4196.41,4232.82,4193.85,4260,4595.9,4347.69,1
4272.31,3979.49,4244.62,4088.72,4329.74,4610.26,4048.72,4610.77,4186.67,4222.56,4190.77,4263.08,4587.18,4343.59,1
4273.85,3975.9,4243.59,4091.28,4330.26,4608.21,4047.18,4605.64,4184.62,4222.05,4189.23,4270.26,4588.21,4345.13,1
4287.18,3985.13,4253.85,4103.08,4334.36,4609.23,4050.77,4612.31,4200.51,4238.46,4198.97,4276.92,4604.1,4360,1
4293.33,3993.33,4260.51,4105.13,4334.36,4614.36,4052.31,4620,4207.69,4245.13,4206.15,4282.56,4609.23,4365.64,1
4286.15,3987.18,4255.38,4098.97,4332.82,4616.92,4046.67,4614.87,4198.97,4234.36,4200,4278.97,4603.08,4356.41,1
4284.62,3985.64,4256.41,4103.08,4334.36,4614.87,4039.49,4611.28,4192.82,4234.36,4192.31,4269.74,4603.08,4354.36,1
4290.26,3993.85,4264.1,4109.23,4338.97,4614.36,4044.1,4619.49,4197.95,4240,4194.36,4271.28,4603.08,4356.41,1
4291.28,3993.33,4265.64,4107.69,4337.44,4615.38,4058.97,4628.21,4203.59,4236.41,4195.9,4276.41,4595.38,4353.33,1
4289.23,3985.64,4262.56,4104.1,4330.77,4610.77,4058.97,4626.67,4200.51,4231.79,4191.28,4276.41,4589.23,4353.85,1
4287.69,3984.1,4263.08,4105.64,4328.72,4606.15,4051.28,4624.62,4195.38,4229.74,4192.82,4276.41,4591.79,4357.95,1
4288.21,3988.21,4263.59,4105.64,4330.77,4610.77,4055.38,4624.1,4195.38,4232.31,4198.97,4280,4596.41,4355.9,1
4290.77,3987.18,4257.44,4102.05,4330.77,4617.95,4061.54,4619.49,4194.87,4232.82,4193.85,4276.92,4596.92,4349.23,1
4289.23,3984.1,4247.18,4101.54,4328.72,4615.9,4055.9,4610.77,4188.21,4226.15,4184.62,4265.13,4590.26,4348.21,1
4286.67,3986.15,4251.79,4106.67,4332.31,4607.69,4048.72,4607.69,4187.18,4227.18,4188.72,4265.64,4590.26,4355.9,1
4288.72,3992.82,4265.64,4108.72,4335.9,4608.72,4050.26,4613.33,4195.9,4238.46,4197.95,4277.44,4599.49,4360.51,1
4290.26,3992.82,4262.05,4106.15,4332.82,4614.87,4051.28,4618.46,4202.05,4240,4197.44,4275.38,4602.56,4355.9,1
4288.21,3990.77,4253.85,4108.72,4331.79,4614.87,4047.18,4621.03,4201.03,4236.41,4195.38,4267.69,4600,4352.82,1
4289.23,3993.33,4261.03,4111.28,4334.87,4612.31,4047.18,4621.54,4200,4243.08,4195.9,4272.82,4602.05,4354.87,1
4289.74,3994.36,4266.15,4109.23,4332.82,4614.87,4053.33,4620,4200.51,4243.08,4193.33,4274.87,4598.97,4355.38,1
4285.13,3989.74,4262.05,4108.21,4332.82,4616.41,4055.9,4621.03,4197.95,4231.28,4192.31,4270.77,4595.38,4355.9,1
4287.69,3987.18,4262.05,4110.77,4337.44,4616.92,4052.82,4619.49,4193.33,4230.26,4195.9,4276.41,4602.56,4358.46,1
4295.9,3990.77,4263.59,4114.87,4335.9,4617.95,4052.31,4610.77,4189.74,4234.87,4197.44,4281.03,4605.64,4363.08,1
4295.9,3992.31,4264.1,4118.46,4330.26,4614.36,4051.79,4605.64,4185.64,4230.77,4195.9,4277.44,4601.03,4362.05,1
4292.31,3991.28,4268.72,4121.54,4332.82,4612.31,4049.23,4610.77,4187.18,4229.74,4196.92,4281.03,4604.1,4362.05,1
4294.87,3991.79,4275.38,4123.08,4337.95,4614.36,4048.21,4614.36,4193.85,4231.79,4197.44,4286.67,4606.15,4366.67,1
4295.9,3994.87,4275.38,4123.59,4336.41,4612.31,4050.26,4614.36,4196.41,4232.31,4193.85,4283.59,4596.92,4363.08,1
4290.26,3993.33,4268.21,4120,4333.85,4611.79,4052.82,4617.44,4195.38,4233.33,4192.82,4278.46,4592.31,4351.79,1
4283.08,3985.64,4261.54,4111.28,4331.79,4617.95,4054.36,4618.46,4194.87,4231.28,4192.82,4274.87,4594.87,4348.21,1
4282.56,3983.08,4262.05,4112.31,4331.28,4620.51,4059.49,4617.95,4200.51,4227.69,4192.31,4277.44,4590.77,4354.87,1
4291.79,3987.18,4270.77,4122.05,4332.82,4616.92,4062.56,4625.13,4208.72,4232.82,4197.44,4287.69,4589.23,4361.03,1
4300,3992.31,4277.95,4123.08,4335.38,4616.92,4061.03,4629.23,4206.67,4242.05,4202.05,4292.31,4596.41,4366.15,1
4303.08,3999.49,4272.82,4122.05,4341.03,4621.54,4057.95,4621.03,4204.1,4247.69,4208.21,4288.21,4609.23,4374.87,1
4304.62,4006.67,4265.64,4128.21,4345.13,4624.1,4055.9,4620,4207.18,4250.77,4212.31,4287.18,4617.44,4374.36,1
4302.05,4005.13,4264.1,4128.72,4344.1,4624.1,4052.82,4628.21,4208.72,4248.21,4209.23,4282.56,4613.33,4365.13,1
4298.97,4004.62,4264.1,4127.69,4341.54,4625.13,4050.77,4629.74,4213.85,4247.69,4204.62,4276.92,4609.74,4363.08,1
4297.44,4010.77,4262.05,4134.36,4347.18,4629.23,4054.36,4628.72,4220.51,4255.9,4209.23,4282.05,4617.44,4368.72,1
4298.97,4011.79,4266.15,4139.49,4350.77,4634.87,4055.9,4625.13,4210.26,4256.41,4217.95,4288.72,4624.1,4370.26,1
4301.54,4006.67,4273.33,4136.41,4342.56,4630.26,4053.85,4618.97,4202.05,4246.67,4215.38,4286.15,4619.49,4366.15,1
4301.03,4005.13,4278.46,4135.38,4340.51,4621.54,4058.46,4628.21,4217.95,4245.64,4211.28,4286.15,4618.97,4367.69,1
4300.51,4009.74,4281.54,4140,4345.13,4620,4063.59,4640,4215.38,4251.79,4211.28,4291.28,4620,4368.72,1
4302.56,4012.82,4283.59,4141.03,4342.56,4620.51,4059.49,4628.72,4195.9,4248.21,4208.72,4290.26,4614.87,4368.21,1
4305.13,4011.28,4283.08,4138.97,4342.05,4615.9,4052.82,4612.82,4200,4241.03,4204.62,4285.64,4610.26,4367.69,1
4303.08,4006.15,4281.03,4137.95,4345.64,4613.33,4052.31,4610.77,4203.08,4238.46,4201.03,4283.08,4607.18,4363.08,1
4299.49,4002.56,4276.92,4137.44,4342.05,4616.92,4052.31,4607.69,4184.62,4234.36,4196.41,4281.03,4605.13,4356.92,1
4297.44,4001.54,4272.31,4134.36,4337.95,4618.46,4050.77,4604.62,4182.05,4229.23,4193.85,4280,4603.08,4355.9,1
4294.87,3999.49,4271.28,4131.79,4339.49,4617.95,4056.41,4610.26,4195.38,4229.23,4195.38,4277.44,4601.03,4356.92,1
4297.44,4002.56,4271.79,4135.38,4341.03,4618.97,4059.49,4614.36,4197.95,4232.82,4193.85,4273.33,4603.08,4359.49,1
4303.59,4007.69,4272.82,4137.95,4342.05,4622.05,4058.46,4618.46,4201.54,4236.92,4196.41,4274.87,4608.72,4361.03,1
4303.08,4007.18,4269.23,4131.28,4342.05,4622.56,4058.97,4630.77,4217.44,4244.1,4205.13,4280.51,4608.72,4360.51,1
4297.44,4004.1,4265.64,4124.1,4341.54,4618.97,4059.49,4635.38,4225.13,4252.31,4211.28,4283.59,4611.79,4363.59,1
4292.31,4004.1,4262.05,4121.03,4342.56,4621.54,4055.38,4629.74,4214.36,4250.77,4210.26,4276.41,4614.36,4361.54,1
4287.18,4003.08,4251.28,4118.97,4344.1,4623.59,4047.69,4622.05,4199.49,4240,4202.56,4267.69,4607.69,4353.33,1
4287.18,4004.62,4251.28,4121.54,4348.21,4620,4042.56,4612.82,4192.82,4236.41,4198.46,4267.18,4605.64,4355.38,1
4291.79,4007.18,4260.51,4124.1,4351.79,4622.05,4047.18,4611.79,4200,4244.1,4206.15,4275.38,4612.31,4362.05,1
4290.77,4000.51,4260.51,4117.44,4347.69,4629.23,4053.33,4620,4205.13,4249.23,4210.77,4281.03,4610.26,4359.49,1
4285.13,3989.74,4250.77,4110.77,4338.97,4624.62,4052.31,4617.95,4197.44,4246.15,4201.03,4277.44,4601.03,4352.82,1
4284.62,3986.67,4249.74,4108.72,4334.36,4619.49,4054.87,4617.95,4200,4237.95,4195.38,4272.82,4596.41,4351.28,1
4289.23,3989.23,4254.36,4104.1,4336.41,4621.54,4064.62,4629.23,4207.18,4236.41,4198.46,4276.41,4594.36,4357.44,1
4296.41,3992.82,4259.49,4104.1,4337.44,4618.46,4065.64,4626.67,4196.92,4239.49,4202.56,4284.1,4595.9,4364.62,1
4302.05,3993.33,4265.13,4109.23,4333.85,4613.33,4060,4618.97,4193.85,4238.97,4205.64,4287.18,4600,4364.1,1
4299.49,3991.79,4264.62,4108.72,4331.28,4613.33,4062.56,4621.54,4201.03,4240,4202.56,4283.59,4598.46,4356.41,1
4293.85,3993.33,4264.1,4105.13,4332.82,4614.87,4067.69,4616.41,4191.79,4237.95,4197.95,4282.05,4592.82,4353.33,1
4297.95,3992.82,4266.15,4107.69,4333.85,4614.36,4067.69,4608.21,4185.13,4234.87,4198.46,4283.08,4594.36,4358.97,1
4301.03,3986.67,4264.1,4104.1,4327.69,4614.87,4065.64,4618.97,4198.97,4238.97,4201.54,4283.59,4598.97,4363.08,1
4293.85,3985.64,4255.38,4094.87,4323.59,4614.87,4061.54,4631.28,4206.67,4244.1,4203.08,4283.08,4598.46,4357.44,1
4287.18,3991.79,4246.15,4091.28,4329.74,4614.36,4054.87,4624.1,4198.97,4244.1,4201.54,4276.92,4600,4350.77,1
4288.72,3993.85,4241.54,4095.38,4333.33,4616.41,4056.92,4619.49,4196.41,4242.05,4198.97,4267.69,4602.05,4351.28,1
4290.77,3990.77,4242.05,4096.92,4326.15,4614.36,4058.46,4624.1,4204.1,4242.05,4198.46,4266.67,4597.95,4355.38,1
4291.79,3990.26,4245.64,4094.87,4325.13,4609.74,4054.36,4621.54,4204.1,4242.56,4203.08,4274.87,4596.92,4357.44,1
4290.26,3991.28,4247.69,4093.33,4332.31,4613.33,4056.92,4614.87,4192.82,4241.03,4207.69,4277.95,4606.67,4358.46,1
4287.18,3991.28,4247.18,4092.82,4329.23,4620,4063.08,4614.87,4190.77,4238.97,4204.1,4272.82,4605.13,4355.9,1
4288.72,3991.28,4248.72,4092.82,4321.03,4613.33,4060,4615.9,4196.92,4239.49,4197.95,4268.72,4597.95,4353.85,1
4292.82,3994.87,4251.28,4095.9,4323.59,4602.56,4053.33,4606.15,4190.26,4237.95,4196.92,4269.23,4600.51,4355.38,1
4294.36,3996.41,4255.38,4100.51,4325.13,4603.08,4056.92,4602.05,4184.62,4231.28,4199.49,4274.87,4603.59,4358.46,1
4296.41,3990.77,4263.08,4101.03,4321.03,4608.72,4063.08,4609.74,4186.67,4230.26,4197.44,4281.54,4600.51,4358.46,1
4289.74,3985.64,4263.08,4093.85,4321.54,4609.23,4058.46,4611.79,4183.59,4230.26,4190.77,4278.46,4594.87,4350.77,1
4278.46,3985.13,4252.82,4089.74,4321.54,4606.67,4055.38,4609.74,4180.51,4225.13,4183.59,4267.69,4588.21,4342.56,1
4277.95,3982.05,4246.15,4090.26,4315.38,4607.18,4058.46,4610.26,4180,4218.97,4180.51,4262.05,4582.56,4340.51,1
4284.62,3980,4252.82,4093.33,4317.44,4609.23,4057.44,4610.26,4177.95,4218.46,4186.15,4265.64,4586.67,4350.26,1
4291.79,3989.23,4262.05,4099.49,4324.62,4609.23,4056.41,4609.23,4182.05,4229.23,4195.38,4277.95,4595.9,4364.1,1
4295.9,3993.33,4257.95,4100,4324.62,4612.82,4060,4612.82,4192.82,4235.38,4198.46,4284.1,4598.97,4361.54,1
4289.74,3987.18,4247.18,4091.79,4321.03,4614.87,4055.9,4615.38,4194.36,4229.23,4193.85,4274.87,4593.85,4349.74,1
4282.05,3988.72,4243.59,4090.77,4326.15,4607.69,4042.56,4610.26,4190.77,4230.77,4192.31,4267.18,4594.36,4351.28,1
4286.15,3994.36,4249.23,4095.9,4333.85,4604.62,4041.03,4606.15,4190.26,4240,4195.9,4271.79,4602.05,4353.85,1
4284.62,3988.21,4248.72,4093.85,4330.77,4613.33,4050.26,4614.36,4197.95,4236.41,4190.77,4270.26,4596.41,4344.62,1
4276.92,3981.03,4246.67,4090.26,4322.05,4615.38,4055.9,4628.72,4208.72,4228.21,4185.64,4265.64,4586.15,4343.59,1
4279.49,3984.62,4253.33,4090.26,4321.54,4610.77,4055.38,4623.08,4197.95,4227.69,4191.28,4272.31,4589.74,4354.36,1
4285.13,3990.26,4256.92,4090.77,4330.26,4613.85,4053.33,4607.69,4176.92,4230.26,4194.87,4277.44,4595.9,4356.92,1
4286.15,3993.33,4255.9,4097.95,4333.85,4617.44,4052.82,4609.74,4183.59,4231.79,4194.87,4275.38,4596.41,4351.79,1
4285.13,3993.85,4258.46,4102.05,4328.72,4617.44,4052.31,4616.41,4197.44,4232.31,4196.41,4272.82,4597.44,4352.31,1
4285.13,3991.28,4262.56,4095.9,4326.67,4617.95,4051.79,4610.77,4190.77,4230.77,4194.87,4273.85,4596.92,4354.36,1
4286.67,3987.18,4261.03,4089.23,4324.62,4611.28,4053.85,4607.69,4182.56,4227.69,4189.74,4273.85,4592.31,4350.77,1
4287.18,3987.69,4260.51,4090.77,4319.49,4603.59,4054.36,4608.21,4181.03,4222.56,4189.74,4272.82,4589.74,4351.28,1
4287.18,3987.69,4264.1,4092.31,4317.95,4603.59,4049.74,4604.62,4182.05,4221.54,4191.79,4272.82,4591.28,4356.92,1
4291.28,3988.21,4263.08,4091.28,4321.54,4606.15,4047.18,4607.18,4192.31,4227.18,4192.31,4273.33,4595.9,4358.97,1
4290.26,3988.72,4256.92,4092.31,4323.08,4609.23,4052.82,4612.82,4195.9,4224.62,4191.28,4269.74,4594.36,4355.38,1
4280,3984.62,4246.67,4088.72,4322.05,4610.77,4055.9,4611.28,4183.08,4215.38,4186.15,4262.56,4586.67,4350.26,1
4280.51,3985.64,4243.59,4086.67,4327.18,4611.79,4045.64,4604.62,4181.03,4222.05,4187.18,4264.62,4593.85,4353.33,1
4293.33,4002.56,4249.23,4096.92,4341.03,4616.41,4039.49,4609.23,4201.54,4240,4197.95,4271.79,4609.74,4360.51,1
4295.38,4010.26,4250.77,4108.21,4346.15,4623.59,4050.77,4625.64,4214.87,4247.69,4203.59,4270.26,4611.79,4360.51,1
4287.18,4000.51,4246.67,4105.13,4337.95,4622.56,4057.95,4633.85,4209.23,4247.18,4203.08,4265.13,4608.72,4354.36,1
4285.64,3992.82,4248.21,4096.41,4331.79,4616.41,4057.44,4628.21,4201.54,4246.67,4204.62,4269.23,4608.21,4354.36,1
4291.79,3994.36,4260.51,4097.95,4333.33,4617.44,4062.05,4624.1,4206.15,4245.64,4205.13,4278.97,4604.62,4360.51,1
4292.31,3996.92,4267.69,4098.97,4332.31,4621.54,4064.62,4624.1,4211.28,4242.05,4200.51,4279.49,4601.03,4357.44,1
4281.03,3993.33,4255.9,4092.82,4326.15,4621.03,4061.54,4623.59,4204.62,4232.82,4188.21,4267.18,4594.36,4341.54,1
4273.33,3987.69,4244.1,4088.72,4325.13,4617.95,4056.41,4618.46,4192.31,4222.56,4178.46,4254.87,4584.62,4332.82,1
4275.38,3988.72,4250.26,4094.36,4327.69,4614.36,4048.21,4605.64,4183.59,4222.56,4182.56,4255.9,4585.64,4342.05,1
4282.05,3990.77,4261.03,4097.95,4328.72,4610.26,4043.08,4598.97,4180.51,4224.62,4190.26,4267.18,4595.38,4356.41,1
4291.79,3992.82,4265.13,4099.49,4330.26,4611.79,4044.62,4606.15,4184.1,4226.15,4193.33,4276.92,4600.51,4363.08,1
4296.92,3997.95,4266.67,4103.08,4330.26,4613.85,4046.15,4611.28,4184.62,4226.15,4193.33,4278.46,4597.95,4358.97,1
4288.72,3997.44,4261.03,4100.51,4326.67,4608.72,4047.18,4610.77,4184.1,4221.03,4191.79,4271.28,4591.79,4351.79,1
4283.59,3993.33,4256.92,4099.49,4326.15,4606.67,4047.18,4612.82,4192.82,4220.51,4188.72,4261.54,4589.23,4348.72,1
4288.72,4000,4258.46,4103.59,4329.74,4608.21,4041.54,4610.77,4194.87,4224.62,4187.18,4258.97,4593.33,4345.64,1
4288.21,4004.62,4254.87,4104.1,4330.26,4605.64,4035.9,4600.51,4181.54,4225.64,4187.69,4262.05,4594.87,4344.1,1
4283.08,3998.97,4250.77,4099.49,4329.23,4606.15,4036.92,4602.05,4185.13,4227.69,4189.74,4264.1,4594.36,4347.69,1
4283.59,3995.9,4253.33,4099.49,4329.74,4607.69,4038.97,4615.38,4205.64,4234.87,4193.33,4266.15,4600,4349.74,1
4287.69,4002.56,4250.26,4102.56,4329.74,4604.1,4038.97,4618.46,4203.59,4241.54,4195.9,4267.69,4606.67,4352.82,1
4291.28,4005.13,4247.69,4103.59,4331.28,4606.15,4044.62,4611.28,4191.79,4242.56,4198.97,4268.72,4605.64,4355.38,1
4288.21,3996.41,4250.77,4102.05,4327.69,4612.31,4048.21,4606.67,4188.21,4229.23,4193.85,4266.67,4596.92,4346.15,1
4280.51,3985.64,4249.74,4094.87,4321.54,4609.23,4043.59,4607.18,4182.05,4215.9,4183.59,4264.1,4588.72,4339.49,1
4279.49,3989.74,4252.31,4093.85,4321.54,4603.08,4045.13,4608.72,4182.05,4222.05,4184.62,4266.15,4588.72,4347.69,1
4285.13,3993.85,4261.03,4100,4322.56,4602.56,4052.31,4608.21,4191.28,4229.23,4192.31,4270.77,4592.82,4352.31,1
4287.69,3987.69,4263.59,4103.08,4323.59,4606.15,4054.36,4610.26,4192.82,4226.67,4193.33,4272.31,4592.82,4350.77,1
4287.18,3985.64,4266.67,4105.13,4325.64,4612.82,4056.92,4617.44,4194.87,4230.77,4192.82,4275.38,4591.28,4355.38,1
4286.67,3990.26,4269.74,4106.67,4325.64,4615.9,4064.62,4620.51,4199.49,4235.38,4194.87,4280,4591.28,4355.9,1
4284.62,3986.67,4266.67,4102.56,4323.08,4615.9,4066.15,4614.87,4190.77,4230.26,4191.79,4276.41,4587.69,4346.15,1
4280,3978.46,4261.03,4097.44,4322.05,4615.9,4061.03,4609.23,4185.13,4225.13,4185.64,4264.62,4583.59,4343.08,1
4279.49,3986.15,4260.51,4104.62,4327.18,4617.95,4060.51,4609.23,4191.79,4227.69,4188.72,4261.03,4588.21,4350.77,1
4283.08,3996.41,4262.56,4109.74,4332.82,4619.49,4059.49,4606.67,4187.69,4228.21,4192.82,4266.15,4593.85,4351.79,1
4285.64,3995.9,4261.03,4107.69,4331.79,4615.9,4052.31,4599.49,4178.97,4222.56,4190.77,4268.21,4589.74,4347.18,1
4292.31,3999.49,4261.03,4116.92,4331.28,4610.77,4046.15,4601.54,4192.31,4225.13,4195.38,4273.33,4592.82,4358.46,1
4306.15,4010.77,4270.26,4126.15,4337.95,4611.79,4047.18,4615.9,4213.33,4243.08,4209.74,4286.67,4609.23,4375.38,1
4311.28,4016.41,4277.95,4121.03,4343.59,4616.41,4050.26,4627.69,4216.41,4256.92,4217.44,4294.36,4621.03,4377.44,1
4305.64,4012.82,4271.28,4117.95,4342.56,4617.95,4052.82,4631.28,4219.49,4256.41,4215.9,4289.23,4622.56,4372.31,1
4300,4008.72,4263.08,4121.54,4340,4620,4056.41,4627.69,4217.44,4251.79,4212.82,4280.51,4616.41,4369.23,1
4297.44,4004.1,4262.05,4119.49,4335.9,4623.59,4058.97,4620.51,4199.49,4245.64,4208.72,4277.44,4609.23,4363.59,1
4296.92,4005.13,4263.59,4116.92,4332.82,4623.59,4054.36,4615.38,4190.26,4236.41,4204.1,4277.44,4605.13,4361.54,1
4295.9,4008.72,4265.13,4118.97,4333.33,4625.64,4052.31,4615.38,4198.46,4233.85,4201.54,4276.92,4603.08,4360,1
4294.36,4008.72,4265.64,4121.03,4333.85,4625.13,4056.92,4616.92,4197.95,4237.95,4204.1,4274.87,4604.1,4356.92,1
4293.33,4007.18,4269.23,4121.03,4332.31,4617.95,4058.97,4612.82,4189.74,4235.38,4202.05,4274.87,4603.08,4358.97,1
4294.36,4007.18,4275.38,4121.54,4330.77,4613.85,4056.92,4611.28,4192.82,4229.74,4197.95,4279.49,4597.95,4363.08,1
4296.92,4009.74,4280.51,4123.59,4333.85,4616.41,4054.87,4612.82,4193.85,4230.26,4200.51,4282.05,4598.46,4364.1,1
4298.46,4011.79,4280,4123.59,4337.44,4617.95,4052.31,4610.77,4194.87,4233.85,4203.08,4279.49,4602.56,4362.05,1
4298.46,4012.82,4272.82,4122.56,4337.44,4617.44,4045.64,4609.23,4203.59,4239.49,4201.03,4273.33,4603.59,4358.46,1
4295.38,4014.36,4264.62,4123.08,4337.44,4617.95,4041.54,4608.21,4199.49,4238.46,4198.46,4270.77,4602.56,4354.87,1
4291.79,4012.82,4263.08,4123.08,4336.41,4617.44,4045.13,4601.03,4182.56,4228.72,4195.9,4269.74,4598.97,4355.38,1
4295.38,4010.77,4264.62,4123.59,4337.95,4618.46,4047.69,4594.87,4180.51,4228.21,4197.95,4272.82,4601.03,4364.1,1
4303.59,4014.36,4267.69,4127.69,4339.49,4621.54,4048.72,4605.13,4196.92,4241.03,4209.23,4282.56,4614.87,4373.33,1
4303.08,4015.38,4267.18,4122.05,4336.92,4620.51,4052.31,4617.44,4202.05,4246.15,4215.38,4285.13,4617.95,4369.74,1
4295.9,4010.26,4257.95,4109.74,4333.85,4615.9,4055.9,4615.9,4195.38,4240,4209.23,4277.44,4606.15,4363.08,1
4291.79,4002.05,4248.21,4105.13,4332.82,4615.38,4060,4612.82,4194.87,4238.46,4204.62,4270.77,4600.51,4361.54,1
4287.18,3996.41,4248.72,4101.54,4330.26,4617.95,4062.05,4615.38,4200,4237.44,4202.05,4268.21,4600,4357.44,1
4284.1,3997.44,4249.74,4099.49,4328.21,4621.03,4055.9,4617.44,4209.74,4239.49,4200.51,4268.72,4599.49,4352.31,1
4287.69,4004.1,4246.67,4101.54,4331.28,4622.05,4054.36,4620,4210.26,4246.15,4198.46,4269.23,4598.46,4352.31,1
4293.85,4004.62,4245.64,4103.59,4335.38,4621.54,4058.97,4620.51,4195.38,4246.15,4197.95,4267.18,4596.41,4351.28,1
4295.9,4000.51,4251.79,4104.1,4335.38,4622.05,4058.46,4616.41,4186.15,4238.46,4199.49,4267.69,4594.36,4352.82,1
4296.92,4004.1,4261.54,4106.15,4334.87,4620,4052.82,4613.33,4192.31,4234.87,4203.59,4276.92,4598.97,4366.15,1
4303.08,4004.1,4265.64,4105.64,4336.41,4615.9,4053.85,4614.36,4195.38,4239.49,4210.77,4287.18,4609.23,4376.92,1
4306.67,3997.44,4264.62,4103.08,4338.97,4616.92,4063.08,4614.36,4194.36,4245.13,4215.38,4290.77,4614.36,4375.38,1
4303.59,4004.1,4266.67,4105.64,4338.97,4618.46,4064.62,4615.9,4202.56,4250.26,4212.31,4287.18,4609.74,4369.74,1
4301.03,4020.51,4267.18,4110.77,4335.9,4615.38,4057.44,4618.46,4206.67,4250.26,4202.56,4280.51,4598.46,4359.49,1
4302.56,4027.69,4263.59,4113.85,4336.41,4614.36,4051.28,4617.44,4195.9,4250.77,4201.54,4277.95,4590.77,4354.36,1
4305.64,4031.79,4265.13,4113.33,4341.03,4618.46,4049.74,4617.95,4191.79,4250.26,4204.62,4279.49,4592.82,4361.54,1
4304.62,4034.87,4261.54,4111.28,4338.97,4618.97,4051.28,4622.05,4204.1,4246.67,4200.51,4277.44,4596.92,4367.18,1
4300.51,4027.69,4250.77,4109.23,4336.41,4615.9,4052.31,4621.03,4208.72,4249.74,4198.97,4273.33,4592.82,4360.51,1
4298.97,4024.62,4251.79,4110.26,4342.05,4619.49,4052.82,4621.03,4204.62,4254.87,4204.1,4272.31,4590.77,4358.97,1
4303.59,4029.23,4262.56,4113.85,4345.64,4626.67,4054.36,4631.28,4217.44,4255.38,4205.64,4276.92,4597.95,4368.21,1
4303.08,4027.18,4262.05,4110.77,4340.51,4624.1,4057.95,4633.33,4221.54,4255.38,4203.59,4278.97,4598.46,4365.64,1
4295.38,4021.54,4254.87,4105.13,4333.85,4615.9,4054.87,4618.97,4195.9,4250.26,4197.95,4272.31,4586.15,4352.31,1
4293.85,4023.08,4256.41,4107.69,4332.31,4614.36,4047.69,4609.23,4185.64,4240.51,4191.28,4267.18,4577.95,4347.18,1
4292.82,4025.13,4263.59,4112.82,4331.79,4617.44,4047.69,4610.77,4196.92,4240,4190.77,4268.21,4580,4348.72,1
4291.28,4022.56,4261.54,4110.77,4330.77,4615.38,4050.77,4612.82,4194.36,4239.49,4189.23,4268.72,4580.51,4348.72,1
4291.79,4020.51,4254.36,4106.15,4334.36,4614.87,4052.31,4613.33,4190.26,4237.44,4190.26,4269.74,4579.49,4350.26,1
4293.33,4022.56,4257.44,4108.72,4337.44,4620.51,4057.44,4615.38,4196.41,4240,4195.9,4274.87,4582.56,4354.36,1
4294.87,4026.15,4267.18,4119.49,4334.87,4621.54,4059.49,4616.41,4191.28,4237.44,4193.33,4275.38,4580,4352.82,1
4294.87,4026.67,4265.64,4125.13,4334.36,4615.9,4054.36,4614.87,4188.21,4233.85,4188.21,4271.79,4573.85,4350.26,1
4296.92,4023.59,4262.56,4117.44,4341.54,4614.87,4054.87,4619.49,4203.08,4239.49,4192.82,4275.38,4579.49,4353.85,1
4299.49,4023.59,4266.15,4113.33,4344.1,4621.54,4061.03,4622.56,4205.64,4242.05,4198.46,4282.05,4588.21,4357.44,1
4297.44,4025.64,4263.59,4117.95,4340,4626.15,4058.97,4618.46,4196.92,4238.46,4194.87,4275.9,4583.59,4353.33,1
4295.38,4027.69,4260.51,4118.97,4340.51,4622.05,4053.33,4618.97,4205.13,4244.1,4193.33,4268.21,4582.56,4352.31,1
4297.95,4028.21,4264.1,4114.36,4343.59,4618.46,4051.28,4622.56,4208.72,4248.72,4196.92,4271.79,4588.72,4358.97,1
4297.95,4025.64,4266.15,4111.28,4341.54,4619.49,4052.31,4616.41,4193.33,4240.51,4196.92,4277.44,4584.1,4359.49,1
4294.36,4021.54,4263.59,4110.26,4337.44,4620,4056.41,4610.26,4189.74,4233.85,4196.92,4277.44,4576.41,4354.87,1
4289.23,4018.46,4261.03,4107.18,4335.38,4616.92,4061.03,4614.36,4196.41,4233.85,4194.87,4273.85,4578.97,4350.26,1
4284.1,4020,4260.51,4104.62,4335.9,4616.92,4061.54,4619.49,4194.87,4236.41,4189.74,4269.23,4580.51,4349.23,1
4287.69,4023.08,4261.54,4105.64,4337.44,4619.49,4058.46,4617.95,4195.9,4237.44,4190.26,4267.69,4577.95,4351.28,1
4288.72,4016.92,4260.51,4104.62,4335.9,4617.44,4054.36,4615.38,4193.85,4230.77,4191.28,4267.18,4576.41,4347.69,1
4280.51,4008.21,4256.92,4100.51,4329.74,4614.87,4053.33,4614.87,4184.62,4221.54,4185.64,4265.64,4570.77,4341.03,1
4284.1,4011.28,4257.95,4100,4329.74,4618.46,4062.05,4620,4188.72,4223.08,4184.62,4266.67,4569.74,4344.62,1
4294.36,4016.41,4263.59,4106.15,4336.41,4623.59,4068.21,4624.1,4199.49,4235.9,4192.31,4270.26,4580,4354.36,1
4294.36,4013.33,4265.13,4106.15,4337.95,4623.59,4060,4623.59,4198.46,4242.05,4196.41,4273.33,4583.59,4354.87,1
4288.21,4012.82,4261.54,4102.56,4336.92,4621.54,4054.36,4622.05,4194.36,4241.03,4194.87,4273.33,4580.51,4350.77,1
4286.67,4015.9,4261.03,4104.1,4340,4618.97,4056.92,4620.51,4198.97,4245.13,4195.38,4269.23,4586.67,4351.79,1
4287.69,4018.46,4263.08,4105.13,4342.05,4618.46,4055.9,4623.59,4206.67,4251.28,4197.44,4265.64,4588.21,4349.74,1
4290.26,4018.97,4260,4104.62,4343.08,4622.05,4055.9,4628.21,4206.67,4250.77,4197.44,4267.18,4582.56,4351.28,1
4293.85,4018.46,4259.49,4107.18,4343.59,4626.15,4060.51,4627.18,4202.05,4248.21,4195.9,4271.28,4585.64,4357.95,1
4291.79,4014.36,4261.54,4107.69,4338.46,4624.1,4064.1,4625.64,4201.54,4245.13,4194.36,4270.77,4584.62,4355.38,1
4284.1,4009.23,4253.85,4100.51,4332.31,4620.51,4064.1,4630.77,4205.13,4238.97,4190.77,4267.69,4574.36,4345.64,1
4283.08,4007.69,4250.26,4098.97,4332.82,4618.46,4063.59,4633.85,4207.18,4237.44,4190.26,4268.21,4575.9,4349.74,1
4290.77,4010.26,4259.49,4102.56,4333.33,4615.38,4057.95,4630.26,4208.21,4243.59,4194.87,4270.26,4585.13,4358.46,1
4294.36,4014.87,4263.59,4104.1,4333.33,4612.82,4050.77,4624.62,4195.38,4242.05,4195.9,4267.18,4583.08,4353.85,1
4292.82,4020,4262.56,4111.28,4337.95,4613.85,4053.33,4616.41,4177.95,4229.74,4190.77,4263.08,4579.49,4349.23,1
4296.41,4024.62,4266.15,4120,4345.13,4615.38,4057.95,4611.28,4182.56,4226.15,4191.79,4267.69,4585.64,4355.9,1
4297.95,4026.15,4266.67,4118.46,4346.67,4617.44,4056.92,4614.87,4195.9,4238.46,4197.95,4272.82,4590.77,4360.51,1
4291.28,4024.1,4263.08,4112.82,4344.1,4620.51,4056.41,4623.08,4201.54,4246.67,4201.03,4269.74,4587.69,4352.82,1
4283.59,4021.54,4264.1,4110.77,4344.1,4619.49,4056.41,4623.59,4204.1,4241.54,4195.38,4264.1,4578.97,4343.59,1
4278.46,4016.41,4263.59,4107.69,4342.05,4615.38,4052.31,4613.33,4195.9,4230.77,4185.64,4260.51,4570.77,4338.97,1
4276.92,4009.23,4253.85,4105.13,4334.87,4612.82,4048.21,4608.21,4183.08,4222.05,4182.05,4256.41,4568.21,4334.87,1
4276.41,4009.23,4249.23,4105.13,4333.33,4612.82,4051.28,4611.79,4185.64,4221.03,4183.59,4252.82,4570.77,4333.33,1
4277.44,4014.36,4254.36,4106.67,4341.03,4614.36,4051.28,4614.36,4188.21,4225.64,4186.67,4257.95,4573.33,4338.46,1
4280,4012.82,4254.87,4108.72,4344.1,4615.9,4047.18,4615.38,4188.72,4229.23,4189.23,4265.13,4573.85,4347.69,1
4283.59,4009.74,4253.33,4108.72,4341.03,4617.95,4049.23,4618.46,4193.33,4227.69,4189.23,4261.54,4576.41,4350.77,1
4285.64,4017.44,4260,4106.67,4343.08,4618.97,4051.28,4615.9,4192.31,4228.72,4194.36,4261.54,4584.1,4355.38,1
4288.21,4022.56,4267.18,4110.77,4344.62,4617.95,4048.72,4619.49,4201.03,4239.49,4201.54,4270.26,4590.26,4363.59,1
4296.41,4017.95,4273.33,4118.46,4343.08,4620.51,4052.31,4630.77,4211.79,4246.15,4204.1,4280,4588.72,4368.72,1
4302.05,4016.41,4277.95,4120,4343.59,4621.54,4055.9,4625.64,4197.95,4238.97,4204.1,4284.1,4586.67,4367.69,1
4296.92,4015.9,4275.38,4118.97,4340.51,4615.9,4052.31,4614.87,4185.13,4227.69,4199.49,4280,4582.05,4360.51,1
4291.28,4014.87,4271.79,4118.97,4340,4616.41,4053.33,4619.49,4200,4229.74,4196.41,4278.46,4578.46,4360,1
4295.38,4014.87,4271.79,4116.41,4341.54,4621.54,4058.46,4628.21,4213.33,4242.05,4204.62,4281.54,4587.69,4363.59,1
4295.9,4013.85,4270.77,4114.87,4337.44,4617.95,4053.85,4625.64,4205.64,4244.62,4208.72,4281.03,4595.9,4364.1,1
4297.44,4018.46,4275.38,4120,4338.97,4614.87,4047.18,4620.51,4201.54,4240.51,4206.15,4280,4593.85,4366.67,1
4303.08,4025.64,4281.54,4125.64,4347.18,4617.44,4046.15,4622.05,4211.79,4241.54,4209.23,4280,4594.36,4367.18,1
4300,4022.56,4277.44,4124.1,4344.62,4615.9,4046.15,4625.64,4211.79,4244.1,4207.18,4273.85,4596.41,4356.92,1
4291.79,4015.9,4267.69,4120,4338.46,4613.33,4046.15,4622.05,4193.33,4235.38,4196.41,4271.79,4590.26,4352.82,1
4292.82,4017.44,4264.1,4120,4341.54,4614.36,4049.23,4616.92,4188.21,4226.67,4195.9,4278.97,4585.13,4360,1
4294.36,4017.95,4263.59,4120.51,4343.59,4612.31,4053.85,4617.44,4197.95,4230.26,4199.49,4275.9,4584.62,4354.36,1
4292.82,4016.41,4267.18,4122.05,4343.59,4611.28,4052.82,4614.87,4190.26,4232.31,4194.36,4270.26,4587.69,4354.87,1
4295.38,4021.54,4272.82,4124.62,4346.67,4614.87,4050.77,4609.23,4181.03,4230.26,4196.92,4278.97,4593.85,4368.72,1
4298.97,4023.08,4272.31,4124.62,4345.13,4617.44,4050.26,4608.21,4190.77,4232.31,4203.59,4285.13,4593.85,4368.21,1
4301.54,4021.54,4271.79,4124.1,4342.56,4617.44,4045.64,4609.74,4199.49,4234.87,4202.56,4278.97,4590.77,4360.51,1
4306.15,4026.15,4276.41,4127.69,4346.67,4611.79,4040,4609.74,4197.95,4235.38,4202.56,4277.95,4594.36,4367.69,1
4307.18,4027.18,4278.46,4130.77,4347.18,4604.62,4040.51,4605.64,4190.77,4233.85,4205.64,4282.05,4596.92,4370.26,1
4301.54,4017.95,4273.33,4127.18,4341.03,4605.64,4043.59,4597.44,4176.92,4226.67,4198.97,4277.95,4588.21,4357.44,1
4295.9,4012.82,4269.74,4123.59,4340,4610.26,4044.1,4591.79,4172.31,4218.46,4189.74,4272.82,4581.03,4352.31,1
4292.31,4012.31,4267.69,4122.05,4342.05,4610.26,4046.67,4600,4183.59,4214.87,4188.21,4273.33,4577.44,4350.26,1
4290.26,4009.74,4263.59,4122.05,4342.56,4612.31,4046.15,4612.82,4190.77,4214.36,4187.69,4270.77,4572.82,4349.23,1
4294.36,4015.9,4265.64,4125.64,4345.13,4616.92,4041.03,4613.85,4194.36,4224.62,4193.85,4271.28,4579.49,4354.87,1
4293.85,4019.49,4263.08,4125.13,4346.15,4614.87,4041.54,4605.13,4194.36,4233.85,4200,4272.82,4588.21,4353.85,1
4285.64,4011.28,4254.36,4118.46,4345.13,4610.26,4044.62,4598.46,4186.15,4226.15,4196.41,4267.69,4584.1,4350.77,1
4286.15,4009.23,4254.36,4117.95,4345.13,4612.82,4046.15,4602.05,4187.69,4222.05,4193.85,4264.1,4581.03,4353.85,1
4291.79,4013.33,4256.92,4117.95,4342.05,4615.9,4051.28,4611.28,4200.51,4230.77,4197.44,4268.21,4586.15,4353.85,1
4289.23,4008.21,4252.31,4109.74,4338.97,4615.38,4054.87,4611.79,4197.95,4233.85,4196.92,4266.67,4587.18,4352.82,1
4284.62,4005.13,4246.15,4104.62,4342.05,4613.85,4046.15,4602.05,4182.05,4226.67,4196.41,4262.56,4584.62,4358.97,1
4285.13,4009.74,4247.69,4108.21,4343.08,4616.92,4040.51,4596.92,4177.44,4221.54,4196.92,4266.15,4586.67,4360,1
4288.21,4006.15,4249.23,4109.74,4342.56,4618.97,4050.26,4602.56,4182.56,4219.49,4191.28,4265.64,4583.08,4351.79,1
4287.18,4000,4247.18,4104.62,4342.56,4616.92,4057.44,4606.15,4180.51,4214.36,4180.51,4257.95,4571.28,4347.18,1
4282.05,4000.51,4249.23,4099.49,4336.41,4613.33,4051.79,4603.59,4170.77,4206.67,4177.44,4257.44,4563.59,4346.15,1
4282.05,4001.03,4245.13,4096.92,4331.28,4612.82,4049.74,4604.1,4172.82,4205.64,4183.08,4262.05,4566.15,4346.15,1
4287.69,4002.56,4236.92,4099.49,4337.95,4615.38,4054.36,4607.18,4186.15,4214.87,4189.23,4260.51,4574.36,4350.26,1
4290.77,4008.21,4237.95,4099.49,4342.05,4615.9,4053.85,4607.18,4191.79,4224.1,4192.82,4258.46,4577.95,4354.36,1
4288.21,4003.59,4245.64,4092.82,4335.9,4615.38,4055.9,4608.72,4189.23,4228.21,4194.87,4262.05,4578.97,4353.33,1
4285.13,3992.82,4244.62,4090.26,4333.85,4616.92,4060,4608.21,4189.23,4228.72,4195.38,4265.13,4584.1,4352.31,1
4283.59,3995.9,4243.08,4094.36,4340.51,4618.46,4056.92,4606.15,4190.77,4227.69,4197.44,4263.59,4585.64,4354.36,1
4285.13,4004.1,4246.15,4095.9,4344.1,4616.92,4054.87,4610.77,4193.33,4233.33,4201.03,4262.05,4586.67,4354.36,1
4282.05,3998.46,4238.46,4094.87,4342.05,4618.46,4060,4614.36,4196.92,4237.44,4198.97,4260,4590.77,4351.79,1
4276.41,3993.85,4230.77,4095.38,4337.95,4618.97,4062.56,4608.72,4192.31,4230.26,4193.33,4256.41,4585.13,4350.26,1
4276.92,3995.38,4234.87,4094.87,4333.85,4609.23,4056.41,4607.69,4190.26,4223.08,4191.28,4254.36,4576.41,4348.72,1
4272.31,3989.74,4235.38,4091.28,4330.26,4605.64,4053.85,4613.33,4194.36,4224.62,4186.15,4252.82,4574.36,4343.08,1
4263.59,3983.08,4229.74,4088.21,4330.26,4613.85,4056.92,4609.23,4186.67,4217.95,4178.46,4248.21,4570.77,4335.9,1
4267.18,3988.72,4229.74,4092.82,4334.36,4615.9,4056.41,4602.56,4178.46,4209.74,4178.97,4247.18,4569.23,4340.51,1
4278.46,3995.38,4239.49,4100.51,4337.44,4611.79,4055.38,4604.62,4187.18,4217.95,4188.21,4254.36,4576.92,4351.28,1
4283.08,3999.49,4246.67,4103.59,4341.03,4612.82,4059.49,4608.72,4192.82,4227.18,4195.9,4263.59,4583.59,4357.44,1
4286.15,4006.15,4248.21,4105.64,4345.64,4616.41,4060.51,4605.64,4186.15,4225.13,4198.97,4268.72,4588.21,4362.05,1
4293.85,4010.26,4248.21,4108.72,4342.56,4613.85,4056.92,4604.1,4187.18,4227.69,4199.49,4268.72,4592.31,4366.67,1
4294.36,4007.69,4249.74,4108.72,4341.54,4614.87,4057.44,4608.72,4196.41,4235.38,4197.95,4269.74,4591.79,4366.67,1
4292.31,4007.18,4255.9,4108.72,4346.15,4622.56,4065.13,4615.38,4202.05,4235.9,4201.54,4275.38,4591.79,4366.15,1
4297.95,4012.31,4261.54,4111.28,4342.05,4624.62,4067.69,4622.05,4206.67,4236.41,4208.72,4282.05,4593.85,4371.28,1
4300.51,4009.23,4263.08,4109.74,4332.31,4616.92,4061.03,4619.49,4203.59,4239.49,4204.62,4281.03,4590.77,4371.28,1
4293.33,4002.05,4261.54,4106.67,4334.36,4613.85,4054.87,4611.79,4191.79,4237.44,4197.44,4273.85,4589.23,4366.15,1
4288.21,4002.56,4256.41,4106.67,4341.54,4617.95,4057.44,4610.26,4187.18,4232.31,4202.56,4272.31,4591.79,4365.64,1
4288.21,4006.15,4250.26,4106.67,4337.44,4617.44,4064.62,4614.87,4190.77,4229.23,4206.15,4273.33,4590.77,4363.59,1
4286.15,4006.67,4248.21,4106.15,4331.79,4614.87,4062.05,4612.31,4189.74,4231.79,4200,4269.23,4588.72,4358.97,1
4284.1,4006.15,4250.77,4106.15,4335.38,4613.85,4051.79,4602.05,4181.54,4232.82,4197.44,4269.23,4588.21,4362.56,1
4285.64,4003.59,4255.38,4104.62,4337.44,4611.79,4051.79,4600.51,4182.05,4227.18,4196.92,4271.79,4583.59,4363.08,1
4283.59,4003.59,4260.51,4105.64,4334.87,4612.82,4056.92,4608.21,4192.82,4224.62,4191.79,4266.15,4577.95,4357.44,1
4288.21,4008.21,4261.54,4109.74,4336.92,4614.36,4054.87,4610.77,4195.38,4230.26,4193.33,4266.67,4581.03,4362.56,1
4293.85,4011.28,4263.08,4110.26,4340.51,4611.79,4054.36,4606.67,4189.23,4230.77,4198.97,4274.87,4588.72,4368.21,1
4289.74,4008.72,4262.56,4108.21,4336.92,4612.82,4060,4607.69,4192.31,4226.67,4198.46,4269.23,4587.18,4358.46,1
4283.08,4002.05,4253.33,4103.59,4330.77,4613.85,4061.03,4610.26,4193.85,4224.1,4191.79,4259.49,4577.95,4349.23,1
4284.62,3998.97,4248.21,4097.44,4331.28,4612.82,4056.41,4601.03,4180.51,4220.51,4188.21,4263.59,4574.36,4355.9,1
4289.23,4004.1,4251.79,4098.97,4332.82,4614.36,4055.9,4592.82,4173.85,4217.95,4191.79,4268.21,4581.03,4363.59,1
4290.77,4003.08,4251.28,4104.62,4329.23,4610.77,4058.46,4594.87,4178.97,4216.92,4191.28,4266.67,4583.59,4361.03,1
4286.67,3997.44,4250.26,4105.13,4327.69,4603.08,4054.36,4594.87,4176.92,4212.82,4189.23,4264.1,4578.46,4354.87,1
4286.15,3999.49,4257.44,4104.62,4332.31,4604.62,4051.28,4593.85,4178.46,4211.79,4190.77,4262.05,4577.95,4353.85,1
4294.87,4007.18,4264.62,4108.21,4335.9,4611.79,4055.9,4602.05,4188.72,4219.49,4193.33,4266.67,4583.59,4361.03,1
4297.44,4007.18,4265.13,4107.69,4332.82,4613.33,4058.46,4606.67,4188.72,4223.59,4193.85,4270.77,4583.59,4364.1,1
4291.28,4002.56,4261.54,4107.18,4332.82,4611.28,4058.97,4604.62,4184.62,4220.51,4195.9,4267.18,4581.54,4361.03,1
4292.31,4007.18,4258.97,4111.28,4337.95,4613.85,4062.56,4609.23,4188.72,4222.05,4203.59,4269.74,4588.21,4364.1,1
4296.41,4014.87,4264.62,4111.79,4339.49,4615.9,4063.59,4612.31,4189.23,4229.23,4207.69,4280,4595.38,4372.31,1
4292.31,4009.74,4264.62,4105.64,4331.79,4609.23,4058.97,4605.64,4181.54,4228.72,4202.56,4276.92,4592.82,4364.1,1
4283.59,4002.56,4253.33,4102.05,4325.64,4606.15,4054.36,4599.49,4175.9,4217.95,4194.36,4263.59,4582.05,4349.74,1
4281.03,4006.67,4245.64,4106.67,4330.77,4611.79,4051.79,4596.41,4176.92,4211.28,4191.28,4261.03,4580,4352.82,1
4282.05,4011.28,4249.23,4107.69,4335.9,4614.87,4051.79,4600,4183.59,4218.46,4195.38,4266.67,4586.67,4360.51,1
4284.62,4011.79,4254.87,4105.64,4334.87,4610.77,4055.38,4608.21,4191.79,4228.72,4200,4269.23,4591.28,4358.97,1
4290.77,4012.31,4259.49,4114.87,4332.82,4606.15,4054.87,4609.74,4193.33,4229.23,4199.49,4268.72,4588.72,4360.51,1
4293.85,4011.79,4262.05,4123.08,4333.33,4606.15,4051.28,4607.18,4187.69,4226.67,4195.38,4269.23,4582.05,4360.51,1
4289.23,4011.28,4261.03,4113.85,4337.44,4611.28,4056.92,4607.69,4181.54,4227.18,4192.31,4268.72,4578.97,4355.9,1
4290.26,4013.33,4263.08,4107.18,4339.49,4616.92,4064.1,4608.21,4184.62,4227.18,4195.38,4268.21,4585.13,4360.51,1
4294.36,4013.85,4263.59,4115.9,4335.9,4616.92,4061.54,4608.72,4191.28,4227.18,4197.44,4268.21,4588.21,4364.62,1
4292.82,4012.82,4261.03,4116.92,4334.87,4615.9,4055.38,4611.79,4187.69,4225.64,4195.38,4267.18,4583.08,4362.05,1
4295.9,4017.44,4263.59,4114.87,4340.51,4613.85,4050.77,4607.18,4181.03,4225.64,4199.49,4271.28,4590.26,4368.21,1
4299.49,4019.49,4265.13,4120.51,4340,4609.74,4047.69,4597.95,4182.05,4229.23,4207.18,4275.9,4599.49,4369.23,1
4293.85,4012.82,4262.05,4119.49,4332.31,4606.15,4050.26,4602.05,4186.15,4225.13,4201.03,4271.79,4586.67,4356.92,1
4289.23,4010.77,4261.54,4113.85,4328.21,4604.1,4054.87,4610.26,4190.26,4218.97,4190.26,4265.64,4576.92,4354.87,1
4293.33,4016.41,4263.08,4118.46,4332.31,4607.69,4054.36,4609.74,4194.36,4225.13,4196.92,4270.77,4588.21,4364.62,1
4296.92,4021.03,4265.13,4123.08,4336.92,4611.28,4053.85,4606.67,4191.28,4232.31,4205.64,4277.44,4595.9,4367.18,1
4292.82,4016.41,4263.08,4120,4337.95,4613.33,4058.97,4608.72,4181.03,4229.23,4202.56,4276.41,4593.33,4363.08,1
4286.15,4008.72,4254.36,4116.41,4335.38,4615.38,4060.51,4609.74,4184.1,4225.13,4197.44,4273.85,4592.82,4362.56,1
4287.69,4010.26,4250.77,4116.92,4334.36,4615.9,4056.41,4608.72,4194.36,4225.13,4198.46,4268.21,4588.72,4360.51,1
4287.18,4014.87,4256.92,4120,4338.46,4614.87,4059.49,4611.79,4192.82,4223.08,4195.9,4263.59,4581.54,4355.9,1
4284.62,4014.87,4260.51,4123.08,4342.05,4614.87,4064.62,4613.85,4191.79,4223.59,4194.87,4269.23,4585.13,4358.97,1
4289.23,4009.74,4260.51,4123.08,4339.49,4615.38,4062.56,4612.82,4197.44,4227.18,4202.56,4276.92,4594.36,4364.1,1
4288.72,3997.95,4262.05,4117.95,4335.9,4617.95,4063.59,4613.85,4195.38,4227.18,4203.08,4275.38,4592.31,4357.95,1
4278.97,3990.77,4259.49,4111.28,4333.33,4617.95,4065.64,4616.92,4195.38,4223.08,4192.82,4271.28,4578.97,4350.26,1
4282.56,4003.59,4258.97,4115.38,4332.31,4612.82,4060,4612.82,4198.97,4223.08,4189.74,4269.74,4573.85,4353.85,1
4295.9,4020,4262.05,4123.59,4334.87,4612.82,4053.85,4597.44,4181.03,4222.05,4191.79,4267.18,4574.36,4352.31,1
4298.46,4024.1,4262.05,4126.15,4335.38,4618.46,4057.95,4589.23,4166.15,4211.28,4182.56,4266.67,4567.18,4350.77,1
4304.1,4031.28,4267.69,4129.74,4332.31,4616.92,4061.03,4599.49,4180.51,4208.72,4182.56,4274.36,4565.64,4364.62,1
4320.51,4042.56,4277.95,4138.97,4334.87,4610.26,4054.36,4608.72,4189.74,4222.05,4192.82,4280,4574.87,4376.41,1
4331.28,4053.33,4284.62,4146.15,4342.05,4610.26,4051.28,4608.72,4184.62,4229.74,4196.92,4282.05,4582.05,4380,1
4331.28,4059.49,4287.69,4146.15,4341.03,4613.85,4057.44,4612.31,4191.28,4225.64,4202.05,4285.64,4586.67,4383.08,1
4326.15,4052.31,4284.62,4140.51,4337.44,4614.87,4058.97,4616.92,4198.46,4223.59,4205.13,4285.64,4587.18,4380.51,1
4317.44,4044.1,4276.92,4136.41,4341.54,4616.41,4054.87,4614.36,4191.28,4225.13,4196.41,4282.56,4578.97,4368.21,1
4314.36,4047.18,4278.97,4137.95,4345.13,4617.95,4054.87,4606.15,4181.54,4221.54,4191.79,4282.05,4573.33,4361.54,1
4313.85,4049.23,4282.56,4138.46,4341.54,4616.92,4058.97,4599.49,4176.92,4212.31,4192.31,4278.97,4570.77,4357.95,1
4306.15,4042.56,4271.28,4137.95,4335.9,4614.36,4056.92,4597.95,4176.41,4207.69,4185.13,4272.31,4565.13,4346.15,1
4298.97,4037.95,4266.67,4135.9,4335.38,4609.23,4051.28,4592.82,4170.77,4209.74,4178.46,4269.23,4560.51,4330.77,1
4300,4036.41,4276.41,4134.87,4338.97,4602.05,4046.67,4583.08,4163.08,4207.69,4181.54,4269.74,4563.08,4329.74,1
4301.03,4034.87,4284.1,4138.97,4340,4599.49,4044.62,4585.13,4171.79,4202.56,4184.62,4274.36,4569.23,4345.13,1
4294.36,4024.62,4276.92,4134.36,4335.38,4605.13,4045.64,4595.9,4181.54,4207.18,4178.97,4278.97,4565.13,4352.31,1
4286.67,4021.03,4267.69,4125.64,4340,4613.33,4047.69,4593.33,4175.38,4217.95,4175.9,4272.31,4559.49,4345.64,1
4287.18,4035.38,4265.64,4134.36,4349.23,4616.41,4048.21,4589.74,4171.79,4221.03,4183.59,4266.15,4567.18,4328.72,1
4291.79,4042.56,4265.64,4144.62,4346.15,4615.9,4047.69,4596.92,4174.36,4218.46,4184.1,4268.72,4564.62,4323.08,1
4293.33,4041.54,4265.13,4138.46,4342.56,4616.41,4047.69,4599.49,4168.21,4209.74,4172.82,4264.1,4549.74,4327.69,1
4292.82,4050.26,4262.56,4135.9,4346.15,4618.46,4049.74,4596.92,4166.67,4196.41,4166.67,4259.49,4545.64,4319.49,1
4295.38,4056.41,4265.64,4140,4347.69,4620,4051.28,4598.46,4170.77,4198.97,4172.82,4266.67,4551.28,4324.1,1
4289.23,4043.08,4265.13,4134.87,4346.15,4619.49,4050.26,4597.95,4166.67,4204.1,4174.36,4265.13,4550.26,4325.64,1
4274.36,4029.74,4255.38,4124.62,4347.69,4616.41,4050.26,4594.87,4168.72,4198.97,4162.05,4257.95,4545.64,4297.95,1
4266.15,4028.72,4247.18,4118.46,4345.64,4615.38,4050.26,4595.38,4180,4202.05,4156.92,4256.92,4540,4287.18,1
4265.64,4020.51,4248.21,4114.36,4337.44,4615.38,4048.72,4593.33,4165.64,4209.74,4162.56,4250.77,4534.87,4298.97,1
4261.54,4007.69,4248.72,4105.64,4333.33,4611.79,4050.77,4589.74,4147.69,4198.46,4160,4246.15,4533.85,4287.18,1
4250.26,4002.56,4240,4099.49,4334.87,4609.23,4055.9,4596.92,4167.18,4193.85,4156.41,4250.77,4533.33,4272.31,1
4242.05,4005.13,4230.26,4103.08,4336.92,4612.82,4059.49,4606.15,4178.46,4208.21,4162.05,4249.74,4535.9,4278.46,1
4244.1,4006.67,4233.85,4107.69,4340,4616.92,4060.51,4601.54,4164.1,4209.23,4165.64,4248.72,4541.03,4276.92,1
4251.28,4006.67,4247.69,4106.67,4341.54,4616.41,4062.56,4602.56,4170.26,4206.15,4170.26,4258.46,4544.1,4272.31,1
4249.74,4004.62,4248.72,4101.03,4336.92,4613.33,4063.08,4613.33,4178.97,4212.31,4172.31,4261.54,4541.03,4269.74,1
4238.46,3994.36,4236.92,4095.9,4334.87,4613.85,4061.03,4607.18,4161.03,4205.13,4163.59,4253.85,4533.33,4261.54,1
4229.74,3989.23,4234.36,4094.87,4336.41,4614.36,4060.51,4593.33,4154.36,4193.33,4157.95,4248.72,4530.26,4255.38,1
4224.62,3990.26,4232.31,4093.33,4335.38,4614.36,4063.08,4598.97,4169.23,4198.97,4158.97,4245.64,4527.18,4250.77,1
4217.44,3986.15,4223.59,4083.59,4332.31,4614.87,4066.15,4609.74,4170.77,4203.08,4152.82,4242.05,4522.56,4249.74,1
4211.79,3982.56,4223.08,4079.49,4332.31,4615.9,4064.62,4608.72,4165.64,4197.95,4149.74,4242.05,4523.59,4251.79,1
4220.51,3987.18,4230.77,4087.69,4334.36,4616.41,4059.49,4610.77,4169.23,4204.1,4157.44,4249.23,4530.26,4256.92,1
4230.77,3992.31,4233.85,4092.31,4338.46,4617.44,4060,4615.9,4175.9,4214.87,4166.15,4256.41,4535.38,4264.62,1
4224.1,3991.28,4233.33,4091.28,4340,4618.97,4061.54,4612.31,4177.44,4217.95,4167.69,4255.38,4540.51,4265.13,1
4219.49,3991.79,4233.33,4092.31,4340,4617.44,4057.95,4604.1,4168.72,4216.92,4165.64,4250.26,4542.56,4258.46,1
4223.08,3986.15,4233.85,4090.26,4337.95,4614.36,4059.49,4603.59,4165.64,4213.33,4163.08,4250.77,4535.38,4257.44,1
4219.49,3976.92,4234.36,4086.67,4335.9,4615.38,4065.13,4609.23,4172.31,4207.69,4160.51,4252.31,4528.72,4266.15,1
4217.95,3982.05,4231.79,4089.23,4335.38,4617.95,4063.08,4611.28,4171.79,4206.15,4158.46,4248.72,4529.23,4261.03,1
4228.21,3991.79,4235.9,4092.31,4335.9,4617.44,4059.49,4611.28,4165.13,4203.08,4156.41,4248.72,4531.79,4253.33,1
4243.08,3998.46,4247.69,4096.41,4340,4616.92,4060.51,4614.36,4171.79,4204.62,4164.1,4255.9,4537.44,4278.46,1
4255.38,4010.77,4247.18,4104.62,4342.05,4617.95,4062.05,4616.41,4182.56,4213.85,4177.44,4261.54,4549.23,4308.21,1
4259.49,4019.49,4236.41,4108.21,4336.92,4615.38,4059.49,4608.72,4169.74,4211.79,4171.79,4255.9,4548.72,4296.92,1
4248.72,4009.23,4232.82,4105.13,4332.31,4613.85,4057.95,4601.03,4155.38,4197.95,4155.9,4245.64,4533.33,4276.92,1
4237.44,4001.54,4234.87,4102.56,4335.38,4616.92,4061.03,4602.56,4162.56,4197.95,4156.41,4245.13,4531.28,4283.08,1
4241.03,4007.18,4233.85,4101.54,4336.92,4620,4066.15,4606.67,4171.28,4209.74,4166.15,4246.67,4541.03,4284.62,1
4244.1,4004.62,4233.85,4096.92,4336.92,4617.44,4069.23,4608.72,4167.69,4211.79,4166.15,4245.64,4543.08,4279.49,1
4239.49,3997.95,4236.41,4096.92,4342.05,4618.97,4073.85,4610.26,4166.67,4212.82,4167.18,4249.23,4541.03,4289.23,1
4234.87,3998.97,4234.87,4101.03,4344.1,4627.18,4077.95,4614.36,4171.79,4213.85,4168.21,4250.26,4538.97,4286.15,1
4235.38,4003.08,4233.85,4103.59,4345.64,4627.69,4072.31,4620,4180,4214.36,4168.21,4248.72,4541.54,4277.44,1
4236.41,3996.92,4234.36,4098.97,4345.64,4618.97,4057.95,4619.49,4181.54,4220,4169.23,4250.77,4542.56,4273.85,1
4228.21,3988.72,4229.74,4090.77,4337.44,4612.31,4050.77,4610.26,4164.1,4217.95,4164.62,4245.64,4534.87,4265.13,1
4220.51,3991.79,4226.67,4090.26,4331.28,4610.77,4055.38,4607.69,4159.49,4205.64,4163.08,4239.49,4533.33,4267.18,1
4223.08,3992.31,4229.74,4094.87,4332.82,4612.31,4061.54,4616.41,4173.33,4206.15,4168.21,4246.15,4538.97,4286.15,1
4225.13,3987.18,4230.77,4097.95,4337.44,4614.36,4063.08,4621.03,4174.87,4214.87,4169.23,4247.69,4541.03,4287.69,1
4222.05,3989.74,4227.69,4096.41,4338.46,4616.92,4060.51,4616.41,4167.69,4212.82,4164.1,4239.49,4538.46,4269.74,0
4226.67,3993.85,4229.74,4093.33,4340.51,4615.38,4056.41,4612.31,4170.77,4211.28,4164.1,4242.56,4537.95,4273.85,0
4232.31,3992.82,4231.79,4092.82,4345.13,4615.9,4054.36,4612.31,4173.33,4210.26,4172.31,4251.28,4539.49,4290.26,0
4226.67,3991.28,4229.23,4090.77,4346.15,4617.44,4054.87,4611.28,4173.85,4210.26,4173.33,4248.21,4540.51,4285.13,0
4226.67,3992.31,4230.26,4090.77,4342.05,4618.46,4055.38,4612.31,4179.49,4212.82,4167.18,4245.13,4537.95,4274.87,0
4234.87,3998.46,4234.87,4097.44,4342.05,4617.44,4055.38,4613.85,4175.38,4211.28,4169.74,4249.23,4539.49,4285.13,0
4236.41,4003.08,4235.9,4103.08,4344.62,4615.9,4058.97,4612.31,4167.18,4207.69,4176.41,4250.26,4548.21,4292.82,0
4227.18,3993.85,4230.26,4093.33,4337.95,4615.38,4066.15,4614.36,4168.72,4203.59,4167.18,4246.15,4539.49,4270.77,0
4224.62,3985.13,4229.23,4087.69,4336.41,4614.87,4068.72,4618.46,4174.87,4201.03,4160.51,4249.23,4528.21,4267.18,0
4236.41,3995.38,4238.97,4099.49,4345.13,4616.41,4066.67,4616.41,4175.9,4210.77,4173.33,4256.92,4538.97,4295.9,0
4246.67,4003.08,4244.62,4105.13,4347.69,4618.46,4065.64,4614.87,4182.56,4224.1,4180.51,4255.9,4548.72,4304.62,0
4243.08,4000.51,4236.92,4100.51,4344.1,4622.56,4065.64,4620.51,4186.15,4223.08,4174.87,4247.69,4546.67,4288.72,0
4236.41,4003.08,4228.72,4101.54,4346.15,4624.62,4061.54,4618.46,4174.87,4218.46,4171.28,4241.03,4545.13,4288.72,0
4239.49,4007.69,4233.33,4104.1,4347.18,4625.64,4063.59,4615.9,4172.31,4218.46,4175.38,4247.69,4546.67,4301.54,0
4248.72,4006.15,4244.62,4104.1,4344.1,4625.64,4069.23,4624.1,4183.59,4215.38,4177.44,4258.46,4547.69,4302.05,0
4253.33,4007.69,4250.26,4107.18,4343.59,4619.49,4062.56,4628.72,4191.79,4218.46,4179.49,4258.46,4553.33,4296.41,0
4251.79,4008.72,4248.72,4109.74,4344.62,4617.44,4052.82,4630.26,4193.33,4226.67,4184.1,4253.33,4556.41,4294.36,0
4243.08,4006.15,4243.59,4102.56,4344.1,4625.13,4055.9,4634.36,4192.82,4229.74,4183.08,4251.28,4552.82,4298.97,0
4241.03,4005.13,4235.9,4098.97,4342.56,4625.64,4056.41,4630.26,4191.79,4229.23,4178.46,4249.23,4551.28,4303.59,0
4241.03,4003.59,4230.26,4102.56,4341.54,4614.87,4048.21,4620.51,4187.69,4228.21,4176.92,4245.13,4553.33,4301.54,0
4238.97,4003.59,4236.41,4103.59,4342.56,4615.9,4044.62,4616.41,4181.54,4225.13,4177.95,4247.69,4556.92,4294.36,0
4238.97,4007.69,4248.21,4101.03,4343.59,4624.62,4049.74,4618.46,4178.46,4217.44,4176.41,4255.38,4554.36,4290.26,0
4244.62,4009.74,4248.72,4104.1,4342.05,4621.03,4052.82,4621.54,4180.51,4213.33,4176.41,4254.87,4546.67,4292.82,0
4246.15,4005.13,4244.1,4107.18,4341.03,4617.95,4052.82,4622.56,4181.03,4215.38,4175.38,4250.77,4546.15,4296.92,0
4243.59,4005.64,4244.1,4106.67,4346.15,4623.08,4055.38,4620,4183.59,4222.56,4176.41,4252.82,4553.33,4302.05,0
4247.69,4012.31,4249.23,4110.26,4351.28,4625.64,4058.46,4621.54,4193.85,4227.69,4186.15,4257.95,4556.92,4307.69,0
4250.77,4010.26,4252.31,4110.77,4345.13,4622.56,4054.87,4618.97,4187.69,4224.62,4189.74,4258.46,4559.49,4308.72,0
4242.56,4002.05,4243.08,4104.1,4336.41,4618.46,4049.23,4608.21,4170.77,4217.44,4179.49,4251.79,4561.54,4302.05,0
4236.92,4000.51,4233.33,4103.59,4339.49,4616.41,4049.23,4607.69,4175.38,4219.49,4172.82,4245.64,4555.9,4299.49,0
4241.03,4005.64,4238.97,4106.67,4343.59,4615.9,4051.28,4616.41,4186.15,4225.13,4175.9,4244.1,4551.28,4297.95,0
4246.15,4008.72,4244.62,4106.67,4340.51,4616.41,4048.72,4615.38,4181.03,4218.46,4178.97,4248.21,4553.33,4295.38,0
4244.62,4008.72,4240.51,4111.28,4341.03,4617.44,4047.18,4610.26,4175.9,4209.23,4178.46,4251.28,4554.87,4298.46,0
4244.62,4010.77,4240.51,4115.9,4345.64,4620,4049.74,4611.28,4177.44,4212.82,4182.05,4253.33,4558.46,4309.23,0
4248.72,4015.38,4245.13,4113.85,4346.67,4622.05,4053.33,4612.82,4177.95,4220,4187.69,4254.36,4562.05,4312.82,0
4248.21,4014.87,4246.67,4116.41,4345.64,4621.54,4054.36,4612.82,4179.49,4217.44,4186.15,4251.79,4556.41,4297.95,0
4243.59,4007.18,4246.67,4121.03,4342.56,4620,4049.74,4610.77,4176.92,4212.31,4176.92,4250.26,4551.79,4291.28,0
4242.56,4002.05,4241.03,4111.79,4337.44,4615.38,4042.05,4603.59,4167.18,4205.13,4169.74,4251.28,4546.15,4302.05,0
4241.54,3998.46,4233.33,4102.05,4333.85,4613.85,4040.51,4602.05,4170.77,4197.95,4164.62,4246.15,4537.44,4299.49,0
4233.85,3995.9,4231.28,4104.62,4333.85,4615.9,4043.59,4605.64,4177.44,4199.49,4161.03,4237.44,4535.38,4284.62,0
4234.36,3998.46,4234.36,4109.74,4337.95,4616.92,4042.05,4601.54,4167.69,4200.51,4161.54,4237.44,4537.95,4287.69,0
4243.08,4003.59,4241.03,4112.31,4342.05,4615.38,4041.03,4592.31,4157.95,4200,4164.62,4244.62,4535.9,4301.03,0
4244.1,4001.54,4240.51,4114.36,4340.51,4611.79,4042.56,4591.79,4164.1,4198.46,4163.59,4244.1,4539.49,4296.92,0
4240.51,4001.54,4236.92,4115.9,4337.95,4601.03,4043.08,4605.13,4174.36,4201.54,4169.74,4243.08,4551.79,4293.85,0
4247.18,4007.69,4241.54,4119.49,4341.54,4590.77,4042.05,4612.82,4177.95,4212.82,4185.13,4249.23,4558.46,4305.64,0
4256.92,4010.77,4249.23,4125.64,4346.15,4589.23,4041.03,4605.64,4178.97,4220,4190.77,4258.46,4561.54,4309.74,0
4256.41,4008.72,4247.18,4123.59,4341.03,4588.21,4037.44,4602.05,4176.92,4216.92,4182.56,4260,4562.56,4305.13,0
4250.77,4007.69,4241.03,4117.44,4336.41,4585.64,4033.33,4605.13,4173.85,4216.92,4180,4254.87,4561.54,4309.23,0
4249.23,4008.21,4234.87,4114.36,4336.41,4587.69,4038.46,4603.08,4168.72,4216.92,4181.54,4251.28,4558.46,4311.79,0
4246.67,4003.59,4230.26,4109.74,4336.41,4591.28,4044.1,4597.44,4160,4205.13,4172.82,4248.72,4553.33,4301.54,0
4241.54,4003.59,4231.28,4109.74,4336.92,4594.87,4041.54,4599.49,4165.64,4202.05,4165.13,4243.59,4549.74,4297.95,0
4243.59,4007.18,4230.77,4113.85,4340.51,4596.41,4040.51,4606.67,4176.92,4209.23,4168.21,4242.05,4549.74,4305.13,0
4248.72,4001.54,4232.82,4112.31,4340.51,4597.44,4046.67,4608.21,4173.33,4207.18,4172.82,4250.26,4552.31,4305.13,0
4245.13,3997.95,4234.36,4110.26,4340,4596.92,4051.79,4606.67,4171.79,4206.67,4173.85,4257.44,4552.31,4298.97,0
4245.13,4010.77,4233.85,4119.49,4342.56,4592.31,4047.18,4610.26,4182.05,4212.82,4173.33,4254.87,4549.23,4302.56,0
4256.41,4023.59,4237.44,4126.15,4341.03,4591.79,4044.62,4612.31,4178.97,4212.82,4175.9,4253.85,4550.26,4305.64,0
4261.03,4018.97,4242.05,4122.56,4337.95,4595.9,4046.67,4607.69,4170.26,4211.79,4178.46,4256.41,4553.33,4302.05,0
4255.9,4014.87,4238.46,4122.05,4340,4593.33,4046.15,4603.59,4177.95,4215.9,4180,4257.95,4558.46,4309.23,0
4255.9,4018.46,4232.31,4121.03,4342.56,4591.28,4045.13,4605.64,4181.54,4217.95,4181.03,4257.95,4560.51,4314.87,0
4256.41,4018.97,4231.28,4120.51,4343.08,4600,4051.79,4610.77,4174.36,4216.41,4180.51,4254.87,4555.9,4308.21,0
4252.31,4015.38,4231.28,4121.54,4343.08,4604.1,4055.9,4613.33,4178.46,4214.87,4181.03,4255.9,4552.82,4301.03,0
4249.74,4013.33,4230.26,4120.51,4342.05,4598.46,4051.28,4610.77,4183.59,4210.26,4178.46,4257.95,4551.28,4291.79,0
4251.79,4015.38,4231.28,4120,4343.59,4598.46,4049.23,4608.72,4177.95,4209.23,4172.82,4255.9,4546.67,4290.77,0
4255.9,4018.46,4232.31,4121.03,4343.08,4601.03,4053.33,4611.79,4176.92,4215.38,4174.36,4254.36,4548.72,4307.69,0
4255.38,4018.97,4229.23,4120,4343.08,4601.54,4059.49,4613.33,4182.56,4216.92,4178.46,4257.44,4552.82,4315.9,0
4250.77,4013.85,4225.64,4113.33,4345.13,4605.13,4062.05,4608.72,4178.46,4213.33,4177.44,4254.36,4551.28,4306.15,0
4250.77,4007.18,4225.64,4106.15,4345.64,4607.69,4060.51,4607.18,4165.64,4211.28,4174.87,4247.18,4545.13,4301.54,0
4254.36,4006.15,4222.56,4105.64,4345.13,4606.67,4057.95,4607.18,4163.08,4210.26,4174.36,4249.74,4546.15,4301.54,0
4250.26,4010.26,4213.85,4108.21,4344.62,4604.62,4057.44,4603.08,4170.26,4210.26,4174.87,4248.72,4551.79,4296.92,0
4248.21,4009.74,4209.74,4104.62,4343.08,4603.08,4057.95,4601.54,4172.82,4213.85,4175.9,4240.51,4550.77,4295.9,0
4249.74,4006.67,4213.85,4100.51,4341.54,4605.64,4060,4610.77,4177.95,4218.46,4176.92,4241.54,4549.23,4299.49,0
4247.18,4006.67,4216.92,4102.56,4339.49,4605.64,4064.1,4614.36,4179.49,4219.49,4175.38,4248.21,4550.77,4299.49,0
4246.15,4007.18,4216.92,4100.51,4337.44,4601.03,4060.51,4603.59,4168.72,4210.77,4170.77,4243.59,4547.18,4290.77,0
4246.15,4004.1,4215.38,4094.87,4340.51,4606.67,4060,4604.1,4168.72,4205.64,4169.74,4236.41,4542.56,4292.31,0
4246.67,4006.15,4216.92,4100,4346.67,4615.9,4066.67,4615.38,4182.56,4214.87,4175.38,4245.13,4549.74,4310.26,0
4250.77,4014.87,4220,4108.21,4344.62,4608.21,4062.05,4609.23,4176.92,4217.95,4181.03,4253.85,4557.44,4314.87,0
4251.79,4016.92,4216.92,4105.13,4336.41,4600,4052.31,4600.51,4167.69,4207.18,4177.44,4246.67,4551.79,4302.05,0
4249.23,4011.28,4213.33,4102.05,4337.44,4607.69,4055.38,4612.82,4181.54,4208.21,4174.36,4244.62,4548.72,4301.03,0
4255.38,4015.9,4221.03,4107.69,4349.74,4613.85,4061.03,4626.67,4192.82,4226.15,4185.13,4257.95,4560,4312.82,0
4263.59,4026.15,4231.79,4109.74,4354.36,4613.33,4065.64,4627.69,4198.97,4237.44,4195.9,4269.74,4572.82,4322.05,0
4263.59,4024.62,4231.79,4108.21,4347.18,4614.36,4072.82,4629.74,4205.13,4238.46,4196.92,4268.72,4574.36,4326.15,0
4265.13,4020.51,4230.26,4110.26,4346.67,4615.9,4075.38,4628.72,4199.49,4238.46,4195.9,4264.1,4574.36,4326.67,0
4269.74,4023.08,4233.85,4112.82,4350.77,4614.36,4074.87,4628.21,4194.87,4235.9,4196.92,4264.1,4574.87,4328.21,0
4273.33,4024.1,4234.87,4110.26,4347.69,4612.82,4074.87,4628.72,4194.36,4231.28,4189.74,4263.08,4568.72,4328.21,0
4273.85,4023.59,4231.79,4108.21,4343.08,4613.33,4073.33,4621.54,4185.64,4227.18,4182.05,4261.03,4564.62,4322.05,0
4268.72,4022.56,4230.26,4108.21,4344.62,4614.36,4071.28,4615.38,4179.49,4221.54,4186.15,4262.56,4563.08,4325.64,0
4265.64,4018.46,4231.79,4106.67,4347.69,4614.36,4070.26,4617.95,4181.54,4220.51,4186.15,4264.1,4561.03,4334.87,0
4270.77,4017.44,4234.87,4106.67,4348.21,4615.38,4071.28,4621.54,4184.62,4224.62,4181.03,4262.56,4559.49,4324.1,0
4267.18,4018.97,4233.85,4108.21,4346.15,4617.95,4071.28,4621.54,4190.26,4224.1,4177.95,4261.54,4560,4309.23,0
4259.49,4017.95,4230.77,4107.18,4345.64,4615.38,4068.72,4617.44,4190.77,4221.54,4177.44,4257.95,4561.03,4317.44,0
4261.54,4018.97,4231.79,4108.21,4346.67,4607.18,4063.59,4609.23,4176.92,4222.05,4184.62,4253.33,4562.56,4327.18,0
4265.13,4021.03,4232.82,4111.79,4343.59,4604.62,4060.51,4605.64,4173.85,4222.05,4187.18,4257.95,4561.03,4324.1,0
4263.59,4016.92,4232.82,4113.33,4341.54,4608.21,4064.62,4613.33,4190.77,4224.62,4183.59,4266.15,4564.1,4327.69,0
4264.62,4015.9,4235.38,4110.26,4345.13,4611.79,4067.18,4618.97,4192.82,4230.77,4190.77,4270.77,4571.79,4329.23,0
4266.15,4020,4234.87,4110.77,4345.13,4612.31,4062.56,4615.9,4178.46,4228.21,4199.49,4270.77,4571.79,4316.92,0
4263.59,4015.38,4230.26,4111.28,4343.08,4609.74,4058.46,4613.85,4182.56,4225.13,4189.74,4266.67,4565.64,4316.41,0
4264.62,4011.28,4229.23,4108.21,4346.67,4608.21,4062.05,4616.92,4190.77,4228.21,4180,4262.05,4563.59,4327.18,0
4267.18,4015.38,4229.74,4107.69,4347.69,4612.31,4065.64,4615.9,4181.03,4222.56,4180.51,4261.03,4560,4324.1,0
4265.64,4015.38,4230.77,4108.72,4345.13,4616.92,4067.18,4615.9,4180.51,4214.87,4178.46,4262.56,4555.9,4321.03,0
4268.21,4014.87,4232.31,4110.26,4348.72,4616.41,4069.74,4614.87,4186.15,4219.49,4177.44,4262.56,4561.03,4329.74,0
4270.77,4020,4232.82,4110.77,4350.77,4612.31,4067.18,4605.64,4181.54,4226.15,4185.64,4260.51,4569.23,4329.23,0
4268.72,4016.92,4232.31,4109.74,4344.62,4606.15,4060,4601.03,4178.97,4223.59,4188.21,4261.03,4568.21,4323.59,0
4263.08,4008.72,4229.74,4104.1,4338.46,4602.56,4055.38,4604.62,4179.49,4214.36,4182.56,4262.05,4562.05,4326.67,0
4258.46,4008.21,4221.54,4100,4340.51,4603.08,4057.95,4608.72,4178.97,4210.77,4182.05,4257.44,4560.51,4327.18,0
4256.92,4007.18,4215.38,4097.95,4344.62,4604.62,4058.46,4612.31,4183.59,4216.92,4185.64,4253.85,4562.05,4320.51,0
4254.36,4001.54,4214.87,4094.87,4342.56,4605.64,4054.36,4611.79,4183.08,4220.51,4180.51,4251.79,4558.46,4317.44,0
4253.33,4003.59,4216.92,4095.9,4340.51,4605.13,4053.33,4608.21,4180.51,4216.92,4176.41,4251.28,4557.95,4317.95,0
4258.97,4009.74,4220.51,4102.05,4340,4602.56,4056.41,4613.33,4190.77,4221.54,4181.54,4251.79,4564.62,4323.08,0
4264.62,4009.23,4221.54,4105.64,4336.92,4603.59,4057.95,4617.95,4190.77,4224.1,4182.05,4252.82,4566.15,4327.18,0
4261.54,4007.69,4217.95,4104.62,4338.46,4606.15,4058.97,4608.21,4175.9,4215.38,4178.97,4254.36,4559.49,4320.51,0
4260.51,4010.26,4217.95,4106.15,4343.08,4607.18,4059.49,4601.54,4170.77,4211.79,4178.97,4254.36,4556.92,4316.92,0
4266.15,4010.26,4224.62,4108.72,4342.05,4606.15,4055.9,4603.59,4172.82,4210.26,4176.92,4256.92,4559.49,4326.15,0
4265.13,4006.15,4228.21,4105.64,4335.9,4602.56,4052.31,4605.64,4173.33,4205.64,4175.9,4258.97,4556.92,4327.69,0
4264.1,4006.15,4227.69,4103.59,4335.38,4600.51,4052.31,4606.15,4179.49,4214.36,4183.59,4256.92,4558.97,4326.15,0
4269.74,4013.85,4228.21,4107.69,4341.54,4603.08,4051.79,4606.15,4183.59,4227.18,4189.74,4255.9,4569.23,4334.87,0
4270.77,4017.95,4230.77,4112.31,4342.05,4606.15,4052.31,4608.21,4183.08,4226.15,4188.21,4259.49,4572.82,4335.9,0
4268.21,4015.9,4230.26,4110.26,4336.41,4605.64,4053.85,4612.82,4189.23,4223.59,4185.64,4263.08,4567.18,4330.77,0
4269.74,4010.26,4229.23,4104.62,4333.33,4601.03,4055.38,4614.87,4193.85,4227.18,4185.64,4261.54,4564.62,4332.31,0
4270.77,4007.18,4230.77,4106.15,4334.36,4601.03,4054.87,4612.82,4189.74,4225.64,4188.21,4260.51,4567.69,4333.33,0
4270.77,4009.74,4232.31,4110.77,4335.38,4603.59,4052.82,4610.77,4183.08,4221.03,4187.69,4258.97,4566.15,4332.31,0
4273.85,4012.31,4231.28,4109.23,4334.36,4602.05,4050.26,4610.77,4182.05,4218.97,4181.03,4257.95,4563.59,4332.31,0
4276.92,4014.87,4230.77,4111.28,4333.33,4598.46,4048.21,4610.77,4188.72,4223.59,4183.59,4261.54,4570.26,4337.44,0
4282.05,4022.56,4238.46,4120,4338.97,4605.13,4052.31,4611.28,4189.74,4235.38,4196.41,4268.21,4582.56,4350.26,0
4287.18,4030.26,4243.59,4126.15,4346.67,4613.33,4057.95,4609.74,4182.56,4240,4198.97,4273.85,4587.69,4354.36,0
4284.62,4028.21,4241.54,4123.59,4343.59,4611.79,4055.9,4609.74,4186.15,4234.36,4192.82,4272.82,4583.59,4340.51,0
4283.59,4024.1,4244.62,4121.54,4338.97,4607.69,4053.33,4611.28,4197.44,4235.9,4192.31,4269.74,4580,4336.92,0
4287.69,4023.59,4245.13,4123.08,4341.54,4609.23,4055.9,4611.28,4190.77,4240,4192.31,4268.72,4578.97,4346.15,0
4284.62,4021.03,4234.36,4120,4342.05,4613.85,4058.46,4613.33,4182.05,4230.26,4190.26,4266.67,4577.44,4344.1,0
4281.54,4023.08,4230.77,4118.97,4343.59,4612.82,4057.95,4616.41,4186.67,4224.62,4191.28,4263.59,4576.41,4341.54,0
4288.72,4028.72,4240.51,4123.59,4344.62,4608.72,4055.38,4611.79,4187.18,4230.77,4194.87,4265.64,4580,4345.64,0
4291.28,4026.15,4240.51,4124.62,4336.41,4605.64,4053.85,4608.21,4183.59,4227.18,4193.85,4266.15,4581.03,4343.08,0
4284.62,4021.03,4231.79,4120,4337.95,4605.64,4057.44,4615.38,4188.72,4218.46,4189.23,4266.67,4575.9,4337.95,0
4285.13,4022.56,4235.38,4120,4348.72,4610.77,4060.51,4621.03,4193.85,4223.59,4189.74,4270.26,4574.87,4337.95,0
4291.28,4024.62,4246.67,4122.56,4349.23,4615.9,4059.49,4620.51,4199.49,4234.36,4193.33,4272.82,4578.46,4346.15,0
4291.79,4023.59,4249.74,4120.51,4344.62,4618.97,4061.54,4626.67,4212.31,4238.46,4194.87,4274.36,4581.03,4354.36,0
4291.79,4023.59,4248.72,4121.54,4344.1,4615.38,4061.54,4631.79,4214.36,4237.95,4196.41,4277.95,4582.05,4354.36,0
4297.44,4024.62,4250.77,4125.13,4344.1,4607.69,4055.38,4625.64,4207.18,4240.51,4201.03,4277.44,4587.69,4350.77,0
4296.41,4021.54,4248.72,4125.64,4344.62,4606.15,4050.26,4614.36,4197.95,4237.44,4195.9,4266.67,4589.23,4346.15,0
4287.69,4019.49,4244.62,4122.05,4344.1,4611.79,4048.72,4605.64,4181.03,4220.51,4183.08,4258.46,4581.03,4338.97,0
4287.69,4023.08,4246.67,4125.13,4342.56,4611.79,4048.21,4600.51,4173.85,4209.74,4184.1,4265.13,4578.46,4337.44,0
4297.44,4029.23,4251.28,4131.79,4340.51,4604.1,4048.72,4603.08,4185.13,4218.97,4195.9,4277.44,4585.13,4346.15,0
4300.51,4028.21,4251.79,4128.72,4338.46,4601.03,4051.79,4611.79,4192.31,4228.72,4198.97,4282.05,4589.23,4356.92,0
4295.9,4024.62,4250.26,4125.13,4338.46,4606.15,4053.85,4614.36,4190.26,4221.03,4195.9,4278.97,4585.64,4355.38,0
4291.79,4022.05,4247.69,4125.13,4338.97,4609.23,4053.85,4612.82,4189.23,4212.31,4195.9,4276.92,4581.54,4340,0
4286.67,4014.87,4238.46,4121.03,4335.38,4603.59,4052.31,4619.49,4197.44,4216.41,4194.36,4273.85,4580.51,4333.33,0
4281.54,4010.26,4230.77,4116.41,4334.87,4602.56,4051.79,4629.23,4204.1,4224.62,4192.82,4266.67,4582.05,4338.46,0
4280,4014.87,4229.23,4120,4344.62,4614.36,4053.33,4621.03,4187.69,4222.05,4190.26,4262.56,4580.51,4333.33,0
4282.56,4026.67,4232.31,4127.69,4352.82,4620.51,4052.82,4607.69,4176.92,4212.82,4190.77,4265.64,4576.41,4330.26,0
4287.69,4031.79,4240.51,4134.36,4349.74,4614.36,4050.26,4610.77,4191.28,4216.41,4193.33,4270.77,4579.49,4339.49,0
4289.74,4028.21,4247.69,4136.92,4345.64,4611.79,4051.79,4614.87,4196.92,4222.56,4191.79,4270.26,4587.18,4344.1,0
4292.31,4027.18,4246.67,4136.92,4348.21,4617.44,4056.41,4610.26,4186.67,4216.92,4190.77,4269.74,4585.64,4343.59,0
4297.44,4032.82,4247.69,4139.49,4349.23,4617.95,4057.95,4610.26,4188.21,4212.82,4195.9,4271.79,4581.54,4346.15,0
4300,4031.28,4254.36,4140.51,4343.59,4609.23,4055.38,4611.79,4194.36,4218.46,4200,4272.82,4590.26,4348.72,0
4300,4023.59,4253.33,4136.41,4341.54,4604.1,4056.41,4611.79,4196.41,4224.1,4200.51,4275.38,4596.92,4351.79,0
4302.05,4027.69,4248.72,4134.36,4347.69,4610.26,4058.46,4617.95,4202.56,4223.08,4203.08,4279.49,4592.31,4356.41,0
4311.28,4039.49,4254.36,4144.1,4352.82,4615.38,4056.41,4620.51,4201.54,4218.97,4205.64,4280,4594.87,4363.59,0
4321.54,4045.64,4263.59,4150.26,4350.77,4611.79,4055.38,4615.38,4192.31,4217.44,4204.1,4280,4601.03,4369.23,0
4327.18,4042.05,4262.56,4141.54,4345.13,4608.72,4055.38,4606.15,4183.08,4213.85,4199.49,4279.49,4595.38,4370.26,0
4335.38,4048.21,4257.95,4140.51,4347.69,4608.21,4053.85,4598.46,4178.97,4207.69,4195.9,4274.36,4592.82,4376.41,0
4356.41,4072.82,4261.54,4154.87,4351.79,4608.21,4051.79,4604.1,4185.64,4211.28,4203.59,4277.95,4602.56,4395.38,0
4372.82,4090.26,4266.15,4158.46,4345.13,4609.74,4052.82,4613.85,4190.26,4218.97,4210.77,4288.72,4604.62,4405.13,0
4368.72,4089.23,4260.51,4151.28,4337.95,4607.69,4051.79,4612.31,4185.13,4210.26,4203.08,4286.15,4595.38,4397.44,0
4365.64,4089.74,4251.79,4151.28,4340.51,4603.59,4049.74,4608.21,4180.51,4201.03,4193.85,4276.41,4587.69,4393.33,0
4369.74,4098.97,4249.74,4153.85,4346.67,4604.1,4054.87,4611.79,4183.59,4206.15,4194.36,4274.87,4582.05,4388.21,0
4368.72,4102.56,4250.77,4155.38,4349.23,4611.28,4064.1,4615.9,4185.13,4209.23,4199.49,4273.33,4584.1,4386.67,0
4370.77,4101.54,4250.77,4157.44,4353.33,4614.87,4065.13,4611.28,4183.08,4208.72,4203.59,4271.28,4596.92,4395.38,0
4375.9,4100,4254.87,4155.38,4356.41,4613.85,4062.56,4606.67,4184.62,4213.85,4206.67,4273.33,4606.15,4399.49,0
4373.33,4099.49,4263.08,4157.95,4357.44,4620,4067.69,4612.82,4194.87,4223.08,4212.31,4278.46,4609.23,4403.08,0
4372.31,4099.49,4265.64,4166.67,4360.51,4626.67,4073.85,4620.51,4201.54,4230.77,4220.51,4286.67,4618.97,4410.77,0
4372.82,4093.85,4263.59,4166.67,4360,4623.08,4069.23,4622.05,4203.59,4231.79,4225.13,4291.28,4623.08,4407.69,0
4364.62,4086.15,4265.13,4157.95,4355.38,4615.9,4061.03,4624.1,4208.21,4231.28,4223.08,4287.18,4614.36,4394.87,0
4350.26,4078.97,4260.51,4150.77,4350.77,4615.9,4059.49,4621.54,4205.64,4230.77,4215.38,4281.54,4609.23,4385.13,0
4338.97,4068.72,4248.72,4144.1,4347.69,4618.46,4061.54,4615.9,4200.51,4227.18,4207.69,4280,4606.67,4375.38,0
4331.28,4057.95,4243.59,4141.03,4346.15,4616.92,4062.56,4617.95,4204.62,4227.18,4206.67,4276.92,4600.51,4372.31,0
4329.74,4056.41,4247.69,4140.51,4347.69,4614.87,4057.95,4616.92,4198.97,4226.67,4208.72,4272.31,4596.41,4376.92,0
4327.69,4060,4246.67,4140,4352.82,4615.38,4054.87,4611.28,4189.23,4217.95,4204.1,4269.23,4595.38,4375.9,0
4326.15,4058.97,4247.18,4145.13,4356.92,4619.49,4062.05,4611.28,4191.79,4215.38,4205.13,4273.33,4598.46,4376.41,0
4333.85,4062.05,4258.46,4154.87,4355.38,4621.03,4063.59,4610.77,4193.85,4222.05,4217.95,4283.59,4606.67,4379.49,0
4333.33,4064.62,4260.51,4151.28,4354.87,4616.92,4057.95,4611.79,4191.28,4225.13,4220,4282.05,4606.15,4372.31,0
4321.54,4054.87,4250.26,4140.51,4356.92,4616.92,4062.56,4623.59,4200.51,4223.59,4211.28,4275.9,4597.44,4363.08,0
4317.44,4047.18,4246.67,4137.95,4353.85,4620,4067.69,4627.18,4210.26,4228.21,4213.33,4279.49,4597.95,4362.56,0
4322.56,4051.28,4251.28,4137.44,4347.69,4616.41,4063.59,4624.1,4210.77,4236.41,4220.51,4284.62,4605.13,4370.77,0
4326.15,4054.87,4257.44,4137.44,4350.77,4613.33,4061.03,4626.15,4211.28,4242.56,4224.1,4286.67,4609.74,4382.56,0
4326.15,4055.38,4261.03,4142.05,4353.33,4617.44,4060,4620.51,4203.59,4238.97,4225.64,4289.74,4612.82,4381.03,0
4324.1,4055.38,4263.08,4144.62,4349.23,4617.44,4058.46,4608.21,4188.72,4227.69,4224.1,4289.74,4612.31,4370.77,0
4320,4051.28,4264.1,4141.54,4347.18,4614.36,4063.59,4608.21,4188.21,4220,4218.46,4286.15,4604.62,4367.69,0
4320.51,4048.72,4265.64,4138.97,4348.21,4619.49,4068.21,4618.97,4205.13,4221.54,4213.85,4286.67,4598.97,4371.28,0
4321.54,4050.26,4264.62,4140,4350.77,4624.1,4067.18,4618.97,4209.23,4225.13,4210.26,4285.64,4601.03,4369.74,0
4316.92,4048.72,4260.51,4139.49,4353.85,4619.49,4068.21,4610.26,4199.49,4224.1,4207.69,4282.56,4601.03,4366.15,0
4315.38,4046.15,4260,4141.54,4356.92,4616.92,4068.72,4610.77,4202.05,4226.15,4211.28,4285.13,4596.92,4369.23,0
4317.95,4046.15,4263.08,4143.59,4357.95,4620.51,4064.62,4614.87,4206.67,4234.87,4218.46,4287.18,4599.49,4371.28,0
4315.38,4042.56,4260,4140,4353.33,4620.51,4062.56,4611.28,4201.03,4233.85,4217.95,4280.51,4601.54,4364.62,0
4305.13,4037.44,4249.23,4134.36,4346.15,4617.44,4060.51,4604.1,4193.85,4226.67,4207.18,4272.82,4592.31,4354.36,0
4300,4033.33,4246.15,4130.77,4348.72,4618.46,4055.38,4605.13,4196.92,4226.67,4203.59,4272.82,4588.72,4352.82,0
4302.56,4031.28,4246.67,4125.64,4356.92,4618.46,4055.38,4612.31,4204.62,4230.26,4209.74,4273.85,4594.87,4352.31,0
4303.59,4034.36,4247.69,4126.15,4353.85,4615.9,4058.46,4619.49,4208.21,4234.87,4208.72,4276.41,4600,4351.28,0
4306.15,4040,4255.9,4135.9,4351.28,4618.46,4060,4621.03,4205.64,4237.44,4207.18,4281.03,4601.54,4356.92,0
4309.74,4038.46,4260,4136.92,4356.92,4621.03,4063.08,4618.97,4205.13,4237.44,4211.79,4280.51,4603.08,4362.05,0
4307.69,4031.28,4251.28,4129.74,4353.33,4618.97,4063.08,4620,4205.64,4235.38,4212.82,4276.92,4605.64,4364.1,0
4301.54,4029.23,4246.67,4126.67,4346.15,4619.49,4058.46,4616.41,4197.44,4229.23,4207.69,4272.31,4598.46,4353.85,0
4297.44,4028.21,4249.74,4125.64,4348.72,4621.03,4056.92,4608.21,4192.82,4225.64,4201.03,4268.21,4582.56,4341.54,0
4300.51,4017.44,4250.77,4120.51,4346.67,4619.49,4059.49,4610.77,4202.56,4232.31,4206.67,4273.33,4588.72,4350.26,0
4305.13,4012.31,4250.77,4120.51,4343.59,4617.95,4061.54,4623.08,4211.28,4242.56,4223.59,4285.13,4619.49,4372.82,0
4306.67,4017.95,4250.77,4124.1,4350.26,4620,4059.49,4622.05,4207.18,4248.72,4231.28,4287.69,4635.38,4381.54,0
4303.59,4015.9,4249.74,4121.54,4350.77,4621.03,4056.92,4616.41,4206.67,4249.23,4225.13,4283.59,4627.69,4369.74,0
4298.97,4006.15,4246.15,4118.46,4345.13,4619.49,4055.9,4621.54,4211.79,4243.59,4222.05,4282.05,4619.49,4356.41,0
4297.95,4004.62,4244.1,4119.49,4346.67,4619.49,4056.92,4625.13,4210.77,4240,4218.46,4282.05,4615.38,4356.92,0
4302.56,4007.69,4254.36,4121.54,4348.72,4623.08,4058.97,4621.54,4208.72,4241.03,4215.9,4287.69,4615.9,4369.23,0
4304.1,4004.1,4260.51,4121.54,4345.64,4627.18,4062.05,4617.95,4206.15,4236.92,4221.03,4288.72,4614.87,4368.72,0
4293.85,3997.44,4250.77,4117.95,4346.15,4625.13,4066.67,4620.51,4207.69,4231.28,4218.46,4279.49,4608.72,4354.36,0
4285.64,3997.95,4243.59,4115.9,4349.23,4621.03,4066.15,4623.59,4215.9,4233.33,4209.23,4275.9,4604.62,4351.28,0
4287.69,4002.56,4245.13,4118.46,4346.67,4616.41,4061.03,4615.38,4208.72,4238.97,4208.21,4276.41,4606.15,4354.87,0
4291.79,4002.56,4245.64,4120.51,4343.59,4612.82,4057.95,4607.69,4193.85,4237.44,4208.72,4276.41,4607.18,4352.31,0
4294.36,4002.05,4247.18,4120.51,4348.72,4613.85,4060,4615.38,4204.62,4238.46,4210.77,4280.51,4608.72,4352.82,0
4294.36,4005.13,4250.77,4121.54,4352.82,4617.44,4066.15,4624.1,4219.49,4242.56,4215.38,4283.08,4610.77,4357.95,0
4292.82,4004.1,4248.72,4120,4346.15,4617.95,4067.18,4624.1,4213.85,4239.49,4212.31,4280,4607.18,4354.87,0
4288.72,3994.36,4250.26,4115.38,4340,4617.44,4062.05,4620.51,4207.69,4234.36,4206.67,4275.9,4601.54,4341.03,0
4279.49,3985.64,4244.1,4110.26,4338.46,4618.46,4062.05,4617.44,4206.67,4231.28,4204.62,4269.23,4597.44,4331.79,0
4270.77,3984.62,4232.31,4103.59,4336.92,4620,4066.15,4615.9,4199.49,4224.62,4196.41,4263.59,4591.28,4333.33,0
4273.85,3991.28,4237.95,4108.21,4342.56,4620.51,4063.59,4611.79,4193.33,4221.03,4194.36,4266.15,4589.23,4336.41,0
4283.08,4000,4248.21,4121.54,4349.74,4621.03,4060.51,4607.18,4196.92,4228.21,4205.13,4268.72,4597.95,4341.54,0
4292.31,4004.62,4253.33,4124.1,4352.31,4625.13,4062.56,4614.36,4208.72,4240.51,4212.31,4274.87,4608.21,4353.33,0
4301.03,4007.18,4260,4124.62,4352.82,4626.67,4062.05,4622.56,4214.87,4247.69,4214.36,4282.56,4614.87,4358.97,0
4296.92,4007.18,4257.95,4128.21,4349.74,4620,4056.41,4617.95,4206.67,4243.08,4211.28,4275.9,4612.82,4351.28,0
4285.13,4001.54,4244.62,4123.59,4346.15,4618.46,4055.38,4614.36,4204.62,4230.77,4205.64,4267.18,4602.56,4344.1,0
4286.67,3998.97,4245.64,4120.51,4349.74,4622.56,4058.46,4614.87,4209.74,4231.28,4207.69,4271.79,4604.62,4345.64,0
4290.77,3998.46,4252.31,4123.59,4346.15,4619.49,4055.9,4613.33,4208.72,4238.46,4210.77,4276.92,4608.21,4344.62,0
4277.95,3988.21,4242.56,4113.85,4334.36,4614.87,4053.85,4618.46,4205.64,4230.77,4204.62,4270.26,4597.95,4334.36,0
4273.33,3987.18,4238.97,4107.18,4340,4618.46,4057.95,4621.03,4208.21,4227.69,4203.59,4268.21,4596.41,4331.28,0
4288.21,4002.56,4248.72,4122.05,4351.28,4623.08,4058.46,4612.82,4208.21,4234.87,4208.21,4273.33,4605.64,4343.59,0
4291.79,4002.05,4248.21,4125.64,4345.13,4622.05,4054.36,4608.72,4203.59,4235.38,4207.18,4271.28,4600.51,4352.31,0
4283.08,3986.67,4236.92,4108.72,4338.46,4617.95,4050.26,4610.26,4202.05,4231.28,4204.1,4265.64,4593.85,4343.59,0
4280,3984.1,4231.79,4103.08,4336.41,4612.82,4046.67,4609.74,4203.59,4231.28,4204.1,4264.62,4598.97,4333.33,0
4282.05,3988.72,4234.36,4112.31,4333.33,4613.33,4047.18,4612.31,4206.15,4233.85,4205.13,4268.21,4603.08,4342.05,0
4286.67,3989.74,4237.95,4118.97,4337.95,4618.97,4050.77,4614.36,4206.15,4231.79,4209.23,4269.23,4607.69,4354.36,0
4289.74,3993.33,4244.1,4122.05,4345.13,4622.56,4055.38,4615.38,4206.15,4230.77,4212.82,4266.67,4613.85,4347.69,0
4285.13,3995.38,4248.21,4120,4341.03,4620.51,4055.38,4612.82,4201.54,4226.67,4209.74,4265.64,4609.74,4334.36,0
4278.46,3989.23,4245.13,4115.9,4338.97,4614.36,4049.74,4602.05,4190.26,4216.92,4200,4264.62,4599.49,4335.9,0
4278.97,3986.67,4243.08,4116.41,4342.56,4613.33,4046.15,4597.95,4194.36,4211.28,4198.46,4267.18,4597.44,4343.08,0
4285.13,3990.26,4246.67,4118.46,4343.59,4617.95,4049.74,4608.72,4212.82,4223.08,4207.18,4274.36,4603.08,4344.62,0
4287.69,3989.23,4249.74,4120.51,4340.51,4616.92,4049.23,4615.38,4214.36,4234.36,4209.74,4275.38,4605.64,4339.49,0
4284.62,3986.67,4247.18,4123.08,4335.9,4607.69,4042.56,4609.23,4198.46,4225.13,4205.64,4269.23,4605.13,4336.41,0
4289.23,3994.87,4250.26,4124.1,4336.41,4607.18,4044.1,4605.13,4192.31,4222.05,4206.15,4267.18,4608.21,4346.15,0
4298.46,4001.03,4256.92,4125.64,4341.54,4616.41,4051.79,4609.23,4201.03,4229.23,4204.62,4269.23,4611.28,4355.9,0
4299.49,3997.44,4254.87,4128.21,4342.05,4617.95,4052.82,4611.79,4208.72,4226.67,4195.38,4270.77,4609.74,4355.9,0
4297.95,3994.87,4256.92,4128.72,4342.05,4616.92,4051.79,4607.69,4202.05,4222.05,4191.28,4274.36,4609.74,4354.87,0
4300,3993.33,4263.59,4126.67,4345.64,4624.62,4055.38,4601.54,4190.77,4221.03,4189.74,4274.87,4607.69,4351.79,0
4295.9,3989.23,4256.92,4123.59,4343.08,4628.72,4054.87,4605.13,4201.03,4223.08,4183.59,4269.74,4602.56,4348.72,0
4292.31,3988.72,4247.18,4122.56,4340,4622.05,4051.28,4612.31,4213.33,4228.21,4180.51,4268.72,4603.59,4351.79,0
4296.92,3994.36,4251.28,4124.62,4342.56,4615.9,4048.72,4607.69,4197.95,4225.64,4183.08,4268.21,4608.21,4348.72,0
4293.33,3990.77,4251.28,4124.1,4338.46,4615.38,4047.69,4595.9,4181.03,4214.36,4180.51,4262.05,4606.67,4338.97,0
4283.59,3981.03,4244.62,4123.08,4336.41,4617.44,4050.26,4596.41,4189.74,4214.36,4175.38,4262.56,4605.13,4342.56,0
4282.56,3983.59,4246.67,4124.62,4341.54,4618.46,4052.31,4606.15,4198.46,4224.1,4177.44,4265.13,4605.13,4345.64,0
4283.08,3986.67,4248.72,4121.54,4343.08,4619.49,4050.77,4606.67,4196.41,4224.1,4176.92,4261.54,4597.95,4329.23,0
4283.08,3983.08,4247.18,4120.51,4341.03,4617.95,4049.74,4601.54,4198.97,4218.46,4171.79,4260.51,4592.31,4327.18,0
4286.15,3984.62,4248.21,4122.56,4341.54,4620,4052.82,4606.15,4201.03,4220.51,4172.31,4264.62,4595.38,4345.64,0
4287.18,3987.69,4249.74,4122.05,4343.08,4625.13,4057.44,4615.38,4198.97,4226.67,4174.87,4267.18,4600.51,4350.26,0
4290.26,3987.18,4248.72,4122.05,4342.56,4623.59,4057.95,4613.85,4205.13,4230.26,4176.92,4267.18,4603.59,4345.13,0
4293.85,3990.77,4243.59,4118.46,4343.59,4620,4057.95,4613.33,4212.31,4231.28,4179.49,4268.21,4605.13,4345.64,0
4290.26,3993.33,4234.36,4109.23,4345.13,4625.13,4058.97,4615.9,4203.59,4226.67,4176.41,4265.13,4604.62,4341.03,0
4288.21,3989.23,4230.26,4106.15,4344.1,4627.69,4056.92,4611.79,4193.33,4224.1,4170.77,4261.03,4600.51,4334.36,0
4290.26,3984.62,4233.85,4110.77,4342.56,4621.03,4053.85,4610.77,4201.03,4231.79,4172.31,4260,4596.92,4337.95,0
4287.18,3983.08,4235.38,4108.21,4340,4617.44,4054.87,4617.95,4209.23,4237.44,4175.38,4261.03,4595.9,4343.59,0
4282.56,3978.46,4231.28,4102.56,4336.41,4616.92,4055.38,4614.36,4201.54,4230.26,4174.87,4261.03,4595.38,4341.54,0
4286.67,3977.95,4230.77,4104.62,4334.87,4615.38,4049.23,4603.59,4195.38,4224.1,4174.87,4258.46,4599.49,4343.59,0
4291.79,3985.13,4233.85,4108.72,4335.9,4614.87,4048.21,4609.74,4207.18,4228.72,4175.9,4260,4603.59,4347.18,0
4288.72,3983.08,4234.87,4104.1,4336.92,4615.9,4054.36,4617.44,4213.85,4234.87,4175.38,4260.51,4601.03,4345.13,0
4285.64,3976.92,4233.33,4099.49,4341.03,4620.51,4054.87,4610.77,4204.1,4239.49,4177.95,4258.46,4603.59,4345.64,0
4290.26,3983.08,4233.33,4104.62,4344.1,4624.62,4054.36,4605.13,4200.51,4243.08,4180.51,4260.51,4612.31,4347.69,0
4292.31,3987.69,4234.87,4108.21,4341.54,4622.56,4057.44,4606.67,4203.59,4243.08,4179.49,4265.64,4610.77,4345.13,0
4287.18,3977.95,4233.33,4104.1,4340.51,4617.95,4057.95,4608.72,4198.46,4234.87,4173.33,4264.62,4600.51,4341.03,0
4283.08,3975.9,4231.28,4095.9,4339.49,4617.95,4057.44,4609.74,4195.38,4228.72,4171.28,4261.03,4599.49,4341.03,0
4284.62,3982.56,4231.28,4093.85,4337.95,4622.56,4062.05,4610.77,4200.51,4231.79,4171.79,4260.51,4604.1,4341.03,0
4281.54,3976.92,4229.74,4098.46,4337.44,4627.18,4068.21,4610.26,4202.05,4231.79,4167.18,4258.97,4600.51,4336.92,0
4280,3972.31,4230.77,4099.49,4336.92,4626.67,4070.26,4614.87,4201.54,4225.64,4166.15,4259.49,4592.82,4337.44,0
4286.15,3983.08,4242.05,4100,4338.46,4624.1,4070.26,4619.49,4207.69,4227.18,4171.79,4266.67,4594.87,4347.69,0
4291.79,3990.26,4248.21,4101.03,4340.51,4625.13,4069.74,4622.05,4216.41,4238.46,4177.44,4275.9,4604.62,4353.33,0
4288.72,3982.56,4238.97,4101.54,4337.44,4621.54,4065.64,4617.95,4209.74,4242.05,4178.97,4274.36,4607.69,4346.67,0
4281.54,3980,4231.28,4099.49,4333.85,4614.87,4057.44,4603.59,4186.67,4232.31,4176.41,4263.59,4605.64,4343.08,0
4283.59,3988.72,4231.79,4099.49,4335.38,4614.36,4053.33,4593.85,4177.95,4220.51,4173.85,4258.97,4604.62,4348.72,0
4287.69,3990.26,4235.9,4103.59,4336.92,4616.41,4054.36,4596.41,4189.23,4220.51,4175.38,4265.13,4607.18,4349.74,0
4291.79,3990.26,4244.62,4107.69,4338.97,4614.87,4055.38,4603.59,4200.51,4227.18,4182.05,4272.31,4613.33,4352.31,0
4297.95,3995.9,4248.72,4109.23,4343.08,4617.44,4056.92,4606.67,4201.03,4226.67,4183.08,4273.33,4612.82,4356.92,0
4295.9,3995.9,4243.08,4106.67,4345.13,4624.1,4060.51,4603.08,4195.9,4224.62,4177.44,4272.82,4606.15,4351.79,0
4293.33,3995.38,4243.08,4108.72,4342.05,4625.13,4060.51,4602.05,4194.87,4223.59,4171.79,4268.21,4603.59,4346.15,0
4297.44,4001.03,4247.69,4109.74,4338.46,4617.44,4054.36,4603.08,4200,4223.59,4172.31,4260,4603.59,4349.74,0
4300,4001.03,4247.18,4107.69,4337.95,4613.85,4050.77,4602.56,4201.03,4229.74,4176.92,4258.97,4605.13,4355.38,0
4296.92,3995.9,4244.1,4108.21,4338.46,4618.46,4052.82,4604.1,4203.08,4235.38,4179.49,4267.18,4608.21,4355.9,0
4293.33,3993.85,4238.97,4107.18,4340.51,4619.49,4053.85,4606.67,4203.08,4229.74,4175.9,4268.72,4601.03,4348.72,0
4291.28,3993.85,4233.85,4107.69,4342.05,4615.38,4051.28,4601.54,4189.74,4223.08,4173.85,4260,4592.31,4342.05,0
4292.31,3997.44,4235.9,4108.21,4341.54,4620.51,4051.79,4599.49,4184.1,4226.67,4177.95,4256.92,4598.46,4343.08,0
4295.38,4000,4237.44,4106.67,4343.59,4628.72,4055.9,4607.18,4196.41,4233.33,4181.03,4261.03,4606.67,4345.13,0
4291.28,3996.92,4232.82,4105.13,4345.64,4624.1,4059.49,4609.74,4205.64,4238.46,4182.05,4265.64,4602.56,4344.1,0
4288.21,3993.85,4235.9,4106.67,4340,4618.46,4060,4609.23,4202.05,4236.92,4183.08,4266.67,4597.44,4346.15,0
4289.23,3993.33,4245.64,4107.18,4336.41,4622.05,4058.97,4609.74,4193.85,4229.23,4181.54,4264.1,4596.41,4345.64,0
4288.72,3990.77,4247.69,4106.67,4342.05,4621.54,4057.95,4608.72,4196.92,4227.69,4180.51,4265.64,4593.33,4346.67,0
4288.72,3987.69,4247.18,4105.13,4341.54,4617.44,4058.97,4611.79,4205.64,4229.23,4185.13,4270.26,4594.87,4349.23,0
4289.23,3986.15,4243.59,4099.49,4331.79,4616.41,4053.85,4613.33,4200.51,4225.13,4187.18,4267.18,4595.38,4338.97,0
4288.72,3986.15,4235.9,4099.49,4330.77,4612.82,4044.1,4602.05,4185.64,4221.54,4180.51,4261.03,4590.26,4334.36,0
4290.26,3989.23,4234.36,4104.1,4338.97,4611.28,4045.64,4594.36,4183.08,4226.15,4178.46,4258.97,4591.79,4344.62,0
4294.87,3995.38,4243.08,4105.13,4343.59,4616.92,4054.87,4601.54,4193.33,4233.33,4187.69,4261.54,4602.56,4350.77,0
4303.59,4002.05,4252.82,4112.82,4344.62,4620,4060.51,4609.23,4204.1,4239.49,4198.97,4270.77,4610.77,4354.87,0
4307.18,4005.13,4256.92,4120,4344.62,4618.46,4060.51,4612.31,4205.64,4241.54,4198.97,4274.87,4611.79,4361.54,0
4299.49,3999.49,4253.33,4112.31,4342.56,4618.46,4060,4612.82,4202.56,4234.87,4192.31,4269.23,4606.15,4353.33,0
4296.92,3997.44,4248.21,4108.21,4342.56,4622.05,4063.08,4615.9,4203.08,4230.26,4192.82,4264.62,4602.05,4347.18,0
4303.08,4005.13,4248.72,4116.92,4346.67,4626.67,4069.74,4623.59,4207.69,4235.9,4197.44,4267.69,4605.64,4355.9,0
4302.05,4007.18,4252.31,4116.41,4345.64,4627.69,4071.79,4626.67,4209.74,4239.49,4192.82,4271.28,4603.08,4356.41,0
4298.46,4001.03,4259.49,4111.79,4343.08,4624.1,4070.26,4619.49,4207.69,4236.92,4194.36,4276.41,4598.97,4353.85,0
4305.13,4002.56,4267.18,4116.41,4342.05,4620.51,4069.74,4612.82,4202.56,4235.38,4205.13,4282.56,4607.18,4360.51,0
4302.56,4003.08,4258.46,4115.9,4336.41,4615.9,4063.59,4610.77,4197.95,4237.44,4201.54,4278.46,4608.72,4355.9,0
4287.69,3990.77,4245.13,4106.15,4334.36,4615.38,4056.92,4611.28,4194.36,4237.44,4188.72,4265.64,4594.36,4340.51,0
4289.23,3990.26,4251.79,4109.23,4342.56,4621.03,4058.46,4613.33,4193.33,4231.28,4189.23,4265.13,4591.79,4338.46,0
4300.51,4000,4261.54,4120,4344.62,4622.05,4059.49,4614.36,4199.49,4229.23,4198.97,4273.85,4603.59,4352.31,0
4300.51,3995.9,4258.46,4117.95,4333.85,4615.38,4053.33,4614.87,4204.1,4234.36,4203.08,4276.92,4606.15,4359.49,0
4295.9,3988.72,4254.36,4113.33,4330.77,4611.79,4053.33,4616.92,4201.03,4237.44,4200.51,4274.87,4601.54,4354.36,0
4298.97,3994.36,4254.87,4118.97,4336.92,4616.41,4058.46,4615.38,4198.46,4237.95,4202.05,4273.85,4604.1,4354.36,0
4301.03,3996.41,4255.38,4122.56,4337.44,4617.44,4057.44,4615.38,4204.1,4240,4205.64,4275.38,4609.23,4360.51,0
4296.92,3991.79,4260.51,4117.95,4336.41,4617.95,4056.92,4621.03,4208.21,4236.92,4199.49,4273.33,4603.08,4356.92,0
4296.92,3997.44,4264.62,4121.03,4341.03,4621.54,4056.41,4619.49,4199.49,4231.79,4192.31,4267.69,4596.41,4355.38,0
4302.56,4006.67,4262.05,4127.69,4345.64,4618.97,4053.85,4611.79,4195.38,4236.41,4198.97,4269.74,4601.54,4362.56,0
4304.1,4006.15,4258.46,4125.64,4345.13,4614.87,4055.9,4616.41,4205.64,4247.18,4208.72,4276.92,4609.74,4362.56,0
4294.36,3997.44,4253.33,4119.49,4341.03,4616.41,4061.03,4621.03,4205.64,4243.59,4207.18,4273.85,4606.67,4352.82,0
4286.67,3989.23,4247.18,4117.44,4336.92,4617.44,4058.97,4615.9,4196.92,4229.23,4197.95,4261.54,4598.46,4347.18,0
4293.85,3989.74,4255.38,4122.05,4338.46,4613.85,4055.38,4612.31,4200,4227.69,4196.41,4264.1,4601.03,4355.38,0
4298.46,3993.85,4264.62,4124.1,4342.05,4612.31,4061.03,4617.44,4208.21,4240,4203.59,4275.38,4605.64,4363.59,0
4293.33,3991.28,4262.56,4121.54,4341.54,4616.92,4068.72,4622.56,4208.72,4243.59,4202.56,4275.38,4602.05,4357.95,0
4290.26,3989.23,4259.49,4121.54,4342.05,4626.15,4071.28,4626.67,4207.69,4238.97,4195.38,4272.31,4595.9,4349.23,0
4292.82,3996.92,4261.54,4123.08,4347.18,4631.79,4072.31,4628.21,4212.82,4244.62,4201.03,4273.33,4599.49,4353.33,0
4294.36,3998.46,4259.49,4122.05,4346.15,4625.13,4068.72,4622.05,4212.31,4248.72,4209.23,4273.85,4607.18,4357.44,0
4293.33,3989.74,4257.44,4128.21,4335.9,4614.87,4060.51,4610.77,4198.46,4240,4202.56,4268.72,4604.62,4347.69,0
4294.87,3988.21,4263.08,4135.38,4335.9,4611.28,4053.85,4603.08,4192.31,4231.28,4195.9,4268.21,4598.97,4352.82,0
4300,3997.44,4266.15,4130.77,4347.69,4617.44,4056.92,4608.72,4202.56,4235.9,4205.13,4276.41,4607.18,4370.77,0
4303.59,3998.97,4264.1,4125.64,4348.21,4623.08,4064.62,4618.97,4205.13,4241.03,4212.31,4279.49,4615.38,4362.56,0
4299.49,3991.28,4262.05,4124.1,4338.46,4616.41,4062.56,4618.46,4198.46,4238.46,4207.18,4273.33,4607.69,4348.21,0
4295.9,3991.28,4261.03,4128.21,4333.85,4610.26,4058.46,4617.44,4204.62,4233.33,4198.97,4269.23,4601.03,4356.41,0
4297.44,3994.36,4262.05,4134.36,4337.44,4617.95,4068.21,4621.54,4211.28,4230.77,4198.46,4270.26,4603.08,4362.56,0
4295.9,3991.79,4260.51,4131.79,4344.1,4623.59,4073.85,4617.44,4202.05,4232.82,4200.51,4269.74,4601.03,4350.26,0
4290.26,3990.26,4258.46,4122.05,4344.1,4616.92,4061.03,4608.21,4191.28,4230.77,4197.44,4269.74,4598.46,4347.69,0
4291.79,3994.36,4260.51,4125.64,4335.9,4609.74,4052.31,4608.21,4191.28,4222.56,4197.95,4272.31,4600,4355.9,0
4300,3996.92,4264.1,4136.92,4333.85,4609.74,4054.36,4606.15,4190.26,4223.59,4201.03,4273.85,4600.51,4357.44,0
4300,3995.9,4264.62,4134.87,4336.92,4610.26,4052.31,4598.46,4182.05,4228.21,4201.54,4274.36,4601.03,4355.38,0
4296.41,3993.33,4264.1,4126.67,4335.38,4611.28,4051.28,4604.1,4190.26,4225.13,4201.54,4274.36,4600.51,4356.41,0
4295.38,3987.69,4263.59,4122.56,4335.38,4614.36,4055.38,4615.9,4206.67,4222.05,4201.03,4272.82,4598.46,4354.87,0
4288.21,3985.13,4256.41,4122.56,4339.49,4616.92,4053.85,4614.36,4203.08,4223.08,4196.41,4268.72,4596.92,4349.74,0
4287.18,3987.69,4256.41,4130.77,4343.59,4616.92,4048.72,4607.69,4193.85,4227.18,4197.44,4267.69,4599.49,4351.28,0
4298.46,3992.31,4265.13,4137.95,4341.03,4615.38,4051.79,4609.23,4196.92,4229.23,4203.08,4272.82,4604.1,4355.9,0
4294.87,3990.77,4258.97,4129.23,4332.31,4614.87,4055.9,4612.31,4193.85,4217.95,4195.9,4271.28,4597.95,4350.77,0
4282.05,3985.13,4250.26,4122.56,4332.31,4613.33,4053.85,4609.23,4182.05,4202.56,4189.23,4263.08,4587.69,4344.62,0
4288.72,3988.21,4255.9,4132.82,4341.03,4614.36,4048.72,4601.54,4182.05,4207.18,4191.28,4266.15,4589.74,4347.69,0
4300,3995.9,4257.44,4135.9,4342.56,4615.9,4046.15,4598.97,4189.23,4225.13,4193.85,4270.26,4597.95,4352.82,0
4292.31,3989.23,4245.64,4124.1,4335.38,4613.33,4052.31,4606.15,4195.9,4230.26,4194.87,4264.62,4598.46,4349.74,0
4281.54,3974.87,4239.49,4119.49,4330.26,4608.72,4057.44,4612.31,4194.87,4223.08,4191.28,4262.56,4591.79,4338.46,0
4285.13,3977.44,4245.64,4121.03,4331.79,4609.74,4055.38,4608.72,4183.59,4219.49,4190.77,4264.62,4589.23,4330.77,0
4295.9,3987.18,4254.87,4124.1,4336.92,4612.82,4052.31,4603.59,4184.1,4223.59,4195.38,4267.18,4593.85,4342.05,0
4299.49,3987.69,4254.87,4125.13,4338.97,4612.82,4051.79,4604.62,4195.9,4227.18,4197.44,4267.69,4599.49,4357.44,0
4295.9,3986.15,4238.97,4119.49,4337.95,4614.36,4050.77,4609.23,4199.49,4228.72,4194.87,4261.54,4600,4354.87,0
4297.44,3991.79,4229.23,4118.46,4340,4617.44,4053.85,4613.85,4200,4235.38,4199.49,4262.56,4603.08,4349.74,0
4301.03,3993.33,4237.44,4122.56,4343.08,4616.41,4060,4616.92,4203.59,4238.46,4208.21,4271.79,4604.1,4353.85,0
4294.36,3984.62,4245.13,4117.44,4338.46,4612.82,4058.97,4614.36,4197.95,4235.38,4204.62,4270.26,4599.49,4353.33,0
4288.72,3974.87,4244.62,4107.18,4331.28,4611.28,4054.36,4604.62,4187.18,4234.36,4194.87,4262.05,4592.31,4345.13,0
4289.23,3970.26,4243.08,4103.59,4330.26,4613.85,4059.49,4599.49,4188.72,4228.21,4190.26,4259.49,4582.05,4337.44,0
4290.77,3973.33,4244.62,4107.18,4336.41,4618.46,4068.72,4604.62,4198.97,4226.67,4194.87,4264.1,4586.15,4345.64,0
4294.87,3980,4248.72,4111.79,4338.97,4617.44,4064.62,4610.77,4203.08,4240,4208.21,4269.74,4608.72,4360,0
4291.79,3976.41,4244.1,4105.13,4333.85,4613.33,4057.44,4612.82,4198.46,4246.15,4213.85,4267.69,4617.95,4354.36,0
4286.15,3965.64,4235.9,4092.82,4331.28,4613.33,4061.03,4612.31,4200.51,4237.95,4206.67,4265.13,4607.69,4346.15,0
4289.23,3966.67,4238.97,4097.44,4332.31,4612.82,4063.08,4612.31,4207.18,4235.38,4204.62,4265.64,4605.13,4352.82,0
4289.74,3974.87,4241.03,4108.21,4336.41,4612.31,4057.44,4611.28,4200.51,4241.03,4208.21,4261.54,4607.69,4356.41,0
4282.56,3978.97,4229.74,4107.69,4339.49,4617.44,4054.36,4602.05,4192.31,4234.87,4204.1,4256.92,4607.69,4349.74,0
4283.59,3980.51,4224.62,4104.62,4337.95,4617.44,4057.95,4591.79,4191.79,4228.21,4200,4259.49,4606.67,4344.62,0
4287.18,3977.44,4234.36,4101.54,4333.85,4609.74,4057.44,4593.33,4191.79,4232.82,4203.59,4263.59,4605.13,4348.21,0
4281.54,3968.21,4240.51,4098.46,4330.77,4606.67,4052.31,4597.95,4192.31,4234.36,4201.54,4263.08,4601.03,4351.79,0
4280.51,3967.69,4242.56,4101.03,4331.79,4608.21,4050.77,4598.46,4193.85,4229.74,4196.92,4258.46,4598.97,4346.15,0
4287.69,3975.38,4244.1,4108.21,4335.38,4609.74,4052.31,4600.51,4196.92,4232.31,4200,4257.95,4601.54,4339.49,0
4287.18,3978.46,4237.44,4107.18,4335.38,4612.82,4053.85,4599.49,4191.79,4231.28,4198.46,4260,4597.95,4341.54,0
4282.05,3974.36,4236.41,4100.51,4331.79,4614.36,4054.87,4596.41,4190.26,4220,4190.26,4260.51,4589.23,4344.62,0
4285.64,3969.74,4246.67,4100.51,4333.33,4614.36,4058.46,4602.05,4197.44,4221.03,4193.33,4267.18,4591.28,4345.13,0
4290.26,3972.31,4251.28,4104.1,4335.38,4614.87,4057.95,4605.64,4195.38,4228.72,4198.46,4268.21,4596.41,4344.62,0
4286.67,3974.87,4246.15,4101.54,4332.31,4616.41,4052.82,4595.9,4182.05,4220.51,4191.79,4258.46,4593.33,4341.54,0
4283.59,3972.82,4242.56,4099.49,4331.79,4615.9,4050.77,4592.31,4180.51,4216.92,4192.31,4255.38,4592.31,4341.03,0
4283.59,3970.77,4243.08,4104.62,4332.82,4615.9,4052.31,4598.46,4193.85,4224.62,4198.46,4257.44,4595.38,4341.54,0
4281.54,3972.31,4241.54,4105.64,4330.77,4618.97,4052.82,4598.97,4195.9,4226.67,4197.44,4253.85,4592.82,4341.03,0
4281.03,3975.9,4245.13,4105.64,4337.44,4622.05,4055.9,4600.51,4201.54,4229.23,4197.95,4257.95,4594.87,4346.67,0
4286.67,3977.95,4251.28,4109.23,4344.1,4622.56,4062.56,4608.21,4208.21,4236.92,4206.15,4266.67,4602.05,4353.85,0
4288.21,3980.51,4249.23,4106.67,4338.97,4623.08,4065.13,4606.67,4199.49,4237.44,4206.67,4263.59,4603.08,4351.28,0
4285.13,3985.64,4243.08,4104.62,4336.92,4621.54,4063.59,4601.03,4199.49,4237.44,4205.64,4263.08,4605.13,4350.26,0
4291.28,3992.82,4251.79,4110.77,4344.1,4619.49,4063.08,4604.1,4206.67,4243.59,4213.85,4275.38,4614.36,4361.03,0
4300.51,3990.26,4266.15,4111.79,4345.13,4617.95,4062.56,4608.21,4203.59,4243.08,4215.9,4282.05,4614.87,4368.21,0
4301.54,3980,4260.51,4104.62,4340,4618.97,4060,4605.64,4195.9,4233.85,4208.21,4274.36,4608.72,4363.59,0
4295.38,3981.03,4249.23,4098.97,4340,4622.05,4057.95,4599.49,4194.87,4227.18,4207.18,4268.72,4608.72,4358.97,0
4287.69,3983.59,4244.62,4098.46,4340,4621.03,4055.38,4596.41,4193.85,4228.72,4208.21,4265.64,4608.72,4353.85,0
4284.62,3980.51,4239.49,4100.51,4339.49,4617.44,4056.41,4603.59,4198.46,4233.85,4204.1,4258.46,4602.56,4341.54,0
4285.64,3982.05,4240,4103.08,4343.59,4622.56,4063.59,4612.31,4206.15,4237.44,4203.08,4257.44,4598.97,4334.87,0
4285.64,3990.26,4247.69,4102.05,4346.15,4630.26,4066.67,4612.31,4206.67,4242.56,4208.21,4264.1,4602.05,4343.08,0
4288.72,3990.26,4249.74,4100.51,4346.15,4624.1,4064.1,4613.33,4213.85,4254.36,4213.85,4270.77,4611.28,4356.41,0
4296.92,3987.18,4249.23,4103.08,4345.13,4615.38,4062.56,4616.41,4216.92,4255.9,4216.92,4275.38,4617.95,4364.62,0
4297.95,3991.79,4250.77,4107.69,4342.56,4621.03,4061.54,4609.74,4206.15,4242.56,4216.92,4272.31,4615.9,4362.56,0
4295.38,3995.9,4250.77,4108.72,4343.08,4624.1,4058.46,4599.49,4191.79,4237.44,4212.31,4262.56,4610.26,4355.38,0
4294.87,3994.36,4251.28,4106.67,4347.69,4620,4055.38,4593.33,4184.1,4237.95,4207.18,4263.59,4607.69,4353.85,0
4291.79,3988.21,4249.74,4102.56,4343.59,4621.54,4057.44,4596.92,4195.38,4234.36,4204.62,4267.18,4608.21,4354.36,0
4292.82,3986.67,4252.82,4103.59,4338.46,4626.67,4063.08,4609.74,4212.31,4236.41,4206.67,4267.69,4606.67,4355.9,0
4300,3990.26,4262.56,4108.21,4343.59,4624.1,4065.13,4614.36,4212.31,4247.69,4213.33,4272.82,4609.23,4363.08,0
4297.95,3989.74,4264.62,4107.18,4347.69,4621.54,4065.64,4610.26,4206.67,4248.72,4213.85,4276.92,4612.82,4358.46,0
4293.85,3984.62,4255.38,4104.62,4342.05,4620,4069.74,4615.38,4212.82,4243.59,4210.26,4270.26,4607.18,4345.64,0
4293.33,3985.13,4248.72,4105.64,4336.92,4614.87,4069.23,4615.9,4204.62,4235.38,4204.1,4263.08,4597.95,4347.69,0
4290.77,3983.59,4247.69,4101.54,4335.38,4614.87,4067.69,4604.1,4188.21,4220.51,4196.41,4262.56,4592.82,4352.82,0
4291.28,3980,4245.13,4094.87,4337.44,4616.41,4069.23,4596.92,4187.18,4217.95,4194.87,4264.62,4594.36,4351.28,0
4296.41,3985.64,4247.69,4100.51,4341.03,4619.49,4067.18,4595.9,4188.21,4226.67,4203.08,4270.77,4601.54,4356.92,0
4297.95,3993.33,4256.92,4109.23,4343.59,4622.05,4062.56,4598.46,4191.79,4231.79,4214.36,4275.9,4613.33,4366.67,0
4300.51,3995.38,4264.62,4111.28,4349.23,4622.05,4060.51,4608.72,4207.18,4237.95,4221.03,4277.44,4620.51,4370.77,0
4305.13,3995.9,4266.67,4114.87,4355.38,4621.54,4058.46,4614.36,4206.67,4245.13,4223.08,4281.03,4620,4368.72,0
4303.08,3996.41,4258.97,4116.92,4352.82,4623.08,4054.36,4599.49,4187.69,4239.49,4217.44,4276.92,4614.36,4363.59,0
4294.36,3994.36,4248.72,4111.28,4346.67,4623.08,4058.97,4591.79,4187.18,4227.69,4208.21,4264.1,4606.67,4361.54,0
4290.26,3994.87,4246.15,4107.69,4344.62,4621.03,4064.62,4605.64,4203.59,4230.26,4204.62,4260,4604.62,4363.08,0
4293.33,3994.36,4251.28,4111.28,4344.1,4618.46,4061.54,4607.69,4200,4235.38,4207.69,4270.26,4607.18,4358.97,0
4294.87,3989.74,4257.44,4110.26,4340,4615.38,4059.49,4597.44,4186.15,4231.28,4208.72,4277.44,4604.62,4355.9,0
4294.36,3989.74,4262.05,4109.23,4335.9,4615.38,4059.49,4595.38,4189.23,4223.59,4204.62,4273.33,4598.97,4356.92,0
4298.97,3992.82,4265.13,4116.41,4338.46,4616.41,4054.36,4595.9,4190.26,4220,4202.05,4268.21,4598.97,4355.38,0
4300.51,3992.31,4259.49,4120.51,4344.62,4616.92,4050.26,4589.74,4183.59,4222.56,4203.08,4267.18,4603.08,4355.9,0
4289.23,3986.67,4250.77,4110.77,4345.13,4621.54,4053.85,4590.26,4187.18,4226.67,4204.1,4264.1,4604.62,4355.9,0
4282.05,3983.59,4248.21,4102.05,4338.46,4623.08,4056.92,4595.9,4194.87,4229.23,4202.56,4258.46,4601.54,4351.28,0
4286.67,3985.64,4247.69,4105.13,4336.41,4624.1,4059.49,4603.59,4203.08,4228.72,4201.03,4258.46,4596.92,4350.26,0
4294.87,3988.21,4251.79,4109.74,4337.95,4630.77,4066.15,4613.33,4214.36,4234.87,4202.56,4265.13,4597.44,4358.46,0
4306.67,3995.38,4262.05,4114.87,4338.97,4629.74,4065.13,4614.36,4215.9,4240.51,4208.72,4273.85,4607.69,4371.28,0
4323.08,4008.21,4269.23,4123.08,4342.56,4621.54,4056.92,4607.69,4205.64,4237.95,4215.38,4280,4617.95,4384.62,0
4336.92,4018.97,4272.82,4131.28,4342.56,4622.05,4051.79,4602.05,4199.49,4232.82,4216.92,4281.03,4622.56,4390.77,0
4345.64,4023.08,4275.9,4135.38,4337.44,4624.62,4052.31,4595.38,4193.85,4227.69,4211.28,4275.38,4621.54,4390.26,0
4356.41,4033.85,4275.9,4139.49,4337.44,4619.49,4053.33,4591.28,4184.62,4214.36,4206.15,4270.26,4616.92,4401.03,0
4369.74,4053.33,4277.95,4147.69,4344.1,4614.36,4052.31,4589.23,4180.51,4209.74,4209.23,4276.41,4617.44,4415.38,0
4377.95,4061.03,4283.59,4155.38,4344.62,4616.92,4049.74,4583.59,4180,4216.41,4212.82,4284.62,4622.56,4414.36,0
4376.41,4062.05,4279.49,4150.26,4339.49,4620.51,4049.74,4585.13,4182.56,4217.95,4210.26,4281.54,4620.51,4410.26,0
4378.97,4067.18,4275.9,4140,4340.51,4620,4049.74,4591.79,4182.05,4215.9,4207.18,4277.44,4614.36,4420.51,0
4390.77,4074.87,4281.54,4146.15,4342.05,4616.41,4047.69,4590.77,4178.46,4217.44,4208.72,4282.05,4614.36,4431.28,0
4391.28,4073.33,4282.05,4152.31,4336.41,4613.85,4047.69,4591.79,4182.05,4214.87,4212.31,4283.59,4617.95,4423.59,0
4379.49,4065.64,4278.46,4143.59,4331.28,4615.38,4047.69,4601.54,4188.72,4214.36,4217.44,4283.08,4621.54,4413.33,0
4376.92,4060,4282.56,4138.97,4331.79,4614.87,4049.23,4605.64,4192.31,4224.1,4223.59,4288.72,4630.26,4421.03,0
4380.51,4054.87,4285.13,4141.54,4332.82,4615.9,4054.87,4604.62,4193.33,4230.26,4224.1,4294.36,4635.38,4429.74,0
4377.95,4052.31,4281.03,4142.05,4334.36,4615.9,4054.87,4597.95,4188.72,4225.13,4222.05,4294.36,4631.79,4423.59,0
4370.77,4049.74,4280,4147.69,4338.46,4614.87,4048.72,4585.13,4176.41,4219.49,4216.92,4286.15,4627.18,4413.85,0
4365.64,4046.15,4280.51,4151.28,4339.49,4618.46,4045.13,4581.03,4173.33,4214.87,4209.23,4277.44,4623.59,4405.13,0
4363.08,4043.08,4279.49,4143.59,4340,4618.46,4043.59,4586.67,4182.05,4219.49,4206.15,4277.44,4618.46,4397.44,0
4363.59,4038.97,4285.13,4140.51,4342.56,4616.41,4044.1,4588.21,4183.59,4226.67,4211.28,4284.1,4617.44,4400,0
4361.03,4034.36,4292.82,4141.03,4342.05,4617.44,4046.67,4587.69,4183.08,4226.67,4215.9,4282.05,4619.49,4399.49,0
4356.92,4034.87,4291.28,4140,4339.49,4616.92,4047.69,4593.85,4189.23,4226.67,4216.92,4277.95,4618.46,4389.23,0
4355.9,4037.44,4287.69,4143.08,4340.51,4614.36,4048.72,4596.41,4188.21,4226.15,4216.41,4279.49,4618.97,4389.74,0
4348.72,4028.72,4283.08,4137.44,4340,4620,4053.33,4591.28,4176.41,4223.08,4212.82,4276.92,4616.41,4389.23,0
4336.92,4016.92,4270.26,4122.56,4334.87,4623.59,4055.38,4592.31,4177.95,4221.54,4209.23,4271.28,4609.23,4377.95,0
4331.28,4014.36,4264.1,4120,4332.82,4617.44,4051.28,4601.54,4194.87,4224.1,4210.26,4273.85,4607.69,4377.44,0
4325.64,4011.79,4263.08,4122.05,4334.36,4615.38,4053.85,4604.62,4193.85,4224.62,4207.69,4274.36,4602.56,4375.9,0
4317.44,4006.67,4252.82,4112.82,4332.31,4617.44,4057.95,4595.9,4174.36,4220.51,4201.03,4266.67,4592.31,4359.49,0
4315.38,4003.59,4250.26,4105.13,4331.79,4615.9,4053.33,4591.28,4171.79,4214.36,4196.92,4263.08,4590.77,4356.41,0
4315.38,4002.56,4257.44,4107.18,4336.41,4616.92,4054.87,4599.49,4189.74,4213.85,4198.46,4264.62,4595.38,4367.69,0
4316.41,4007.18,4255.9,4110.26,4339.49,4620.51,4062.05,4603.59,4194.36,4220.51,4203.59,4266.15,4598.97,4366.15,0
4319.49,4012.31,4254.36,4111.28,4335.9,4624.62,4060.51,4603.08,4180.51,4216.41,4204.62,4267.18,4600.51,4357.95,0
4320.51,4007.69,4260.51,4109.74,4331.28,4624.62,4059.49,4610.26,4183.59,4212.82,4204.1,4267.69,4600,4366.67,0
4322.56,4006.67,4263.08,4107.18,4333.85,4624.62,4065.64,4615.38,4196.92,4225.13,4208.72,4272.31,4606.67,4380.51,0
4325.64,4012.82,4260.51,4107.69,4335.9,4626.15,4064.62,4608.72,4192.31,4232.31,4212.82,4275.38,4612.31,4377.95,0
4322.56,4014.36,4257.95,4106.67,4335.38,4623.08,4059.49,4606.67,4193.33,4230.26,4208.72,4270.77,4607.69,4369.74,0
4320.51,4010.26,4255.38,4105.13,4337.95,4620,4062.56,4615.38,4207.69,4237.95,4204.62,4266.15,4605.13,4373.33,0
4321.54,4008.21,4252.82,4104.62,4338.46,4622.56,4066.15,4618.97,4209.74,4243.08,4209.23,4264.62,4607.69,4370.77,0
4313.85,4005.64,4248.72,4102.56,4332.31,4622.05,4066.67,4614.87,4199.49,4232.82,4205.13,4257.95,4601.54,4356.41,0
4307.69,4005.13,4250.26,4102.05,4332.82,4618.97,4067.18,4611.28,4192.31,4224.1,4195.38,4256.92,4593.33,4357.44,0
4313.85,4006.67,4256.41,4104.62,4336.92,4621.03,4064.1,4604.62,4187.18,4220.51,4198.46,4265.13,4593.33,4369.23,0
4312.31,4005.64,4252.31,4102.56,4332.31,4623.59,4062.56,4603.59,4191.79,4221.54,4203.08,4265.64,4594.36,4360,0
4303.59,3997.95,4246.67,4094.87,4326.67,4622.05,4065.13,4614.36,4200.51,4223.59,4198.46,4260,4592.82,4349.74,0
4305.13,3992.82,4249.23,4091.79,4327.18,4619.49,4060,4621.03,4200,4221.03,4201.54,4262.56,4594.36,4362.05,0
4312.82,3999.49,4253.33,4100.51,4330.26,4615.9,4053.33,4617.95,4204.62,4225.64,4211.79,4271.28,4600,4373.85,0
4313.85,4002.05,4258.97,4105.64,4331.28,4617.44,4057.95,4616.92,4208.21,4239.49,4212.31,4274.36,4605.64,4371.28,0
4306.67,3992.31,4261.03,4097.95,4327.69,4617.95,4061.03,4617.95,4197.44,4236.92,4208.21,4273.33,4603.59,4368.21,0
4305.64,3988.72,4260.51,4096.92,4325.13,4614.36,4056.41,4611.28,4192.31,4225.64,4209.23,4273.85,4602.05,4364.1,0
4311.79,3997.95,4264.1,4107.18,4330.77,4614.36,4054.87,4598.46,4192.82,4231.79,4212.82,4278.46,4606.15,4366.15,0
4313.33,4001.54,4266.67,4110.26,4334.36,4616.92,4054.87,4589.23,4178.97,4234.87,4213.85,4282.56,4607.18,4374.87,0
4308.72,3994.36,4265.13,4107.69,4331.28,4617.44,4055.38,4589.74,4168.21,4222.05,4208.72,4277.44,4597.95,4372.31,0
4307.69,3992.82,4263.08,4108.21,4332.82,4621.03,4058.46,4602.05,4182.56,4217.95,4203.59,4272.31,4590.26,4362.05,0
4306.15,3996.41,4261.03,4107.18,4338.46,4626.15,4060,4614.36,4200.51,4228.21,4208.21,4269.74,4598.46,4364.1,0
4301.54,3998.97,4257.95,4108.21,4338.46,4626.67,4060,4617.44,4203.59,4237.44,4217.44,4268.72,4609.23,4369.74,0
4300.51,3995.38,4257.44,4108.72,4332.82,4623.08,4060,4617.44,4207.69,4243.08,4216.92,4267.18,4606.67,4362.56,0
4298.97,3992.82,4262.05,4103.08,4328.72,4620.51,4057.44,4617.44,4215.9,4251.28,4215.9,4268.21,4604.62,4362.05,0
4297.95,3993.85,4263.08,4103.08,4328.21,4617.44,4050.77,4611.79,4210.77,4253.85,4219.49,4270.77,4612.31,4371.28,0
4296.41,3991.28,4252.82,4103.59,4327.18,4614.87,4051.28,4606.15,4198.46,4245.13,4215.9,4269.74,4613.85,4363.08,0
4291.79,3988.72,4247.18,4100.51,4329.74,4617.95,4055.38,4605.64,4193.85,4235.38,4207.18,4266.67,4605.64,4349.74,0
4291.28,3990.77,4255.9,4103.59,4333.85,4620,4052.31,4596.92,4185.13,4229.74,4202.56,4263.59,4600.51,4351.79,0
4293.33,3990.77,4258.46,4104.62,4333.33,4618.46,4050.26,4587.18,4177.44,4225.13,4202.56,4265.64,4598.46,4356.41,0
4292.82,3985.64,4248.21,4097.44,4332.82,4622.56,4054.36,4595.38,4184.1,4222.56,4204.1,4263.59,4597.95,4355.9,0
4290.26,3985.13,4245.64,4096.41,4336.41,4628.72,4056.92,4608.72,4197.44,4228.21,4205.13,4261.03,4599.49,4357.95,0
4289.23,3990.26,4248.21,4100,4335.38,4623.08,4056.41,4611.28,4201.54,4233.85,4204.1,4264.62,4596.41,4355.9,0
4289.74,3991.28,4250.77,4103.59,4331.28,4618.97,4061.54,4612.31,4199.49,4232.31,4205.13,4267.69,4591.79,4349.23,0
4291.28,3988.72,4254.87,4105.13,4333.85,4624.1,4066.15,4616.41,4198.97,4229.23,4205.64,4266.67,4592.31,4350.26,0
4285.13,3982.56,4252.82,4101.03,4332.82,4624.1,4060,4609.23,4194.36,4230.26,4203.08,4265.13,4591.79,4351.79,0
4283.08,3980.51,4250.26,4097.95,4325.64,4616.41,4051.79,4600.51,4188.72,4235.38,4205.13,4266.67,4593.33,4352.31,0
4294.87,3988.21,4258.46,4105.13,4327.18,4616.41,4051.28,4604.1,4194.36,4237.95,4209.23,4269.23,4599.49,4358.46,0
4302.05,3995.38,4266.15,4110.77,4337.44,4625.13,4057.95,4612.31,4204.62,4239.49,4210.26,4270.77,4601.03,4360.51,0
4291.79,3986.67,4262.05,4106.67,4337.95,4626.67,4064.1,4613.85,4202.56,4236.41,4204.1,4265.13,4596.92,4352.82,0
4283.59,3980,4253.85,4104.1,4333.85,4619.49,4061.03,4608.21,4188.21,4224.1,4197.44,4256.92,4590.26,4347.18,0
4287.69,3986.15,4249.74,4105.13,4334.36,4616.41,4053.33,4602.05,4183.59,4216.41,4195.9,4256.92,4584.1,4345.13,0
4286.67,3983.08,4247.69,4102.05,4332.82,4618.46,4053.85,4604.62,4191.79,4221.54,4194.36,4254.87,4581.03,4338.97,0
4279.49,3973.85,4250.26,4097.95,4331.28,4620,4057.44,4607.69,4190.77,4224.62,4190.77,4252.31,4582.05,4338.46,0
4284.62,3980.51,4260,4101.03,4337.95,4620.51,4054.87,4600.51,4183.08,4224.62,4194.36,4258.46,4588.21,4351.79,0
4298.97,3992.82,4268.72,4112.31,4344.1,4621.03,4053.33,4601.54,4194.87,4232.82,4205.13,4267.69,4601.03,4365.64,0
4302.05,3993.33,4264.62,4118.97,4341.03,4623.59,4056.41,4613.85,4211.28,4241.03,4210.77,4271.28,4605.64,4364.1,0
4297.95,3989.23,4260.51,4113.85,4337.44,4630.26,4060.51,4620,4206.67,4240.51,4208.72,4272.82,4601.03,4356.41,0
4294.87,3985.64,4263.59,4106.67,4336.92,4629.23,4060,4618.97,4200.51,4232.82,4205.13,4268.72,4597.95,4352.82,0
4291.79,3983.59,4263.08,4103.59,4335.9,4623.08,4057.95,4620.51,4209.23,4227.69,4204.62,4261.03,4595.9,4354.87,0
4295.38,3989.74,4262.05,4107.69,4340,4625.13,4059.49,4619.49,4207.18,4235.38,4208.72,4264.62,4597.44,4358.97,0
4296.92,3994.87,4262.56,4111.79,4344.62,4627.18,4060.51,4608.72,4186.15,4234.87,4207.69,4269.23,4600.51,4355.9,0
4292.31,3991.28,4262.56,4109.23,4342.56,4625.13,4055.38,4600,4177.95,4220.51,4202.56,4265.13,4597.44,4352.31,0
4292.82,3988.72,4262.56,4107.18,4340.51,4625.64,4047.69,4601.03,4190.77,4219.49,4206.15,4266.15,4596.41,4357.95,0
4296.92,3992.82,4262.56,4115.38,4344.62,4625.13,4047.69,4609.23,4202.05,4229.74,4212.31,4272.31,4600,4366.15,0
4296.92,3994.36,4262.56,4125.13,4345.13,4620.51,4051.79,4618.46,4205.64,4232.82,4212.82,4271.79,4605.64,4366.67,0
4295.9,3996.41,4262.56,4125.64,4344.62,4619.49,4055.9,4624.62,4207.69,4237.44,4212.31,4272.31,4610.26,4364.1,0
4295.38,3998.97,4262.56,4124.1,4346.67,4627.69,4057.95,4628.72,4211.79,4241.54,4213.33,4274.87,4606.67,4362.05,0
4291.28,3990.77,4263.08,4118.97,4346.15,4632.31,4056.41,4626.67,4210.77,4238.46,4211.28,4274.87,4600,4361.03,0
4290.77,3986.67,4263.08,4115.9,4348.21,4629.74,4054.87,4615.38,4193.85,4237.44,4211.28,4274.87,4609.74,4364.62,0
4297.44,3995.38,4261.03,4122.05,4353.33,4630.77,4055.9,4605.13,4187.18,4241.03,4217.95,4274.87,4624.1,4372.31,0
4300,3997.44,4263.59,4125.13,4349.74,4632.82,4056.41,4606.67,4196.92,4236.41,4214.87,4268.21,4614.87,4368.21,0
4289.74,3984.62,4263.59,4116.92,4340,4629.23,4052.31,4605.64,4191.28,4225.64,4201.54,4261.03,4595.38,4354.87,0
4281.03,3976.92,4253.33,4107.69,4338.46,4626.15,4047.18,4598.46,4179.49,4222.05,4197.44,4262.05,4592.31,4349.23,0
4286.15,3983.08,4252.82,4111.28,4343.59,4626.67,4044.1,4602.05,4190.77,4228.72,4202.05,4266.67,4599.49,4350.77,0
4289.23,3986.67,4262.56,4118.46,4344.1,4628.21,4044.1,4616.92,4206.67,4237.95,4204.1,4271.28,4602.05,4352.31,0
4285.64,3980.51,4267.18,4117.95,4340.51,4626.15,4046.15,4625.13,4206.15,4237.44,4206.67,4268.72,4603.08,4352.82,0
4285.13,3975.38,4261.54,4113.85,4335.9,4621.03,4045.13,4620,4196.41,4232.82,4207.69,4262.05,4602.56,4351.79,0
4283.59,3976.41,4251.28,4113.85,4333.85,4616.41,4039.49,4611.28,4187.69,4230.77,4202.56,4260,4596.92,4350.77,0
4279.49,3974.36,4252.31,4116.92,4334.36,4615.9,4036.41,4610.26,4192.31,4228.72,4202.56,4262.05,4594.87,4353.33,0
4278.46,3972.31,4260.51,4115.38,4335.38,4615.38,4038.97,4613.85,4197.95,4227.18,4205.64,4263.08,4598.46,4352.82,0
4278.97,3975.9,4254.87,4111.28,4337.95,4619.49,4041.03,4609.23,4190.26,4224.62,4203.08,4261.54,4600,4344.62,0
4277.44,3972.82,4244.62,4113.33,4339.49,4623.08,4042.05,4612.31,4190.77,4227.18,4204.1,4260,4600.51,4338.97,0
4277.95,3972.31,4250.26,4121.03,4341.03,4623.08,4049.23,4627.18,4205.13,4235.9,4211.79,4263.08,4606.15,4348.72,0
4286.67,3984.62,4261.54,4122.56,4343.08,4621.54,4055.38,4628.21,4207.69,4244.62,4216.41,4271.79,4612.82,4362.56,0
4293.85,3989.74,4262.56,4121.03,4343.08,4622.05,4052.31,4618.46,4201.03,4245.64,4214.36,4274.87,4613.85,4363.59,0
4287.69,3979.49,4265.64,4123.59,4339.49,4622.05,4047.18,4622.05,4202.05,4237.44,4211.79,4268.72,4608.21,4355.9,0
4281.03,3974.87,4261.03,4120,4332.82,4623.59,4047.69,4630.77,4205.13,4230.77,4209.23,4265.13,4603.59,4352.82,0
4284.1,3978.46,4252.82,4113.33,4331.79,4625.13,4051.79,4628.72,4204.62,4231.79,4206.67,4266.67,4604.1,4352.31,0
4288.21,3981.03,4256.41,4117.95,4338.46,4626.67,4051.28,4628.21,4204.62,4234.87,4208.72,4270.77,4606.15,4351.28,0
4283.08,3981.54,4260,4121.54,4342.05,4625.64,4046.15,4627.69,4204.1,4232.82,4208.21,4271.28,4602.56,4352.31,0
4273.85,3976.92,4249.23,4111.28,4336.92,4623.08,4042.05,4619.49,4197.95,4226.15,4201.54,4258.97,4594.36,4343.08,0
4268.21,3967.18,4241.03,4106.67,4333.85,4623.59,4044.1,4615.9,4190.77,4223.08,4194.36,4244.1,4588.21,4325.64,0
4268.21,3968.21,4245.64,4118.46,4335.9,4622.56,4041.54,4610.26,4189.23,4224.1,4192.82,4244.62,4587.69,4328.21,0
4272.31,3976.92,4248.21,4125.13,4334.87,4614.36,4036.41,4596.41,4185.13,4220,4192.82,4252.82,4589.74,4340.51,0
4272.31,3969.23,4246.15,4114.87,4329.23,4610.26,4040.51,4593.85,4178.46,4211.79,4193.85,4254.87,4589.23,4339.49,0
4273.85,3957.95,4247.69,4107.69,4329.23,4613.85,4047.69,4608.72,4187.18,4214.36,4200,4257.95,4591.79,4340.51,0
4280,3965.64,4253.33,4110.77,4333.33,4615.38,4051.79,4622.56,4204.62,4228.72,4207.18,4267.18,4600,4350.77,0
4282.05,3971.79,4257.44,4111.79,4332.82,4611.28,4048.21,4621.03,4201.03,4229.23,4207.18,4270.77,4600,4350.26,0
4281.54,3964.1,4252.82,4108.21,4329.74,4609.74,4043.08,4613.85,4193.33,4224.62,4203.59,4264.1,4594.87,4345.64,0
4277.95,3960,4248.21,4106.15,4331.28,4615.38,4046.15,4614.87,4195.9,4227.18,4204.62,4259.49,4593.33,4343.08,0
4272.31,3960.51,4246.15,4103.59,4332.31,4618.97,4052.31,4620.51,4194.36,4227.18,4204.1,4262.05,4591.79,4342.05,0
4274.87,3963.59,4246.67,4102.56,4333.85,4618.46,4053.33,4622.56,4194.36,4227.69,4204.62,4265.64,4593.33,4346.15,0
4283.59,3968.21,4247.69,4102.56,4338.46,4619.49,4051.79,4624.1,4195.9,4233.85,4208.21,4266.67,4596.41,4343.59,0
4281.54,3965.13,4244.62,4099.49,4340.51,4618.46,4052.82,4622.56,4192.31,4233.85,4207.69,4264.1,4595.9,4339.49,0
4275.9,3958.46,4242.05,4093.33,4339.49,4617.44,4048.72,4617.95,4194.36,4230.77,4206.15,4260.51,4593.85,4345.13,0
4280.51,3961.03,4249.23,4096.92,4338.97,4617.95,4043.59,4616.92,4196.92,4231.28,4206.15,4264.62,4592.31,4347.18,0
4282.05,3966.15,4251.79,4102.56,4340.51,4617.95,4042.56,4617.44,4188.72,4225.64,4207.69,4270.77,4588.72,4342.05,0
4277.95,3969.23,4246.67,4101.03,4342.56,4616.92,4047.18,4622.56,4195.9,4227.18,4208.72,4270.26,4593.85,4346.15,0
4283.59,3976.41,4247.18,4101.03,4346.15,4617.44,4052.31,4629.23,4210.26,4238.97,4212.31,4270.77,4603.59,4355.38,0
4290.77,3980,4249.74,4106.67,4345.13,4618.46,4047.69,4620,4196.41,4237.95,4211.79,4272.31,4602.56,4351.28,0
4288.21,3975.9,4248.72,4105.13,4338.46,4617.95,4040,4609.23,4181.54,4226.67,4207.69,4268.21,4594.87,4347.18,0
4280.51,3972.31,4248.72,4096.92,4336.92,4616.41,4041.54,4617.44,4191.79,4227.18,4205.64,4264.62,4592.82,4349.74,0
4276.92,3967.69,4248.72,4091.79,4335.38,4616.92,4051.28,4625.13,4196.41,4230.26,4206.15,4267.18,4594.36,4343.08,0
4273.33,3961.54,4248.21,4090.26,4331.28,4618.46,4056.41,4620,4186.67,4223.59,4204.1,4265.13,4591.28,4334.36,0
4272.31,3965.64,4248.21,4090.26,4330.26,4616.92,4051.79,4613.85,4184.62,4217.95,4201.03,4258.97,4584.62,4339.49,0
4277.95,3971.28,4246.67,4095.38,4332.82,4614.87,4046.15,4609.74,4189.23,4217.95,4202.05,4260.51,4585.64,4349.23,0
4278.97,3962.05,4247.18,4092.31,4332.82,4615.38,4043.59,4610.77,4188.72,4224.1,4201.03,4262.56,4587.69,4342.56,0
4272.82,3957.95,4248.21,4087.18,4333.33,4616.41,4044.62,4612.31,4184.1,4225.13,4197.44,4260,4584.62,4333.33,0
4276.92,3975.38,4245.13,4095.9,4337.44,4614.87,4042.56,4608.21,4185.64,4222.05,4201.03,4258.46,4588.21,4342.05,0
4290.26,3992.82,4251.79,4109.23,4338.97,4615.38,4041.03,4606.67,4192.31,4227.18,4206.15,4264.1,4593.85,4354.36,0
4292.82,3991.79,4261.54,4109.23,4336.41,4617.95,4043.59,4607.69,4187.18,4226.15,4205.13,4266.67,4588.72,4351.28,0
4285.13,3984.62,4256.92,4101.03,4329.74,4616.92,4044.1,4604.62,4176.41,4218.46,4198.97,4264.1,4584.62,4344.1,0
4281.03,3981.54,4246.15,4097.44,4325.13,4614.36,4042.05,4604.62,4178.97,4220.51,4197.44,4259.49,4589.74,4343.08,0
4281.54,3984.1,4245.13,4098.46,4330.77,4614.87,4045.13,4609.23,4187.69,4224.62,4202.56,4256.92,4591.28,4342.56,0
4287.18,3990.26,4253.33,4102.56,4338.97,4618.46,4051.79,4611.28,4192.31,4222.05,4207.18,4260.51,4589.23,4341.03,0
4291.28,3995.9,4261.54,4108.21,4342.05,4618.97,4048.72,4611.28,4194.87,4224.62,4205.64,4267.18,4591.79,4346.15,0
4291.79,3993.85,4264.1,4110.77,4342.05,4617.95,4041.54,4615.38,4197.95,4229.74,4204.62,4269.23,4594.87,4352.82,0
4290.26,3992.82,4261.54,4109.74,4340,4622.05,4046.15,4615.9,4193.33,4227.18,4204.62,4267.18,4592.31,4352.82,0
4285.13,3991.79,4257.44,4105.64,4335.38,4623.59,4050.77,4608.72,4189.74,4225.13,4197.95,4268.21,4585.64,4343.08,0
4275.38,3978.46,4250.26,4097.44,4329.74,4618.46,4047.18,4606.67,4192.82,4218.97,4192.82,4263.59,4580.51,4334.36,0
4265.13,3969.23,4245.13,4094.36,4327.18,4615.9,4045.64,4609.23,4187.18,4215.38,4194.36,4252.82,4576.92,4337.95,0
4270.26,3978.97,4246.67,4102.56,4328.72,4616.41,4047.18,4606.15,4178.97,4218.97,4197.95,4255.38,4577.95,4344.1,0
4277.44,3986.67,4245.64,4106.67,4331.28,4616.41,4044.1,4606.15,4186.15,4216.92,4196.92,4262.05,4580,4340,0
4270.77,3978.97,4245.13,4097.95,4331.79,4616.41,4041.03,4611.79,4193.33,4213.33,4191.28,4256.41,4577.44,4335.9,0
4266.67,3975.9,4248.21,4093.85,4330.26,4616.41,4042.05,4613.33,4189.74,4216.92,4191.28,4251.28,4577.95,4338.97,0
4274.36,3983.08,4247.69,4100,4330.26,4616.41,4046.67,4612.82,4192.31,4214.87,4193.85,4258.46,4578.97,4337.95,0
4275.9,3982.56,4248.72,4100.51,4330.26,4616.92,4047.69,4610.26,4191.79,4205.13,4190.77,4256.92,4574.87,4334.87,0
4268.21,3975.9,4246.67,4095.38,4327.69,4615.38,4039.49,4605.64,4180.51,4203.59,4187.18,4247.18,4573.33,4333.85,0
4267.18,3974.87,4236.41,4091.79,4329.74,4613.85,4036.92,4607.18,4183.59,4205.64,4189.74,4246.15,4573.33,4328.21,0
4263.08,3973.85,4235.38,4090.26,4332.31,4614.87,4043.59,4608.21,4189.74,4202.56,4186.67,4250.77,4563.08,4318.46,0
4261.03,3969.74,4245.13,4093.85,4330.26,4614.36,4047.69,4605.13,4185.13,4208.21,4185.64,4253.33,4564.1,4323.59,0
4270.26,3973.33,4247.69,4100,4328.21,4614.36,4048.21,4607.69,4185.13,4218.97,4197.44,4256.92,4586.67,4343.08,0
4277.44,3976.41,4250.26,4103.08,4329.23,4615.38,4052.31,4613.33,4195.9,4223.08,4206.67,4264.62,4598.46,4354.36,0
4278.97,3972.31,4261.03,4106.15,4327.69,4612.82,4051.28,4614.87,4197.44,4223.59,4207.69,4270.77,4595.38,4350.26,0
4278.97,3969.23,4261.03,4105.64,4324.1,4613.33,4045.13,4611.79,4187.18,4220,4204.1,4267.69,4589.23,4340.51,0
4274.87,3967.18,4249.74,4096.92,4324.1,4615.9,4045.13,4609.23,4184.1,4212.82,4197.44,4256.41,4582.05,4335.9,0
4271.79,3968.21,4246.67,4095.9,4328.21,4615.9,4044.1,4607.69,4188.21,4214.36,4196.92,4256.41,4583.08,4342.05,0
4276.92,3973.85,4254.87,4106.15,4333.33,4614.87,4040,4604.62,4190.26,4223.59,4204.62,4269.23,4589.74,4349.74,0
4282.05,3975.38,4260.51,4107.69,4334.36,4614.36,4044.1,4613.85,4199.49,4227.18,4208.72,4273.85,4590.77,4349.23,0
4279.49,3973.33,4256.41,4101.03,4331.79,4617.44,4052.82,4627.69,4210.77,4228.21,4205.64,4268.21,4588.72,4345.13,0
4274.36,3973.33,4250.77,4103.08,4332.82,4621.54,4053.85,4625.64,4198.97,4226.67,4199.49,4263.08,4585.64,4343.08,0
4268.21,3967.18,4245.64,4104.1,4330.26,4621.54,4053.33,4616.92,4185.13,4220,4191.79,4256.41,4576.41,4335.38,0
4261.54,3961.54,4241.54,4097.95,4323.08,4617.44,4053.85,4620,4191.79,4219.49,4191.79,4249.74,4572.82,4328.21,0
4260.51,3963.08,4240.51,4094.36,4321.54,4609.23,4049.23,4618.46,4188.72,4225.64,4197.44,4249.74,4578.46,4329.23,0
4264.62,3965.13,4237.95,4096.41,4327.18,4604.1,4044.62,4607.18,4177.44,4221.03,4195.9,4250.77,4579.49,4330.77,0
4266.15,3967.18,4237.44,4097.95,4329.74,4610.77,4050.77,4611.79,4189.74,4216.41,4192.82,4248.72,4578.97,4332.31,0
4266.15,3967.69,4244.62,4098.46,4325.64,4614.36,4057.44,4626.67,4204.1,4224.62,4196.41,4252.31,4583.59,4338.46,0
4266.67,3964.1,4249.74,4097.44,4321.03,4605.64,4050.77,4622.56,4192.31,4230.26,4198.97,4257.44,4585.64,4335.9,0
4260.51,3957.95,4242.05,4092.31,4317.95,4600.51,4046.15,4611.28,4187.18,4223.08,4193.85,4254.87,4578.46,4325.13,0
4257.95,3958.46,4237.95,4089.23,4318.97,4603.59,4049.23,4613.33,4195.38,4219.49,4190.77,4251.28,4574.87,4327.69,0
4266.67,3965.13,4243.59,4093.85,4324.1,4604.1,4046.15,4612.82,4184.1,4218.97,4191.28,4256.41,4577.44,4337.44,0
4271.79,3969.74,4250.26,4102.05,4328.72,4603.59,4040.51,4606.15,4174.87,4220.51,4197.44,4263.08,4582.56,4340.51,0
4273.85,3975.38,4252.82,4106.67,4331.28,4604.1,4042.05,4608.21,4187.18,4227.18,4209.74,4263.59,4593.85,4346.67,0
4284.62,3981.54,4249.74,4108.72,4333.33,4607.18,4046.15,4618.46,4200,4232.31,4214.87,4265.64,4601.03,4357.95,0
4291.79,3984.62,4250.77,4114.36,4334.87,4612.82,4048.21,4622.56,4205.13,4234.36,4210.26,4270.77,4603.59,4362.05,0
4288.72,3981.54,4257.95,4122.05,4331.79,4613.33,4049.74,4617.44,4200.51,4235.38,4207.18,4266.15,4603.59,4355.38,0
4284.1,3977.44,4258.46,4121.03,4330.26,4609.74,4048.21,4606.67,4183.08,4228.72,4202.05,4260,4594.36,4345.64,0
4280,3975.38,4251.28,4111.79,4326.67,4606.67,4043.08,4602.56,4178.46,4218.97,4193.33,4262.05,4581.54,4338.97,0
4273.85,3968.21,4246.67,4105.64,4321.03,4609.23,4044.1,4610.26,4192.82,4220.51,4191.28,4260,4576.41,4335.38,0
4268.72,3960.51,4247.69,4106.15,4323.08,4615.38,4049.74,4617.95,4195.38,4223.59,4193.33,4253.33,4573.85,4331.79,0
4268.21,3963.59,4252.31,4108.21,4328.72,4620,4054.87,4618.97,4192.31,4222.56,4193.85,4253.85,4576.41,4330.77,0
4273.33,3970.77,4260.51,4110.77,4328.21,4617.44,4052.31,4620,4200,4228.21,4197.44,4254.36,4585.64,4338.46,0
4277.44,3968.72,4264.1,4112.31,4325.64,4610.26,4048.21,4621.54,4202.56,4233.33,4200,4254.36,4589.23,4346.67,0
4275.9,3966.15,4262.56,4107.18,4325.13,4607.18,4051.79,4622.56,4201.03,4235.38,4198.97,4260,4589.23,4343.59,0
4277.44,3971.79,4264.62,4108.21,4327.18,4612.82,4055.38,4625.13,4202.56,4234.36,4197.44,4261.54,4591.79,4340.51,0
4278.46,3974.36,4266.15,4120.51,4330.77,4617.44,4056.41,4627.18,4202.05,4228.21,4195.38,4258.46,4588.21,4343.59,0
4277.44,3969.23,4264.1,4117.95,4329.74,4616.92,4056.92,4626.67,4198.97,4224.1,4197.44,4260,4584.62,4344.1,0
4278.46,3964.62,4262.05,4105.13,4326.67,4615.9,4054.36,4623.08,4195.9,4230.77,4203.08,4264.62,4589.74,4342.56,0
4277.95,3967.18,4262.56,4111.79,4328.72,4613.85,4049.23,4613.85,4188.21,4231.28,4203.08,4262.56,4591.79,4341.03,0
4277.95,3973.33,4263.08,4121.03,4330.77,4610.77,4045.13,4604.62,4182.05,4222.05,4197.44,4256.41,4588.21,4339.49,0
4277.95,3973.85,4261.03,4114.87,4330.26,4613.33,4044.62,4609.23,4192.82,4222.05,4196.41,4257.95,4588.72,4344.1,0
4277.95,3972.31,4260.51,4114.36,4330.26,4616.92,4047.69,4617.44,4203.59,4229.23,4200.51,4265.13,4589.23,4348.72,0
4280.51,3974.36,4263.59,4122.56,4331.79,4615.9,4050.26,4616.92,4195.9,4230.26,4204.62,4267.69,4588.21,4348.21,0
4282.56,3975.38,4266.15,4120.51,4332.82,4615.38,4050.77,4612.31,4190.77,4228.72,4206.15,4265.13,4593.33,4345.13,0
4276.92,3970.26,4261.54,4112.82,4330.26,4616.41,4049.23,4612.31,4197.95,4230.77,4207.69,4262.56,4597.44,4341.54,0
4271.79,3963.59,4255.9,4113.33,4325.13,4614.87,4044.62,4612.31,4194.87,4225.13,4205.64,4260.51,4591.79,4337.44,0
4273.33,3963.59,4257.95,4115.38,4324.62,4614.36,4041.54,4604.1,4179.49,4213.85,4196.92,4258.46,4586.15,4337.95,0
4273.85,3964.1,4262.56,4117.44,4326.15,4611.79,4044.62,4594.87,4172.82,4214.36,4192.31,4257.44,4587.69,4338.46,0
4272.82,3962.56,4260.51,4118.46,4325.64,4606.15,4043.08,4595.38,4176.92,4216.41,4195.9,4256.92,4587.18,4335.38,0
4272.82,3962.56,4254.87,4114.87,4326.67,4603.59,4040,4603.59,4186.67,4215.38,4197.44,4254.36,4584.1,4336.41,0
4275.9,3967.69,4255.9,4111.79,4326.15,4605.13,4043.59,4606.67,4190.77,4219.49,4195.38,4255.9,4583.08,4334.87,0
4276.41,3969.74,4264.1,4115.9,4321.03,4600.51,4043.59,4602.05,4182.05,4216.41,4193.33,4257.44,4579.49,4330.77,0
4272.82,3965.64,4264.1,4115.38,4319.49,4597.44,4040,4600.51,4180,4207.18,4192.31,4255.38,4577.44,4333.33,0
4272.82,3963.59,4252.31,4105.64,4325.13,4604.1,4042.56,4604.62,4184.62,4207.69,4192.82,4254.87,4582.05,4333.85,0
4273.33,3967.69,4246.67,4104.1,4328.21,4607.18,4045.13,4608.21,4184.62,4215.9,4191.28,4254.87,4586.15,4331.79,0
4273.85,3971.28,4248.72,4109.74,4327.18,4606.15,4040.51,4603.59,4183.08,4218.97,4188.72,4253.85,4586.67,4336.92,0
4276.92,3971.28,4248.72,4107.18,4330.26,4606.15,4040.51,4595.9,4178.46,4216.41,4190.26,4254.36,4590.26,4341.54,0
4283.08,3974.36,4250.26,4106.67,4333.33,4606.67,4040.51,4588.72,4172.82,4213.85,4192.31,4256.41,4591.28,4341.03,0
4284.62,3974.87,4250.77,4108.72,4330.26,4604.1,4035.9,4590.77,4177.44,4218.46,4190.26,4254.87,4588.72,4346.67,0
4282.56,3971.79,4248.21,4105.13,4328.21,4603.08,4038.97,4604.62,4189.23,4228.21,4193.85,4258.46,4594.36,4352.82,0
4283.08,3975.38,4248.21,4098.97,4330.26,4605.13,4045.13,4615.38,4199.49,4232.31,4204.1,4265.13,4604.1,4351.79,0
4285.13,3979.49,4249.23,4098.97,4331.28,4604.62,4041.54,4612.31,4200,4232.82,4208.21,4264.1,4604.62,4351.79,0
4283.08,3976.92,4250.26,4100,4328.21,4602.05,4035.38,4601.54,4187.18,4233.33,4200,4259.49,4595.38,4349.23,0
4275.38,3968.21,4249.23,4092.82,4321.54,4598.97,4036.92,4590.77,4176.41,4221.54,4184.1,4249.74,4582.56,4335.38,0
4271.28,3967.69,4238.97,4085.64,4317.95,4598.97,4038.97,4586.15,4175.38,4209.74,4175.38,4237.44,4575.38,4329.23,0
4273.85,3974.87,4230.26,4087.69,4326.67,4601.03,4035.9,4588.21,4180,4220,4183.08,4238.46,4583.59,4337.95,0
4277.44,3975.9,4240.51,4091.28,4334.87,4601.54,4036.41,4590.77,4185.13,4235.9,4193.33,4251.28,4594.36,4341.03,0
4275.9,3971.28,4247.18,4092.31,4328.72,4602.56,4041.03,4597.44,4187.69,4231.79,4192.31,4254.36,4591.28,4337.44,0
4272.82,3973.85,4238.46,4091.79,4326.67,4602.56,4041.03,4605.64,4190.26,4226.15,4188.72,4251.79,4587.18,4341.03,0
4275.9,3976.92,4239.49,4091.79,4328.72,4600,4038.97,4606.15,4194.36,4232.31,4192.82,4255.9,4591.79,4344.62,0
4274.36,3971.28,4247.18,4091.79,4324.1,4600,4037.95,4601.03,4190.26,4232.31,4196.41,4256.41,4594.36,4344.1,0
4265.13,3964.62,4239.49,4091.79,4320,4599.49,4036.92,4595.9,4181.54,4227.18,4187.18,4249.74,4588.21,4338.97,0
4260,3962.56,4230.77,4085.64,4317.95,4592.82,4040,4590.77,4176.92,4217.44,4171.79,4246.15,4573.33,4329.23,0
4258.97,3960.51,4233.33,4076.92,4314.36,4590.26,4043.59,4591.28,4174.36,4208.21,4169.23,4243.59,4565.64,4323.08,0
4257.95,3955.38,4234.87,4077.44,4315.38,4595.9,4044.62,4597.44,4174.87,4214.87,4176.41,4242.56,4571.79,4328.21,0
4262.05,3955.38,4233.33,4083.59,4319.49,4599.49,4048.21,4600.51,4180.51,4225.13,4178.46,4249.74,4577.95,4337.44,0
4264.1,3964.62,4234.87,4088.21,4319.49,4601.54,4052.82,4602.05,4185.64,4228.72,4179.49,4251.28,4580,4337.95,0
4262.56,3966.67,4234.87,4088.21,4318.46,4597.95,4044.1,4598.97,4183.08,4232.31,4181.03,4242.56,4582.05,4328.21,0
4263.08,3961.54,4232.82,4083.59,4315.38,4589.74,4031.79,4590.26,4173.33,4226.15,4176.41,4239.49,4574.36,4322.05,0
4264.1,3963.59,4233.33,4083.08,4311.79,4589.23,4033.85,4589.74,4168.72,4210.26,4171.28,4243.08,4565.13,4329.74,0
4266.15,3970.26,4233.85,4090.26,4317.44,4594.36,4038.97,4595.38,4175.38,4213.33,4173.85,4243.08,4571.79,4339.49,0
4267.69,3970.77,4232.82,4091.28,4319.49,4592.82,4035.38,4595.38,4181.54,4222.56,4176.41,4241.54,4578.97,4335.9,0
4264.62,3970.77,4236.92,4088.21,4318.97,4594.36,4036.41,4595.9,4176.92,4215.9,4180,4244.62,4580.51,4336.92,0
4269.23,3974.87,4246.15,4091.28,4325.64,4596.41,4040,4597.44,4174.36,4218.46,4188.72,4249.74,4585.64,4349.23,0
4278.46,3974.87,4248.72,4092.82,4325.64,4595.9,4037.44,4593.33,4175.9,4225.13,4187.18,4252.31,4586.67,4348.72,0
4273.33,3971.28,4246.15,4090.26,4318.97,4598.46,4033.33,4591.28,4176.92,4221.03,4178.97,4252.82,4583.59,4339.49,0
4268.72,3969.23,4247.18,4089.74,4318.46,4593.85,4034.87,4596.92,4181.03,4221.54,4182.05,4256.92,4582.56,4343.08,0
4275.9,3969.23,4248.21,4090.77,4319.49,4584.1,4039.49,4604.62,4186.15,4231.28,4192.31,4263.08,4587.18,4350.77,0
4274.87,3966.67,4246.67,4090.26,4316.41,4587.18,4042.56,4606.67,4182.05,4230.26,4192.82,4261.03,4591.28,4347.18,0
4264.1,3964.1,4247.18,4088.21,4315.9,4590.77,4041.54,4602.05,4177.44,4221.54,4182.56,4254.87,4585.64,4337.44,0
4261.54,3966.67,4249.23,4089.23,4318.97,4586.15,4040,4600,4178.97,4216.92,4173.85,4252.82,4575.38,4331.79,0
4268.21,3969.23,4249.23,4091.28,4321.03,4591.79,4047.18,4600.51,4174.36,4214.87,4173.85,4253.85,4574.87,4335.9,0
4272.82,3970.77,4248.72,4091.28,4322.05,4597.95,4052.31,4600.51,4177.44,4220.51,4176.92,4255.38,4578.97,4343.08,0
4272.31,3972.82,4250.26,4091.28,4321.03,4590.77,4044.62,4599.49,4185.64,4227.18,4176.92,4255.38,4577.95,4343.08,0
4271.28,3976.92,4249.74,4094.87,4324.62,4588.21,4042.56,4597.95,4172.82,4221.03,4176.41,4253.33,4577.95,4338.46,0
4271.28,3977.95,4246.15,4096.92,4327.18,4594.36,4050.77,4595.9,4159.49,4211.79,4174.36,4248.21,4574.87,4334.36,0
4267.69,3976.92,4245.13,4093.33,4328.21,4597.44,4051.28,4597.95,4176.92,4218.46,4172.82,4247.69,4573.33,4332.31,0
4271.28,3975.38,4246.67,4090.77,4332.82,4599.49,4044.1,4604.62,4194.87,4231.79,4178.97,4251.79,4583.08,4336.92,0
4279.49,3978.46,4246.15,4094.36,4335.9,4603.08,4044.1,4607.69,4189.74,4236.41,4188.21,4254.36,4593.33,4346.67,0
4279.49,3987.69,4245.13,4100,4333.85,4603.08,4047.18,4607.69,4192.31,4238.97,4191.28,4253.85,4593.85,4349.23,0
4273.33,3987.18,4244.62,4096.92,4332.31,4603.59,4049.74,4612.82,4201.54,4242.56,4191.28,4253.33,4593.85,4345.13,0
4274.36,3978.46,4245.13,4093.85,4330.26,4605.13,4051.79,4614.87,4194.36,4240,4191.28,4253.33,4592.82,4345.13,0
4274.36,3978.46,4245.13,4097.95,4327.69,4604.1,4052.31,4606.67,4185.13,4229.74,4188.21,4249.74,4585.64,4342.05,0
4269.74,3981.54,4246.15,4101.03,4331.28,4598.97,4047.69,4596.92,4185.64,4222.56,4184.1,4248.72,4583.08,4336.41,0
4269.74,3975.9,4247.69,4100.51,4328.72,4594.36,4043.08,4595.38,4182.05,4224.1,4181.54,4253.85,4584.62,4338.46,0
4273.85,3970.26,4249.23,4099.49,4319.49,4591.28,4046.15,4597.44,4173.85,4225.64,4181.54,4256.92,4583.08,4344.62,0
4278.97,3975.9,4254.87,4101.03,4322.05,4589.23,4048.72,4602.05,4180.51,4225.13,4186.67,4259.49,4586.67,4344.62,0
4280.51,3983.08,4256.92,4105.13,4331.28,4593.85,4045.64,4605.13,4188.72,4228.21,4190.77,4262.56,4592.31,4338.97,0
4278.97,3985.13,4250.77,4108.72,4332.31,4598.46,4041.54,4602.56,4184.1,4231.79,4189.23,4259.49,4588.72,4339.49,0
4280,3986.67,4249.74,4107.18,4330.26,4595.9,4039.49,4601.54,4181.54,4229.23,4188.72,4254.87,4589.23,4347.18,0
4282.05,3987.18,4253.85,4105.13,4330.26,4598.97,4044.62,4606.67,4187.18,4225.64,4190.26,4256.92,4594.87,4353.85,0
4283.08,3985.64,4252.31,4107.18,4326.67,4604.1,4045.64,4608.72,4192.31,4232.31,4189.74,4257.44,4592.31,4352.82,0
4282.56,3985.64,4247.69,4106.67,4327.18,4593.85,4032.82,4602.05,4190.26,4237.44,4188.72,4252.82,4590.26,4348.72,0
4281.03,3988.21,4246.15,4105.64,4331.79,4582.05,4027.18,4597.95,4188.21,4235.38,4189.74,4253.33,4594.36,4347.69,0
4280,3990.26,4246.15,4108.21,4331.79,4588.21,4035.38,4604.1,4193.33,4241.03,4192.31,4255.9,4598.46,4351.28,0
4281.54,3989.74,4249.74,4108.72,4330.77,4596.41,4036.41,4610.26,4195.9,4248.21,4196.41,4255.38,4600,4351.28,0
4275.9,3981.03,4249.74,4103.08,4329.23,4593.33,4033.33,4606.15,4189.74,4239.49,4192.82,4253.33,4593.85,4341.03,0
4269.74,3972.82,4245.13,4100,4326.15,4591.79,4037.44,4597.44,4184.1,4227.18,4184.1,4246.15,4586.67,4338.46,0
4277.95,3982.05,4249.74,4104.1,4327.18,4596.41,4036.41,4592.82,4182.05,4231.28,4183.59,4245.13,4590.26,4352.82,0
4291.79,3993.33,4262.56,4109.74,4331.28,4597.44,4032.82,4590.26,4177.44,4235.9,4193.33,4254.87,4598.97,4360,0
4294.36,3991.79,4269.23,4112.82,4333.33,4597.95,4039.49,4597.95,4188.21,4230.26,4197.95,4267.69,4596.92,4357.44,0
4285.64,3987.18,4266.67,4108.72,4332.82,4604.62,4052.31,4613.85,4207.69,4230.26,4192.82,4272.82,4589.23,4357.95,0
4285.64,3989.23,4263.59,4110.77,4334.36,4607.18,4053.85,4618.97,4206.67,4241.03,4192.31,4267.18,4592.82,4356.41,0
4292.82,3993.85,4264.62,4120.51,4335.38,4599.49,4047.18,4611.28,4192.82,4245.13,4197.44,4263.08,4602.56,4349.74,0
4289.23,3992.31,4265.13,4122.05,4333.33,4598.97,4044.1,4606.15,4190.77,4236.92,4196.41,4263.59,4601.54,4351.28,0
4284.1,3990.26,4265.13,4115.9,4329.74,4602.05,4042.05,4605.13,4194.87,4235.38,4192.31,4262.56,4593.85,4351.79,0
4289.23,3989.74,4265.13,4114.87,4329.74,4593.85,4037.95,4602.56,4188.72,4238.46,4192.31,4263.08,4592.82,4345.64,0
4286.67,3984.62,4263.59,4115.38,4330.26,4588.21,4037.95,4595.9,4177.95,4225.64,4188.21,4261.03,4589.74,4344.62,0
4276.41,3979.49,4260.51,4111.28,4327.69,4595.38,4044.62,4592.82,4173.33,4210.26,4179.49,4258.97,4581.03,4347.18,0
4276.92,3981.54,4261.03,4106.67,4331.28,4603.59,4049.74,4599.49,4180.51,4214.36,4179.49,4262.05,4582.56,4346.15,0
4278.97,3985.64,4262.56,4108.21,4335.9,4607.69,4053.85,4609.74,4191.28,4226.67,4186.67,4263.08,4587.69,4347.18,0
4275.9,3984.62,4261.54,4115.9,4332.82,4607.18,4050.26,4613.33,4194.36,4232.31,4188.72,4254.87,4587.18,4348.72,0
4279.49,3988.21,4261.54,4119.49,4333.85,4602.05,4043.59,4610.26,4193.85,4233.85,4187.69,4255.9,4590.26,4348.72,0
4287.69,3994.87,4270.26,4120.51,4342.05,4602.05,4043.59,4608.72,4192.82,4232.82,4191.79,4267.18,4596.92,4352.82,0
4292.82,3996.41,4278.46,4124.62,4343.08,4605.13,4044.1,4608.72,4192.82,4233.33,4197.44,4273.85,4598.97,4357.95,0
4290.77,3992.82,4277.95,4123.08,4336.41,4604.62,4045.13,4605.64,4189.23,4235.38,4196.41,4273.85,4594.36,4355.38,0
4285.13,3990.26,4272.82,4120.51,4332.31,4605.13,4052.31,4604.62,4189.74,4228.72,4189.74,4268.21,4590.26,4346.67,0
4281.03,3991.28,4267.69,4121.54,4330.77,4608.72,4055.9,4605.13,4190.26,4222.05,4182.56,4259.49,4585.64,4338.97,0
4282.05,3987.69,4264.62,4120,4331.79,4608.72,4050.26,4602.05,4182.05,4223.59,4180,4259.49,4583.08,4343.59,0
4283.59,3983.59,4265.64,4119.49,4333.85,4612.31,4053.85,4607.69,4187.18,4225.64,4185.64,4266.15,4586.67,4355.38,0
4287.18,3985.13,4267.18,4121.54,4336.41,4615.9,4063.08,4622.05,4201.54,4228.21,4192.82,4267.18,4591.79,4353.33,0
4288.21,3988.72,4266.67,4122.56,4337.44,4611.28,4058.97,4619.49,4192.82,4226.67,4191.28,4265.13,4590.77,4345.13,0
4283.59,3988.72,4266.15,4121.54,4334.87,4604.1,4045.13,4602.56,4176.41,4221.03,4186.15,4263.08,4586.67,4347.18,0
4281.54,3987.18,4264.62,4120.51,4333.33,4601.54,4042.05,4597.95,4183.08,4221.03,4187.69,4261.03,4587.69,4350.26,0
4285.13,3988.21,4265.13,4122.05,4334.36,4602.56,4048.21,4598.46,4187.69,4226.15,4193.33,4264.62,4592.31,4351.28,0
4285.13,3988.72,4265.13,4121.54,4333.85,4601.54,4049.23,4596.41,4176.92,4225.13,4189.23,4264.62,4588.72,4351.79,0
4279.49,3982.05,4260.51,4116.41,4332.31,4602.05,4049.23,4602.56,4182.56,4218.97,4182.56,4258.97,4583.08,4343.08,0
4280,3975.38,4257.95,4109.74,4332.31,4603.08,4053.85,4611.79,4194.87,4223.08,4186.15,4260,4583.59,4341.54,0
4287.18,3977.95,4263.08,4108.21,4332.82,4600,4056.41,4612.31,4190.26,4229.23,4193.33,4266.15,4585.13,4349.74,0
4288.72,3980,4265.64,4109.23,4331.79,4599.49,4055.9,4612.82,4188.21,4231.28,4192.82,4262.56,4585.13,4345.64,0
4282.05,3976.41,4260,4107.18,4332.82,4602.05,4055.38,4614.87,4193.33,4228.72,4190.26,4258.46,4584.1,4336.92,0
4277.44,3978.46,4257.44,4105.64,4334.87,4602.05,4052.31,4608.72,4189.74,4227.69,4191.28,4261.03,4584.62,4343.08,0
4283.59,3984.62,4256.92,4109.23,4333.85,4600,4042.56,4600,4181.54,4231.28,4190.26,4257.95,4587.18,4354.36,0
4290.77,3989.23,4254.36,4111.79,4331.79,4597.95,4035.9,4596.92,4181.03,4230.77,4189.74,4249.74,4589.74,4350.77,0
4286.15,3985.64,4248.72,4105.64,4331.79,4595.9,4038.46,4597.95,4184.1,4225.13,4188.21,4242.05,4588.21,4336.92,0
4277.95,3978.97,4244.62,4100.51,4331.79,4596.92,4042.05,4596.41,4181.54,4218.97,4186.67,4242.05,4583.59,4336.92,0
4277.44,3980,4246.15,4102.05,4331.79,4600,4044.1,4594.87,4177.95,4218.46,4189.23,4248.21,4585.13,4350.26,0
4280.51,3983.59,4250.26,4105.13,4333.33,4598.97,4048.21,4603.59,4188.21,4224.1,4191.28,4252.82,4589.23,4348.21,0
4285.64,3984.62,4250.77,4106.67,4332.82,4594.36,4048.72,4612.82,4197.44,4230.77,4192.31,4255.9,4592.31,4337.44,0
4288.21,3987.69,4250.26,4106.15,4333.85,4591.79,4043.08,4610.26,4190.77,4236.41,4195.38,4256.41,4591.28,4343.08,0
4284.1,3984.62,4249.23,4100,4334.36,4595.9,4043.08,4605.64,4181.54,4234.87,4194.36,4254.87,4588.21,4348.72,0
4278.46,3976.92,4248.72,4097.44,4332.82,4601.54,4046.67,4604.1,4185.13,4229.74,4191.28,4257.44,4588.21,4348.21,0
4282.05,3980.51,4254.87,4104.1,4332.31,4598.97,4044.62,4596.92,4187.18,4230.26,4200.51,4266.15,4596.41,4355.38,0
4291.28,3987.69,4263.08,4107.18,4327.69,4594.87,4043.08,4593.85,4185.13,4232.82,4205.13,4265.13,4603.08,4359.49,0
4290.77,3983.08,4263.08,4101.54,4325.13,4596.41,4044.62,4601.54,4185.64,4230.26,4198.46,4261.03,4598.46,4353.33,0
4287.18,3977.95,4263.08,4100.51,4329.23,4597.44,4045.64,4607.18,4187.69,4229.74,4200.51,4266.67,4596.92,4352.82,0
4288.72,3974.87,4265.13,4102.05,4325.13,4591.79,4044.62,4609.74,4192.82,4232.82,4202.05,4267.18,4598.97,4352.31,0
4285.13,3971.79,4258.97,4096.41,4316.92,4586.15,4041.54,4613.33,4190.26,4229.23,4191.79,4257.95,4591.79,4341.03,0
4272.82,3968.21,4248.21,4090.77,4318.46,4587.18,4040.51,4611.79,4183.59,4223.08,4183.59,4252.82,4583.08,4336.92,0
4271.28,3968.21,4243.59,4088.21,4322.05,4589.23,4042.05,4609.23,4184.1,4227.18,4188.72,4254.36,4587.69,4346.67,0
4281.03,3977.95,4248.72,4091.79,4327.69,4590.26,4037.95,4603.59,4187.69,4234.36,4196.92,4257.44,4598.46,4352.82,0
4282.56,3988.72,4255.9,4101.03,4334.36,4592.31,4033.85,4596.92,4190.77,4238.46,4198.46,4258.97,4600,4350.26,0
4279.49,3988.72,4254.87,4105.13,4331.79,4593.33,4038.46,4597.44,4187.18,4231.28,4194.87,4256.41,4590.26,4343.59,0
4278.97,3984.1,4250.26,4101.54,4328.21,4594.87,4042.56,4597.95,4178.46,4222.56,4187.18,4249.74,4585.64,4339.49,0
4277.44,3985.64,4248.21,4101.03,4332.82,4597.44,4040.51,4596.41,4175.9,4218.97,4181.03,4243.59,4589.74,4345.13,0
4281.03,3989.74,4251.79,4106.67,4334.36,4595.9,4039.49,4601.03,4187.18,4219.49,4185.64,4247.18,4593.33,4354.36,0
4286.67,3991.79,4262.05,4108.21,4329.74,4589.74,4039.49,4604.1,4193.85,4223.59,4193.85,4257.44,4593.33,4352.82,0
4286.67,3986.15,4263.08,4101.54,4326.67,4585.64,4038.46,4597.95,4183.08,4226.15,4190.77,4257.44,4591.28,4346.15,0
4279.49,3976.92,4251.28,4093.85,4325.64,4585.13,4039.49,4595.9,4174.87,4223.59,4187.18,4252.31,4591.28,4345.64,0
4275.9,3979.49,4250.26,4094.36,4329.23,4589.74,4043.59,4599.49,4181.54,4225.13,4194.36,4256.92,4594.87,4351.28,0
4281.03,3985.64,4256.92,4101.54,4331.28,4598.46,4046.67,4598.46,4188.72,4234.87,4197.95,4260,4594.36,4349.23,0
4281.03,3977.44,4251.28,4098.46,4328.21,4601.54,4048.21,4596.92,4184.62,4233.33,4187.69,4249.74,4587.18,4335.9,0
4269.74,3968.72,4243.59,4089.74,4325.13,4600.51,4048.72,4598.46,4178.46,4221.54,4180,4241.54,4581.03,4332.31,0
4268.21,3973.85,4247.18,4089.74,4326.67,4601.03,4047.69,4602.56,4180,4221.03,4185.64,4249.23,4584.1,4344.62,0
4277.95,3978.97,4254.36,4093.85,4328.72,4602.05,4048.72,4609.23,4189.23,4226.67,4192.31,4256.92,4590.77,4347.69,0
4280.51,3975.38,4262.05,4096.41,4328.72,4603.08,4048.72,4614.87,4200.51,4231.79,4193.33,4254.36,4592.82,4343.08,0
4284.1,3978.97,4265.64,4103.08,4329.23,4602.56,4045.64,4615.9,4202.05,4239.49,4195.38,4255.38,4595.38,4349.74,0
4289.74,3987.18,4265.64,4107.69,4328.21,4598.46,4043.08,4611.79,4193.85,4243.59,4202.56,4263.08,4601.54,4356.41,0
4284.62,3984.62,4264.62,4103.08,4328.21,4597.95,4045.64,4604.62,4188.72,4241.03,4205.13,4261.03,4603.08,4351.79,0
4281.03,3981.54,4259.49,4102.56,4332.82,4606.15,4051.79,4602.56,4195.9,4243.59,4199.49,4254.36,4601.03,4348.72,0
4287.69,3990.26,4258.46,4107.18,4335.38,4610.26,4052.82,4609.74,4202.56,4246.67,4198.97,4260,4604.1,4355.38,0
4291.28,3993.33,4264.1,4107.18,4333.33,4604.1,4047.69,4613.33,4199.49,4244.1,4205.64,4267.18,4608.72,4364.62,0
4292.31,3989.74,4266.15,4107.18,4335.9,4603.08,4047.69,4611.79,4195.38,4244.1,4208.72,4267.18,4611.28,4367.18,0
4293.85,3992.31,4265.64,4112.31,4343.08,4612.31,4053.33,4614.87,4194.87,4242.05,4207.18,4267.69,4610.26,4362.05,0
4289.23,3994.36,4266.15,4112.82,4342.05,4617.44,4056.41,4615.9,4192.82,4235.38,4203.59,4266.15,4604.1,4355.38,0
4281.03,3987.69,4265.64,4108.21,4337.95,4615.38,4057.44,4611.28,4196.41,4234.87,4200,4265.13,4600.51,4353.33,0
4280.51,3983.59,4265.64,4107.18,4338.46,4614.87,4059.49,4610.26,4200.51,4241.54,4196.92,4263.08,4601.03,4352.82,0
4283.59,3987.18,4266.67,4108.72,4336.92,4610.77,4055.9,4609.23,4193.85,4245.13,4196.92,4261.03,4599.49,4351.79,0
4282.05,3988.72,4264.62,4108.72,4334.36,4604.62,4048.21,4608.72,4195.9,4241.54,4199.49,4262.05,4601.03,4352.31,0
4280.51,3988.72,4264.62,4110.26,4333.85,4608.72,4048.21,4615.9,4206.15,4241.03,4203.59,4262.56,4607.18,4352.31,0
4281.54,3986.15,4265.13,4110.26,4333.33,4611.28,4054.36,4620.51,4205.64,4247.18,4204.1,4264.1,4607.18,4354.87,0
4282.05,3982.56,4269.74,4107.69,4330.77,4606.67,4056.92,4612.31,4196.92,4246.15,4202.56,4268.21,4601.54,4354.87,0
4285.13,3980,4276.92,4106.67,4328.72,4605.64,4053.85,4608.21,4191.28,4228.72,4197.95,4269.23,4595.9,4353.33,0
4287.18,3975.38,4273.85,4107.18,4329.23,4605.13,4050.26,4607.69,4189.74,4222.05,4191.28,4263.59,4591.79,4352.31,0
4283.59,3976.92,4265.64,4106.15,4330.77,4600.51,4045.13,4598.46,4182.05,4230.26,4190.26,4260.51,4591.79,4350.26,0
4282.56,3983.08,4261.54,4107.69,4331.79,4598.46,4039.49,4588.21,4171.28,4229.74,4189.74,4255.38,4593.33,4348.72,0
4282.56,3983.59,4259.49,4108.21,4331.79,4601.03,4040.51,4592.31,4177.44,4226.15,4189.74,4250.77,4594.87,4345.13,0
4277.95,3984.62,4260,4107.18,4331.79,4603.59,4044.62,4604.62,4194.87,4233.33,4192.31,4255.38,4596.41,4343.08,0
4277.95,3989.74,4263.08,4108.72,4331.79,4608.21,4042.56,4611.28,4200,4237.95,4194.87,4258.97,4596.41,4351.79,0
4284.1,3982.56,4264.62,4108.72,4328.72,4611.79,4041.03,4611.79,4200,4233.33,4194.36,4258.97,4594.36,4354.87,0
4278.97,3970.77,4262.56,4103.59,4327.18,4615.9,4049.74,4612.82,4206.67,4230.77,4193.33,4256.41,4592.82,4343.08,0
4267.18,3971.28,4262.05,4101.03,4326.67,4620,4056.92,4614.87,4206.67,4230.26,4188.21,4253.85,4589.74,4338.46,0
4266.67,3971.28,4261.03,4103.08,4322.56,4613.85,4049.74,4613.85,4198.46,4227.69,4183.08,4253.33,4585.64,4344.62,0
4270.77,3971.28,4262.56,4105.64,4319.49,4602.56,4041.03,4607.18,4187.18,4224.62,4184.62,4252.82,4588.21,4342.56,0
4269.74,3978.97,4264.62,4107.69,4325.13,4602.56,4043.59,4598.46,4176.92,4218.97,4187.18,4250.77,4588.72,4341.03,0
4272.82,3985.13,4264.62,4111.28,4333.33,4607.69,4048.72,4600.51,4178.97,4218.46,4188.72,4252.82,4588.21,4346.67,0
4281.03,3985.64,4265.64,4115.9,4333.33,4606.15,4048.21,4610.77,4190.77,4228.72,4192.31,4261.03,4592.82,4349.23,0
4281.54,3983.08,4265.64,4115.38,4323.59,4605.13,4047.18,4613.85,4194.36,4232.31,4192.82,4263.08,4589.74,4343.59,0
4273.85,3974.87,4262.56,4108.72,4315.38,4607.18,4046.15,4611.79,4190.26,4221.54,4186.15,4256.92,4584.1,4338.46,0
4272.31,3970.26,4261.54,4103.08,4323.59,4606.15,4044.1,4611.28,4188.21,4221.03,4178.97,4249.74,4586.15,4339.49,0
4274.36,3980,4261.54,4105.64,4334.87,4607.18,4044.1,4610.26,4186.67,4225.13,4176.92,4245.64,4583.08,4337.95,0
4276.41,3993.85,4261.03,4113.85,4335.9,4610.26,4043.59,4604.1,4186.15,4221.03,4179.49,4246.67,4576.92,4338.97,0
4284.1,4002.05,4270.77,4121.54,4338.46,4611.28,4041.54,4597.44,4190.77,4222.56,4187.69,4254.36,4586.67,4348.21,0
4291.79,4006.67,4278.46,4125.64,4345.13,4611.79,4042.56,4600,4193.33,4229.74,4191.79,4262.05,4597.95,4356.92,0
4290.26,4008.72,4271.79,4127.18,4345.13,4614.87,4042.05,4606.15,4186.15,4231.28,4192.82,4264.1,4598.46,4354.87,0
4287.69,4007.69,4267.18,4128.21,4339.49,4611.28,4036.92,4603.59,4181.54,4228.21,4192.82,4260.51,4597.44,4353.33,0
4287.69,4007.69,4270.26,4128.21,4335.9,4605.13,4034.87,4596.92,4185.13,4223.08,4189.74,4255.38,4593.85,4354.87,0
4283.08,4006.15,4268.21,4124.1,4332.31,4608.21,4038.46,4598.46,4188.21,4220.51,4183.08,4253.85,4589.74,4346.67,0
4275.9,3997.44,4263.59,4120,4329.74,4616.41,4043.08,4606.15,4196.41,4228.21,4183.59,4258.46,4592.31,4342.05,0
4277.44,3995.9,4265.13,4121.03,4334.36,4617.95,4045.13,4613.85,4206.67,4238.97,4193.85,4264.1,4597.95,4350.77,0
4287.69,4008.21,4268.72,4127.18,4340,4614.87,4042.05,4614.87,4201.03,4242.05,4197.95,4263.08,4603.08,4356.41,0
4292.31,4012.82,4269.23,4129.74,4339.49,4615.38,4038.46,4607.69,4188.72,4239.49,4195.38,4257.95,4607.18,4354.87,0
4289.23,4005.64,4267.69,4125.13,4337.95,4616.41,4046.67,4603.59,4194.87,4232.31,4192.31,4259.49,4604.62,4352.82,0
4286.15,4000.51,4266.15,4120.51,4337.95,4615.38,4056.92,4607.69,4198.46,4227.18,4190.77,4260.51,4596.92,4349.74,0
4284.1,3996.92,4265.13,4122.05,4333.85,4613.85,4054.36,4605.13,4179.49,4222.56,4185.64,4255.38,4589.74,4342.05,0
4279.49,3990.26,4263.59,4119.49,4327.18,4613.85,4050.77,4596.41,4170.26,4214.36,4180,4254.36,4584.62,4341.03,0
4277.95,3987.18,4264.62,4107.18,4327.69,4613.33,4051.79,4597.95,4182.56,4215.38,4183.59,4256.92,4583.59,4345.13,0
4285.64,3993.33,4265.13,4106.15,4335.38,4609.74,4050.26,4602.56,4191.79,4224.1,4190.26,4255.38,4589.23,4352.31,0
4292.31,3998.97,4262.56,4116.92,4340,4607.18,4046.67,4599.49,4188.21,4231.28,4195.9,4258.46,4597.95,4352.82,0
4291.28,4003.08,4264.1,4116.92,4335.9,4605.64,4044.62,4594.36,4187.18,4233.85,4197.95,4265.13,4601.54,4347.69,0
4287.18,4003.59,4261.54,4107.18,4329.74,4607.18,4046.67,4599.49,4191.79,4230.77,4192.82,4262.05,4595.38,4347.18,0
4285.64,3997.95,4252.31,4105.64,4331.28,4612.82,4052.31,4606.67,4192.82,4230.77,4187.69,4252.31,4587.69,4344.1,0
4285.13,3995.9,4249.74,4107.18,4337.95,4615.9,4053.33,4608.72,4195.9,4232.82,4187.69,4249.23,4588.72,4342.05,0
4283.08,3998.46,4251.79,4105.64,4338.97,4615.38,4051.28,4611.79,4200.51,4233.33,4190.26,4250.26,4593.85,4344.62,0
4279.49,3995.9,4248.21,4102.56,4332.82,4616.41,4053.33,4613.33,4195.38,4233.85,4188.21,4250.77,4589.74,4341.03,0
4282.56,3998.97,4252.82,4104.1,4335.38,4617.44,4056.92,4609.74,4190.26,4232.82,4187.18,4252.82,4584.1,4342.05,0
4288.21,4008.72,4263.08,4107.18,4341.54,4617.44,4060,4615.38,4202.56,4233.85,4193.85,4257.95,4590.26,4349.74,0
4276.41,3995.38,4256.41,4100,4335.38,4617.44,4060.51,4625.64,4208.21,4236.92,4192.82,4252.82,4590.77,4336.92,0
4265.13,3981.54,4245.13,4091.79,4330.77,4619.49,4060.51,4618.97,4193.33,4231.28,4180.51,4241.54,4579.49,4325.64,0
4285.64,4003.59,4256.92,4101.03,4338.97,4620.51,4060,4610.26,4192.82,4227.18,4182.56,4248.72,4580.51,4348.72,0
4313.33,4025.64,4277.44,4115.9,4343.08,4616.92,4058.97,4615.9,4204.62,4240,4199.49,4266.67,4595.38,4371.79,0
4318.46,4022.56,4282.05,4117.95,4337.44,4611.79,4056.41,4617.95,4200,4243.59,4201.54,4271.28,4598.97,4375.38,0
4316.92,4022.56,4277.95,4114.87,4335.38,4613.33,4053.85,4610.77,4192.31,4230.77,4193.85,4268.72,4594.87,4377.44,0
4320.51,4027.18,4278.46,4114.87,4335.9,4617.44,4054.36,4612.82,4198.97,4229.23,4194.36,4270.77,4593.85,4376.92,0
4320,4023.08,4281.03,4112.82,4336.41,4615.9,4056.41,4622.05,4210.26,4236.41,4198.46,4271.28,4593.85,4370.77,0
4314.87,4018.97,4280.51,4109.74,4334.87,4615.38,4059.49,4622.05,4205.64,4237.44,4196.92,4267.69,4594.87,4368.72,0
4308.72,4017.95,4275.9,4106.15,4329.74,4615.9,4056.41,4610.26,4182.56,4230.26,4189.74,4265.13,4590.26,4368.72,0
4303.59,4015.9,4272.31,4105.13,4328.72,4609.74,4051.28,4600,4174.36,4222.56,4181.54,4263.59,4581.03,4366.67,0
4301.03,4014.36,4266.67,4106.67,4329.23,4607.69,4051.79,4604.1,4187.18,4222.56,4178.97,4261.54,4581.03,4359.49,0
4296.92,4010.77,4262.05,4104.62,4326.15,4613.85,4056.41,4610.77,4190.26,4230.77,4183.59,4257.95,4586.15,4352.31,0
4298.97,4012.31,4268.21,4106.15,4331.79,4620.51,4060.51,4607.69,4186.67,4234.36,4191.79,4259.49,4589.74,4358.97,0
4306.15,4021.03,4275.38,4113.33,4342.05,4621.54,4063.59,4607.69,4192.31,4231.28,4195.38,4265.64,4592.82,4370.77,0
4307.18,4025.64,4275.9,4116.41,4340,4621.03,4062.05,4613.33,4193.85,4231.28,4191.28,4267.18,4594.87,4368.72,0
4303.59,4022.05,4276.92,4116.41,4335.38,4621.54,4061.54,4615.38,4196.41,4239.49,4184.1,4265.13,4591.28,4362.56,0
4305.64,4023.08,4278.46,4121.54,4339.49,4622.05,4064.62,4618.46,4207.69,4244.1,4182.05,4266.15,4590.77,4366.67,0
4309.74,4027.18,4279.49,4123.59,4340,4620.51,4065.64,4622.56,4204.62,4238.97,4183.08,4269.74,4595.38,4370.77,0
4305.13,4025.13,4279.49,4116.92,4335.38,4620,4064.1,4617.44,4194.36,4235.38,4180.51,4274.36,4595.38,4367.69,0
4298.46,4019.49,4271.79,4109.74,4335.9,4621.54,4063.08,4615.9,4201.03,4237.44,4178.46,4272.82,4592.31,4369.23,0
4297.44,4018.46,4264.62,4108.72,4336.41,4618.97,4060.51,4620.51,4207.69,4241.54,4180,4269.23,4594.36,4370.26,0
4299.49,4016.41,4268.21,4109.23,4328.72,4615.38,4057.44,4615.38,4194.87,4236.92,4175.9,4271.28,4596.41,4363.59,0
4295.9,4010.26,4269.74,4105.64,4324.62,4614.87,4054.36,4603.59,4181.03,4224.62,4164.62,4266.15,4589.74,4358.97,0
4292.82,4010.77,4263.59,4103.08,4330.77,4618.46,4053.33,4608.72,4190.26,4221.54,4161.54,4258.97,4584.62,4352.31,0
4298.46,4021.54,4262.56,4109.23,4338.46,4623.59,4056.41,4621.03,4203.08,4232.82,4166.67,4263.08,4587.69,4349.23,0
4305.64,4026.67,4268.72,4112.82,4336.92,4619.49,4055.38,4619.49,4199.49,4236.92,4164.62,4265.13,4589.74,4357.44,0
4305.13,4024.62,4271.79,4108.72,4333.85,4614.36,4051.79,4616.41,4198.97,4231.28,4164.62,4261.54,4588.72,4363.59,0
4301.03,4023.59,4268.21,4108.21,4334.36,4617.95,4054.36,4624.1,4206.67,4233.33,4170.26,4265.13,4591.28,4362.56,0
4300.51,4023.59,4266.67,4111.79,4334.36,4619.49,4058.97,4623.59,4201.54,4236.92,4167.69,4266.15,4593.33,4362.56,0
4304.62,4025.64,4271.28,4112.82,4333.33,4614.36,4056.92,4611.79,4191.28,4234.36,4165.64,4264.1,4594.36,4366.67,0
4308.72,4029.23,4275.9,4114.36,4333.85,4617.44,4054.36,4607.69,4192.82,4232.82,4172.82,4271.28,4597.95,4373.33,0
4312.31,4031.79,4277.95,4118.97,4338.46,4624.1,4058.97,4612.31,4201.03,4237.44,4177.44,4276.41,4604.1,4377.95,0
4316.41,4034.87,4280.51,4122.05,4342.05,4622.56,4061.03,4614.87,4203.08,4238.97,4173.33,4272.82,4604.62,4375.9,0
4313.33,4034.36,4281.03,4122.05,4337.95,4622.05,4057.44,4615.38,4198.46,4234.36,4169.74,4271.28,4602.05,4370.77,0
4302.56,4026.15,4274.87,4113.85,4332.82,4622.56,4055.38,4617.95,4196.41,4230.26,4168.72,4269.23,4597.95,4369.23,0
4302.05,4024.62,4272.31,4109.23,4336.92,4620,4056.92,4622.05,4207.18,4234.87,4170.77,4268.72,4595.38,4370.26,0
4308.72,4031.79,4277.95,4114.36,4338.97,4620.51,4056.92,4623.59,4212.82,4244.1,4173.33,4271.79,4598.97,4374.36,0
4305.64,4028.21,4278.97,4114.36,4333.33,4626.67,4056.92,4618.97,4202.05,4244.62,4170.26,4269.23,4598.97,4370.26,0
4297.95,4016.41,4271.28,4105.64,4330.77,4625.64,4055.9,4613.33,4193.33,4233.33,4163.59,4260.51,4591.28,4361.54,0
4296.92,4012.82,4272.31,4105.64,4332.31,4618.97,4053.33,4615.38,4194.87,4225.13,4163.59,4263.08,4590.77,4364.1,0
4298.97,4017.44,4280,4110.77,4333.33,4616.41,4051.79,4618.97,4200,4232.82,4168.72,4274.87,4598.46,4367.18,0
4301.03,4022.05,4280,4109.23,4333.33,4616.41,4050.26,4617.95,4198.46,4240,4167.69,4275.9,4600,4364.62,0
4301.03,4021.54,4276.92,4107.69,4333.33,4618.46,4051.28,4609.23,4190.77,4228.72,4157.95,4266.67,4592.31,4366.67,0
4297.44,4019.49,4275.9,4110.77,4332.82,4621.54,4055.9,4605.13,4190.77,4220.51,4153.85,4260.51,4587.69,4369.23,0
4302.05,4024.62,4277.95,4117.44,4334.36,4618.97,4054.36,4607.69,4192.31,4229.23,4160.51,4265.13,4594.87,4371.28,0
4311.79,4031.28,4282.56,4124.1,4337.44,4614.87,4049.74,4610.26,4194.87,4239.49,4165.13,4273.85,4603.08,4373.33,0
4307.69,4027.18,4283.08,4120.51,4335.9,4618.46,4054.87,4617.44,4203.59,4237.95,4165.64,4274.87,4602.56,4372.82,0
4302.56,4021.54,4278.97,4115.9,4334.87,4623.59,4058.46,4624.62,4205.13,4235.9,4167.18,4267.69,4602.56,4369.74,0
4307.18,4024.62,4277.95,4120.51,4336.92,4621.03,4052.31,4621.54,4196.92,4240.51,4169.74,4267.18,4607.18,4369.74,0
4306.67,4021.54,4278.97,4120.51,4334.36,4616.92,4050.77,4616.92,4194.36,4239.49,4165.64,4273.33,4603.59,4370.26,0
4298.46,4012.31,4278.46,4110.26,4329.74,4616.41,4055.9,4621.03,4200,4234.87,4160.51,4272.31,4594.87,4366.67,0
4297.44,4011.79,4279.49,4106.67,4331.28,4616.92,4055.9,4617.95,4196.41,4231.28,4158.46,4269.23,4592.82,4358.97,0
4302.05,4013.33,4281.03,4112.31,4332.82,4617.44,4050.26,4608.72,4187.69,4224.62,4153.33,4269.23,4592.82,4357.44,0
4299.49,4009.23,4279.49,4112.31,4328.21,4614.87,4047.18,4607.18,4188.72,4221.54,4147.18,4265.13,4589.74,4359.49,0
4291.28,4007.18,4277.44,4106.67,4327.69,4613.33,4050.77,4609.74,4194.87,4223.08,4143.08,4258.46,4580,4352.82,0
4288.72,4008.72,4276.92,4109.23,4335.38,4622.56,4055.9,4612.82,4197.44,4222.56,4143.08,4258.97,4573.85,4345.64,0
4292.31,4008.21,4277.44,4117.44,4338.97,4630.77,4055.38,4613.85,4191.79,4220,4142.05,4259.49,4577.95,4349.74,0
4297.44,4008.21,4279.49,4120.51,4334.87,4626.15,4049.23,4611.28,4189.23,4219.49,4142.05,4260.51,4584.62,4360,0
4304.1,4012.31,4286.67,4121.03,4334.36,4617.95,4044.62,4611.28,4196.41,4224.1,4153.33,4270.26,4592.31,4368.21,0
4307.18,4015.9,4287.69,4121.03,4336.92,4614.87,4047.69,4617.44,4204.62,4233.33,4162.56,4277.95,4595.9,4369.23,0
4305.13,4016.41,4282.05,4123.08,4337.44,4616.41,4054.87,4619.49,4203.59,4236.92,4161.54,4275.38,4599.49,4366.15,0
4306.15,4020,4284.62,4126.15,4335.9,4617.95,4056.41,4617.95,4203.08,4239.49,4162.05,4274.87,4605.64,4368.21,0
4306.15,4021.03,4286.67,4126.15,4331.28,4616.92,4055.9,4621.54,4208.21,4243.59,4165.64,4274.87,4607.69,4367.69,0
4299.49,4013.33,4279.49,4121.54,4332.82,4617.95,4056.92,4622.56,4203.08,4237.44,4163.08,4271.28,4602.05,4360,0
4292.82,4007.18,4275.38,4120,4336.92,4620.51,4059.49,4614.36,4194.87,4229.23,4158.46,4270.26,4600.51,4353.33,0
4293.85,4009.23,4278.97,4121.54,4334.87,4617.44,4058.46,4606.15,4193.85,4230.77,4158.97,4269.23,4604.62,4355.9,0
4300,4015.38,4280.51,4125.64,4334.87,4616.41,4057.44,4604.62,4192.82,4225.13,4156.41,4270.77,4602.05,4363.59,0
4303.08,4016.92,4278.46,4127.18,4341.54,4625.64,4060,4609.23,4191.28,4225.64,4152.82,4273.85,4596.41,4364.62,0
4298.97,4012.31,4278.97,4124.1,4342.56,4630.77,4060.51,4613.33,4198.46,4237.44,4156.92,4268.72,4598.46,4360.51,0
4294.36,4010.77,4278.46,4127.69,4336.92,4624.62,4057.95,4613.85,4206.15,4235.38,4157.95,4265.64,4603.08,4359.49,0
4297.95,4012.82,4280.51,4134.36,4332.82,4617.95,4058.46,4616.92,4201.54,4228.21,4156.41,4274.36,4600.51,4364.1,0
4305.64,4013.85,4289.74,4136.41,4334.87,4618.46,4060.51,4621.03,4197.44,4233.85,4160,4283.08,4598.46,4369.23,0
4306.67,4013.85,4293.33,4134.87,4337.44,4621.03,4057.44,4613.33,4194.36,4232.82,4157.44,4278.97,4599.49,4361.54,0
4298.97,4010.26,4283.08,4134.87,4334.87,4618.97,4050.26,4607.69,4191.28,4220.51,4145.64,4269.23,4591.28,4350.77,0
4295.38,4003.59,4278.46,4133.33,4332.31,4616.92,4048.21,4616.92,4196.92,4221.54,4145.64,4268.21,4588.21,4355.38,0
4298.97,4005.64,4282.56,4128.72,4334.36,4617.95,4045.13,4620,4203.08,4227.69,4155.9,4272.31,4595.9,4360.51,0
4298.97,4007.69,4281.54,4123.08,4334.36,4615.38,4037.44,4607.18,4193.85,4222.56,4152.82,4268.21,4597.44,4351.28,0
4295.38,4004.1,4282.05,4122.56,4333.85,4614.87,4035.9,4599.49,4183.08,4217.44,4146.67,4263.59,4591.28,4350.26,0
4300,4007.18,4284.62,4125.64,4337.44,4617.95,4040,4602.56,4186.67,4220,4151.28,4268.72,4592.31,4363.59,0
4305.64,4011.28,4281.54,4122.05,4336.41,4617.44,4038.46,4603.59,4187.69,4224.1,4156.41,4270.26,4600,4366.15,0
4299.49,4008.72,4275.38,4119.49,4333.33,4615.38,4036.92,4602.56,4184.62,4220.51,4152.82,4266.67,4597.95,4356.92,0
4291.79,4006.15,4270.77,4121.54,4339.49,4615.38,4043.59,4606.67,4191.79,4219.49,4146.67,4263.59,4591.28,4348.21,0
4294.36,4005.64,4269.74,4121.03,4342.56,4615.9,4048.72,4610.77,4196.92,4226.15,4146.67,4261.54,4592.31,4348.21,0
4301.03,4008.72,4269.23,4121.54,4338.46,4617.44,4049.23,4607.18,4190.26,4227.18,4153.33,4264.62,4597.95,4353.85,0
4304.62,4013.33,4271.79,4122.56,4338.97,4617.44,4052.31,4605.64,4187.69,4222.56,4154.87,4266.15,4596.92,4356.92,0
4302.05,4011.79,4274.36,4119.49,4341.03,4615.9,4052.82,4615.38,4200.51,4223.08,4151.79,4263.59,4593.33,4357.44,0
4298.46,4006.15,4271.79,4113.33,4338.46,4616.41,4051.79,4619.49,4207.18,4227.69,4157.95,4268.21,4596.41,4358.46,0
4297.95,4006.15,4266.67,4110.26,4337.44,4617.95,4051.79,4609.74,4196.41,4229.23,4165.64,4273.85,4598.46,4356.41,0
4295.9,4010.77,4262.56,4107.69,4336.92,4617.95,4049.74,4603.59,4187.69,4229.23,4159.49,4268.21,4594.87,4352.82,0
4291.28,4007.69,4260,4106.15,4333.85,4617.95,4046.67,4607.69,4191.28,4228.21,4155.38,4262.56,4591.28,4352.82,0
4291.28,4001.54,4259.49,4105.64,4333.85,4616.41,4047.69,4610.77,4197.95,4229.23,4162.05,4266.15,4595.38,4358.46,0
4296.92,4003.59,4263.59,4105.64,4336.92,4616.92,4051.28,4612.82,4205.13,4232.31,4167.18,4271.79,4604.62,4362.56,0
4300,4010.77,4263.59,4106.67,4336.92,4622.05,4055.38,4615.38,4208.72,4235.38,4168.21,4272.31,4608.21,4354.87,0
4299.49,4013.33,4262.05,4104.62,4335.38,4621.54,4054.87,4614.36,4199.49,4237.95,4168.21,4269.74,4606.67,4349.23,0
4297.95,4008.21,4263.59,4100.51,4334.36,4615.9,4049.23,4610.26,4192.31,4234.36,4166.15,4266.15,4602.56,4356.41,0
4298.46,4006.15,4264.62,4101.54,4333.85,4614.36,4048.21,4610.26,4199.49,4229.23,4165.13,4265.13,4601.54,4365.13,0
4300,4008.72,4264.62,4104.62,4334.36,4615.38,4053.85,4614.87,4203.59,4233.33,4167.18,4271.79,4604.62,4366.67,0
4303.59,4010.26,4268.72,4105.13,4335.9,4618.46,4059.49,4618.97,4203.08,4241.03,4170.26,4275.9,4606.15,4364.1,0
4305.64,4011.79,4273.85,4108.72,4337.44,4623.08,4062.05,4623.59,4209.74,4243.59,4174.87,4274.87,4609.23,4361.03,0
4299.49,4010.26,4270.26,4109.23,4336.92,4626.15,4062.05,4621.03,4207.18,4241.54,4173.85,4272.82,4609.23,4357.95,0
4294.36,4008.21,4264.1,4105.64,4337.44,4623.59,4062.56,4615.9,4197.95,4241.03,4164.62,4269.23,4603.08,4357.95,0
4298.46,4013.85,4266.15,4106.67,4338.46,4619.49,4060,4613.85,4200,4238.97,4163.08,4266.67,4602.05,4358.97,0
4300.51,4014.36,4267.18,4107.69,4334.87,4617.95,4055.38,4613.33,4203.59,4233.85,4163.59,4268.72,4603.08,4354.87,0
4294.87,4005.64,4263.59,4105.13,4329.23,4613.85,4055.38,4611.28,4193.33,4229.23,4160,4267.18,4598.97,4351.79,0
4295.38,4004.62,4265.13,4104.1,4329.74,4611.79,4056.92,4608.21,4188.21,4231.28,4159.49,4266.15,4597.44,4355.9,0
4298.46,4009.74,4267.18,4105.64,4333.33,4616.41,4057.44,4614.87,4201.03,4236.41,4165.64,4273.85,4603.08,4358.97,0
4297.95,4008.21,4265.64,4108.21,4334.87,4619.49,4062.05,4624.62,4208.72,4240,4171.79,4274.87,4606.67,4355.9,0
4300,4004.62,4268.72,4108.72,4337.44,4620,4068.21,4625.13,4200.51,4237.95,4169.74,4269.23,4602.05,4358.46,0
4302.05,4006.15,4273.85,4108.21,4339.49,4621.03,4067.18,4623.08,4198.97,4234.36,4167.18,4269.74,4600,4364.1,0
4301.54,4006.15,4276.92,4108.72,4338.46,4618.46,4064.1,4624.62,4211.28,4240,4166.15,4274.36,4602.05,4362.56,0
4299.49,4001.54,4273.33,4109.23,4335.9,4615.38,4063.08,4619.49,4208.21,4243.08,4166.15,4273.33,4602.56,4356.41,0
4297.95,4001.03,4266.67,4107.69,4337.95,4617.44,4061.03,4610.77,4193.85,4237.95,4168.21,4268.72,4601.03,4358.46,0
4302.05,4008.21,4270.77,4109.74,4345.13,4622.05,4058.97,4613.85,4197.95,4238.97,4168.21,4269.74,4603.59,4367.18,0
4309.23,4009.23,4278.97,4112.31,4345.64,4624.1,4060,4623.08,4211.28,4238.97,4168.21,4275.9,4606.15,4366.15,0
4306.67,4003.59,4283.08,4109.74,4335.9,4627.18,4065.13,4628.21,4214.36,4236.92,4169.74,4280.51,4604.1,4357.95,0
4296.92,3997.95,4279.49,4105.13,4331.28,4627.69,4067.69,4627.18,4203.08,4240,4170.77,4277.95,4600.51,4358.97,0
4295.38,3994.36,4270.26,4102.56,4338.46,4627.69,4065.64,4627.18,4200,4241.03,4169.74,4271.79,4601.03,4365.64,0
4296.92,3998.46,4264.62,4105.13,4342.05,4627.69,4062.56,4632.82,4213.85,4238.46,4170.77,4268.72,4604.62,4361.03,0
4291.79,3999.49,4267.69,4105.13,4336.41,4624.62,4058.97,4631.79,4216.92,4241.54,4166.67,4264.1,4600.51,4343.59,0
4284.1,3992.82,4262.56,4098.46,4332.31,4620,4055.38,4620,4200.51,4239.49,4156.92,4253.85,4589.23,4337.44,0
4280,3990.26,4249.23,4093.85,4331.79,4616.41,4053.33,4611.79,4195.38,4228.72,4153.33,4250.77,4584.1,4346.67,0
4280.51,3991.79,4250.26,4096.92,4330.77,4615.9,4053.33,4616.41,4200.51,4226.67,4154.87,4259.49,4585.13,4351.79,0
4285.13,3993.33,4262.05,4105.13,4337.44,4614.87,4055.38,4620,4197.44,4231.79,4158.46,4266.15,4588.21,4349.23,0
4292.82,3997.95,4268.72,4111.79,4344.62,4616.41,4060,4623.08,4204.62,4238.97,4167.18,4272.31,4595.9,4353.85,0
4297.44,4004.1,4268.21,4112.31,4338.46,4618.46,4058.46,4624.1,4210.77,4242.05,4172.31,4276.92,4600.51,4355.38,0
4292.82,3998.97,4264.62,4108.72,4329.74,4615.38,4053.85,4614.36,4197.44,4231.79,4167.69,4269.74,4597.44,4348.72,0
4285.13,3992.82,4262.56,4100,4331.28,4613.85,4055.9,4612.31,4193.85,4228.21,4162.56,4265.64,4593.85,4354.36,0
4287.69,3991.28,4265.64,4095.38,4332.82,4615.38,4058.97,4621.03,4205.64,4236.92,4167.69,4273.33,4596.41,4360.51,0
4294.36,3989.23,4266.67,4099.49,4331.28,4616.92,4056.41,4620.51,4202.56,4236.92,4172.82,4275.9,4596.92,4353.85,0
4290.26,3987.18,4264.1,4101.03,4333.85,4619.49,4055.38,4613.85,4190.26,4230.77,4170.26,4270.77,4593.33,4356.92,0
4287.69,3991.28,4265.13,4100.51,4337.44,4621.03,4060.51,4615.38,4194.87,4236.92,4171.79,4273.85,4598.97,4369.74,0
4291.79,3996.41,4266.15,4105.64,4337.95,4617.95,4059.49,4617.95,4201.03,4239.49,4173.85,4278.46,4603.59,4367.69,0
4287.69,3990.26,4262.56,4107.69,4334.36,4614.87,4053.33,4614.36,4198.46,4230.77,4165.64,4268.72,4594.87,4351.79,0
4283.59,3988.21,4260,4105.13,4334.36,4615.9,4055.38,4614.87,4205.64,4234.36,4162.56,4261.03,4592.31,4344.62,0
4289.74,3998.46,4262.56,4106.67,4337.44,4616.92,4057.44,4620.51,4210.77,4245.64,4171.79,4268.21,4599.49,4351.28,0
4286.15,3995.38,4262.56,4105.13,4332.31,4614.87,4051.28,4614.36,4192.82,4238.46,4171.79,4267.69,4596.41,4355.38,0
4276.41,3985.13,4260.51,4103.08,4326.15,4611.79,4046.15,4599.49,4176.41,4221.03,4162.05,4261.03,4590.77,4353.85,0
4282.05,3988.72,4261.54,4106.15,4329.23,4612.31,4046.67,4593.33,4183.59,4218.46,4158.46,4262.05,4593.33,4351.28,0
4288.72,3991.79,4261.54,4105.13,4332.31,4615.9,4045.64,4600,4188.21,4226.15,4161.03,4261.03,4593.33,4348.21,0
4285.64,3987.18,4257.95,4104.62,4331.79,4615.38,4043.08,4605.13,4185.64,4227.69,4166.15,4260.51,4595.38,4352.82,0
4283.08,3988.72,4261.54,4106.67,4331.28,4612.31,4047.18,4606.67,4192.82,4225.13,4170.26,4267.69,4602.05,4357.44,0
4282.05,3990.77,4262.56,4106.15,4330.26,4614.36,4055.9,4611.79,4196.41,4229.23,4167.18,4267.18,4598.46,4350.77,0
4281.54,3991.79,4254.36,4106.67,4334.36,4618.97,4058.46,4614.87,4197.44,4234.87,4164.1,4260.51,4592.82,4347.18,0
4281.54,3992.82,4254.36,4107.18,4335.38,4620.51,4055.38,4613.85,4199.49,4232.31,4167.18,4265.13,4596.92,4351.28,0
4281.54,3987.69,4262.05,4104.1,4330.77,4616.41,4048.72,4607.69,4188.21,4226.67,4168.72,4272.31,4600,4354.87,0
4289.23,3993.85,4270.77,4108.72,4335.38,4612.82,4043.59,4602.05,4181.54,4226.15,4171.79,4276.41,4600.51,4362.56,0
4298.97,4008.72,4278.46,4121.54,4343.08,4617.44,4046.15,4607.69,4193.33,4228.72,4176.41,4280,4603.59,4370.26,0
4296.92,4003.59,4277.95,4125.64,4340.51,4623.08,4051.28,4614.87,4196.92,4231.28,4172.31,4281.03,4602.56,4367.18,0
4289.74,3991.28,4273.33,4115.9,4335.38,4621.03,4051.28,4612.82,4189.74,4230.77,4165.64,4277.44,4597.44,4361.54,0
4291.28,3991.28,4275.38,4106.67,4333.85,4617.95,4054.36,4611.28,4192.82,4230.26,4167.18,4272.31,4594.87,4362.56,0
4293.85,3995.9,4279.49,4109.74,4332.82,4616.92,4056.41,4610.77,4198.46,4232.82,4172.31,4274.36,4595.9,4363.59,0
4293.33,3993.33,4276.92,4114.36,4333.33,4615.38,4051.79,4603.59,4194.87,4235.38,4171.79,4275.38,4597.95,4360,0
4294.87,3992.82,4273.85,4116.92,4335.9,4617.95,4048.72,4600.51,4192.82,4237.95,4170.77,4270.77,4603.08,4361.03,0
4295.9,4001.03,4274.87,4121.03,4337.44,4620,4046.67,4600,4194.87,4241.54,4174.87,4271.28,4609.23,4366.67,0
4293.85,4004.62,4277.44,4124.62,4340.51,4613.85,4043.08,4597.44,4192.31,4237.95,4174.36,4274.36,4609.74,4362.05,0
4293.85,3998.97,4272.82,4123.08,4341.03,4614.87,4046.15,4602.56,4192.31,4231.79,4170.26,4272.31,4606.67,4358.46,0
4292.82,3994.36,4266.15,4120,4338.46,4623.59,4050.77,4612.31,4200,4237.44,4173.85,4272.31,4607.18,4364.1,0
4287.69,3993.85,4265.13,4120.51,4336.41,4623.08,4050.26,4614.87,4200.51,4241.54,4176.41,4273.85,4610.26,4362.56,0
4286.15,3994.87,4263.59,4121.54,4335.38,4616.41,4048.72,4613.85,4192.82,4232.31,4168.72,4269.74,4606.15,4354.36,0
4288.21,4000,4262.05,4122.05,4333.85,4615.38,4050.26,4612.31,4191.79,4229.23,4165.13,4266.67,4601.03,4357.95,0
4291.79,4001.03,4266.67,4122.56,4334.36,4614.87,4048.72,4607.69,4195.9,4236.92,4171.79,4271.79,4606.15,4366.15,0
4294.36,3996.92,4267.18,4123.59,4334.87,4614.87,4043.08,4602.56,4190.26,4233.85,4175.9,4274.36,4608.72,4360,0
4287.18,4001.03,4263.08,4125.13,4335.38,4617.44,4039.49,4600.51,4188.72,4226.15,4170.77,4270.26,4603.59,4354.36,0
4285.13,4006.67,4265.13,4131.79,4340.51,4620.51,4043.59,4605.64,4196.41,4231.28,4168.21,4270.26,4604.1,4358.46,0
4295.9,4003.59,4267.18,4134.87,4340,4616.41,4045.13,4603.59,4191.28,4231.79,4166.67,4270.77,4603.59,4358.46,0
4297.44,4000,4265.13,4130.77,4332.31,4608.72,4039.49,4591.79,4178.46,4219.49,4161.54,4266.67,4595.38,4352.82,0
4291.79,4002.56,4265.64,4130.77,4334.87,4611.28,4041.54,4596.41,4188.72,4222.05,4163.08,4267.69,4594.36,4354.36,0
4297.44,4006.15,4272.31,4131.79,4343.59,4618.97,4051.28,4614.36,4209.23,4239.49,4172.82,4274.36,4605.64,4360,0
4300.51,4006.15,4277.95,4129.74,4340,4617.95,4054.36,4616.92,4205.64,4239.49,4174.36,4275.38,4606.67,4358.46,0
4294.36,4000.51,4277.44,4129.74,4333.85,4615.9,4054.87,4612.82,4194.87,4229.23,4169.23,4274.36,4600,4354.36,0
4292.82,3993.85,4275.38,4127.69,4338.97,4624.1,4059.49,4618.46,4196.92,4232.31,4171.79,4275.38,4602.56,4353.33,0
4295.38,3994.87,4274.87,4121.03,4343.08,4627.69,4058.46,4620.51,4196.41,4237.95,4176.41,4276.92,4605.64,4355.38,0
4296.92,4001.54,4274.87,4121.03,4342.05,4620.51,4051.79,4613.33,4191.79,4228.72,4174.36,4279.49,4604.1,4359.49,0
4300.51,4003.59,4278.46,4126.67,4340,4617.44,4052.82,4608.21,4187.18,4223.59,4173.33,4279.49,4602.56,4361.03,0
4305.64,4002.56,4278.97,4127.69,4341.54,4621.03,4057.95,4603.08,4182.56,4226.15,4172.31,4276.41,4603.08,4362.56,0
4304.62,4005.64,4271.28,4127.18,4345.64,4625.13,4057.95,4599.49,4185.64,4224.62,4169.74,4272.82,4604.62,4361.54,0
4301.03,4005.64,4266.67,4123.59,4346.15,4629.74,4060.51,4604.1,4190.77,4222.56,4172.31,4269.23,4601.54,4356.92,0
4305.13,4003.08,4273.33,4122.05,4346.15,4631.28,4064.1,4607.18,4186.67,4227.69,4178.46,4273.85,4598.46,4358.46,0
4315.38,4008.21,4281.54,4125.13,4348.21,4624.62,4058.97,4605.64,4189.74,4235.9,4181.03,4282.56,4607.18,4367.18,0
4318.97,4013.85,4280,4125.64,4345.13,4615.38,4050.77,4607.18,4194.36,4236.92,4183.08,4280.51,4614.87,4372.82,0
4315.38,4012.82,4278.46,4122.05,4342.05,4613.85,4049.23,4609.74,4188.72,4234.87,4182.56,4272.31,4609.23,4372.31,0
4313.85,4007.69,4278.46,4120.51,4345.13,4623.08,4054.36,4610.77,4189.23,4237.44,4178.97,4272.31,4605.13,4367.69,0
4304.62,4003.08,4271.79,4117.95,4345.64,4631.28,4058.46,4613.33,4198.97,4237.44,4176.41,4275.9,4606.15,4359.49,0
4295.38,4000.51,4263.08,4108.72,4343.08,4629.74,4057.95,4618.46,4203.08,4233.85,4175.38,4273.85,4603.59,4357.44,0
4298.46,4002.56,4262.05,4106.15,4346.15,4625.64,4060,4621.54,4207.18,4238.46,4177.95,4273.85,4606.67,4365.64,0
4304.62,4004.62,4270.77,4115.9,4348.72,4630.77,4067.69,4627.69,4215.9,4249.74,4184.62,4279.49,4613.33,4370.77,0
4305.64,4006.67,4278.46,4120.51,4343.08,4632.82,4066.67,4629.23,4212.31,4252.31,4188.21,4277.95,4613.85,4368.21,0
4310.77,4012.31,4279.49,4118.46,4341.03,4623.08,4056.41,4622.56,4203.08,4245.64,4188.21,4276.92,4614.87,4372.82,0
4314.36,4017.44,4278.46,4122.05,4346.67,4617.95,4054.87,4617.44,4200,4245.64,4188.21,4283.08,4616.41,4373.33,0
4309.74,4016.92,4278.46,4125.64,4348.21,4624.1,4060,4615.9,4200.51,4244.62,4182.05,4278.97,4608.72,4358.97,0
4304.62,4012.31,4276.41,4120.51,4345.64,4631.79,4061.03,4616.92,4198.46,4235.9,4177.44,4269.23,4603.08,4353.33,0
4302.05,4006.67,4275.38,4115.9,4344.62,4633.85,4062.56,4623.08,4203.59,4235.38,4178.97,4272.82,4604.1,4365.64,0
4297.95,4003.08,4278.97,4113.85,4344.1,4630.26,4066.15,4630.26,4212.82,4246.67,4180,4278.97,4602.05,4369.74,0
4296.92,4003.08,4273.33,4109.74,4342.05,4625.64,4064.1,4631.28,4211.28,4247.69,4183.59,4274.87,4601.54,4364.62,0
4301.03,4004.1,4270.77,4109.74,4341.54,4621.54,4056.92,4627.69,4207.18,4242.05,4187.69,4273.33,4607.18,4368.72,0
4303.08,4002.56,4275.9,4112.82,4341.54,4617.95,4051.28,4623.08,4202.56,4241.54,4183.08,4275.9,4607.18,4369.74,0
4300,4003.08,4272.31,4111.79,4341.54,4617.95,4050.26,4618.97,4193.33,4236.92,4176.41,4275.9,4603.08,4361.54,0
4292.82,4001.03,4261.54,4103.08,4336.92,4621.03,4053.33,4622.56,4195.38,4229.74,4175.38,4274.36,4598.97,4357.95,0
4285.64,3989.74,4260.51,4096.41,4330.77,4622.56,4056.41,4627.69,4203.59,4231.28,4174.36,4268.21,4593.33,4354.36,0
4286.15,3989.23,4265.13,4100,4331.28,4621.54,4056.92,4625.13,4203.59,4239.49,4172.82,4267.69,4593.33,4354.36,0
4295.9,4001.03,4266.15,4107.18,4335.9,4618.46,4053.85,4624.62,4203.59,4244.62,4182.56,4275.9,4605.13,4362.05,0
4297.95,3998.97,4266.15,4107.18,4332.82,4615.38,4050.77,4624.62,4205.64,4244.1,4190.77,4274.87,4609.74,4361.03,0
4289.74,3989.23,4263.08,4103.59,4330.26,4612.82,4050.26,4616.41,4197.95,4238.97,4182.05,4263.59,4600.51,4353.33,0
4293.33,3994.87,4263.08,4107.18,4336.92,4613.85,4047.18,4608.72,4193.33,4235.9,4175.38,4264.1,4598.46,4362.56,0
4299.49,4007.69,4265.64,4110.26,4341.03,4617.44,4048.72,4610.26,4196.41,4241.03,4182.05,4268.72,4608.72,4370.26,0
4293.85,4004.1,4263.08,4107.18,4337.95,4622.05,4056.41,4612.82,4192.82,4242.05,4184.1,4266.67,4611.28,4358.97,0
4292.31,3994.87,4265.13,4105.64,4340,4621.54,4053.85,4615.38,4189.74,4234.36,4178.97,4271.28,4604.62,4356.92,0
4300,3995.9,4275.9,4107.69,4340,4616.41,4047.18,4621.54,4197.44,4236.41,4180,4281.54,4604.1,4368.72,0
4300.51,3998.97,4278.46,4108.72,4333.33,4614.36,4051.79,4625.64,4202.56,4242.05,4186.15,4284.62,4608.72,4372.82,0
4295.38,3995.9,4274.87,4106.15,4333.33,4616.41,4057.95,4622.05,4195.9,4242.56,4190.77,4282.05,4611.79,4370.26,0
4296.92,3994.36,4275.38,4104.62,4338.97,4616.41,4058.97,4618.46,4196.92,4242.05,4192.31,4278.46,4612.31,4366.67,0
4299.49,3999.49,4272.31,4107.18,4337.95,4617.44,4060.51,4621.03,4206.67,4245.64,4190.77,4273.33,4609.74,4361.03,0
4294.87,4003.08,4264.1,4108.72,4336.92,4621.03,4061.03,4618.97,4202.05,4242.56,4185.64,4269.23,4605.64,4358.46,0
4286.67,4000.51,4261.03,4104.62,4338.97,4618.46,4057.95,4612.82,4195.9,4236.92,4181.03,4265.64,4602.05,4358.97,0
4287.18,3998.46,4262.56,4109.23,4339.49,4617.44,4055.38,4615.9,4204.1,4240.51,4183.08,4267.18,4606.67,4363.08,0
4295.9,4003.08,4264.1,4118.97,4338.97,4622.05,4056.92,4620.51,4201.54,4243.59,4187.18,4271.79,4612.31,4365.64,0
4299.49,4008.72,4267.18,4117.95,4339.49,4621.54,4056.41,4612.31,4184.1,4236.92,4186.15,4271.28,4608.72,4363.59,0
4294.36,4005.13,4267.69,4115.9,4341.03,4617.44,4049.74,4604.62,4185.13,4233.85,4182.56,4269.74,4606.15,4362.05,0
4291.28,4002.56,4266.15,4118.46,4342.05,4617.44,4045.64,4609.23,4200,4241.03,4181.54,4271.28,4609.23,4363.08,0
4295.38,4006.15,4263.59,4113.33,4342.05,4616.41,4045.64,4613.85,4203.08,4244.62,4184.1,4268.21,4610.77,4363.08,0
4292.82,4004.62,4253.85,4105.13,4339.49,4615.38,4047.69,4611.79,4194.87,4241.03,4182.56,4260,4607.69,4358.97,0
4283.59,3997.95,4246.67,4107.18,4338.46,4616.92,4050.77,4609.74,4190.77,4237.44,4175.38,4261.03,4600.51,4350.77,0
4281.03,3995.38,4255.9,4108.21,4336.92,4616.92,4052.82,4611.79,4194.87,4230.77,4173.33,4267.18,4593.85,4346.15,0
4283.59,3991.79,4264.62,4103.59,4332.31,4614.87,4053.85,4615.38,4195.9,4226.15,4174.36,4266.67,4592.31,4348.72,0
4282.05,3989.23,4262.56,4104.1,4332.31,4616.41,4055.9,4614.36,4192.82,4228.21,4174.36,4266.15,4592.31,4352.82,0
4283.08,3991.79,4267.69,4106.15,4334.36,4618.97,4056.92,4610.77,4191.79,4230.77,4176.92,4270.26,4592.31,4356.92,0
4293.33,3993.85,4280.51,4107.69,4332.82,4618.46,4058.97,4615.9,4200.51,4234.36,4184.1,4280,4599.49,4366.15,0
4301.03,3995.9,4286.67,4111.28,4335.38,4616.92,4060,4622.56,4211.79,4241.03,4193.33,4289.23,4609.74,4375.9,0
4298.46,4000,4284.1,4111.28,4338.46,4617.95,4055.38,4620.51,4205.13,4242.56,4196.41,4289.74,4613.33,4374.36,0
4296.41,4000,4280,4110.26,4335.9,4618.97,4050.26,4616.41,4189.23,4235.38,4189.74,4282.56,4609.74,4367.69,0
4299.49,4001.03,4276.41,4116.41,4335.9,4620.51,4050.77,4615.9,4194.87,4232.31,4188.72,4278.46,4609.23,4369.23,0
4302.05,4008.72,4278.46,4124.1,4341.54,4624.62,4053.33,4623.59,4214.87,4238.97,4194.87,4283.08,4613.85,4375.9,0
4306.67,4009.74,4282.56,4124.62,4341.03,4625.13,4056.92,4628.21,4209.74,4246.15,4197.44,4286.67,4615.38,4374.87,0
4306.15,4003.59,4282.05,4122.56,4336.41,4620.51,4057.44,4618.97,4196.41,4243.08,4191.28,4283.59,4610.77,4368.21,0
4299.49,4003.59,4279.49,4122.05,4336.41,4617.95,4056.92,4612.31,4198.97,4234.36,4185.64,4280,4607.18,4367.69,0
4299.49,4007.69,4281.03,4125.13,4339.49,4617.95,4063.08,4622.56,4202.56,4234.87,4187.18,4280,4606.67,4369.74,0
4302.56,4006.15,4280.51,4121.54,4338.46,4615.38,4065.64,4629.23,4200.51,4237.95,4187.69,4275.9,4602.05,4366.67,0
4298.46,3999.49,4271.79,4112.82,4336.41,4617.44,4062.05,4625.64,4202.56,4235.38,4183.59,4273.85,4598.46,4362.05,0
4291.28,3993.85,4264.62,4111.79,4334.87,4622.56,4062.05,4625.64,4201.54,4230.77,4177.44,4274.87,4593.85,4358.46,0
4283.59,3989.74,4264.1,4110.77,4331.28,4619.49,4061.54,4619.49,4190.26,4223.59,4170.26,4268.72,4583.08,4351.79,0
4281.03,3988.72,4265.64,4107.69,4328.21,4619.49,4058.97,4612.82,4190.77,4220,4168.72,4266.15,4575.9,4350.26,0
4286.67,3989.23,4269.23,4115.38,4331.28,4626.67,4059.49,4617.95,4203.08,4227.69,4175.9,4273.85,4583.59,4356.92,0
4288.72,3993.33,4273.85,4123.59,4332.31,4622.56,4058.97,4622.05,4203.08,4234.87,4180,4277.44,4594.36,4361.54,0
4288.72,4001.03,4278.46,4120.51,4333.33,4616.41,4055.9,4622.05,4198.97,4234.87,4182.56,4277.44,4601.54,4363.59,0
4295.9,4002.05,4276.92,4118.97,4334.36,4617.44,4057.95,4623.59,4203.59,4238.97,4189.74,4282.56,4607.18,4368.72,0
4298.46,4001.54,4268.72,4122.56,4332.82,4614.87,4056.92,4620.51,4205.64,4243.59,4187.69,4284.1,4605.13,4372.31,0
4292.31,4004.62,4265.64,4122.56,4335.38,4610.77,4053.33,4614.87,4196.92,4237.95,4179.49,4275.38,4599.49,4360.51,0
4286.67,3998.46,4265.64,4118.97,4335.9,4615.38,4054.36,4614.36,4192.82,4228.21,4173.85,4265.13,4592.31,4340,0
4280,3985.64,4255.38,4109.74,4327.18,4615.38,4053.85,4613.33,4197.44,4221.03,4166.67,4258.46,4581.03,4334.36,0
4271.28,3982.56,4245.64,4103.59,4326.67,4609.74,4050.26,4612.31,4199.49,4222.56,4166.15,4257.44,4580,4346.67,0
4271.28,3984.62,4247.69,4105.13,4332.82,4611.79,4050.77,4614.36,4198.97,4229.74,4176.92,4259.49,4589.23,4351.79,0
4273.33,3982.05,4247.69,4106.15,4328.21,4614.87,4051.79,4614.87,4199.49,4228.72,4178.46,4257.95,4589.74,4342.56,0
4269.74,3984.62,4248.21,4106.15,4325.13,4613.33,4049.23,4616.92,4203.59,4226.67,4170.26,4257.44,4585.64,4338.97,0
4270.77,3988.21,4249.74,4108.72,4331.28,4614.87,4049.74,4618.97,4206.67,4229.74,4173.33,4261.03,4589.74,4343.59,0
4277.44,3986.15,4248.21,4107.69,4331.28,4615.38,4055.38,4616.41,4203.08,4230.77,4180,4265.13,4591.28,4350.26,0
4280,3986.15,4253.33,4108.21,4326.67,4612.82,4055.9,4608.21,4193.33,4225.13,4178.97,4271.28,4588.21,4353.85,0
4281.03,3990.77,4265.13,4115.38,4326.15,4610.26,4048.21,4599.49,4175.9,4215.9,4174.87,4275.9,4586.67,4352.31,0
4283.59,3993.85,4267.69,4112.82,4328.21,4608.21,4045.13,4599.49,4174.36,4209.23,4175.38,4273.85,4584.62,4347.18,0
4280.51,3987.18,4261.03,4107.69,4326.67,4606.15,4043.59,4606.67,4188.21,4207.18,4174.87,4268.72,4580.51,4341.03,0
4279.49,3985.13,4259.49,4114.87,4327.69,4607.69,4037.95,4606.15,4191.79,4211.28,4169.74,4265.64,4582.05,4343.59,0
4290.77,3998.46,4266.67,4126.67,4337.44,4610.77,4038.46,4603.59,4191.79,4224.1,4172.82,4269.74,4594.87,4358.46,0
4295.9,4005.64,4270.77,4125.13,4340.51,4615.9,4048.72,4609.23,4200,4233.85,4180,4276.92,4601.03,4361.03,0
4286.67,3994.36,4262.05,4114.36,4330.77,4620,4053.33,4615.38,4206.15,4226.67,4174.87,4273.85,4591.28,4345.13,0
4276.92,3987.69,4251.79,4109.23,4328.21,4615.9,4052.31,4612.31,4200.51,4222.56,4170.26,4265.13,4587.69,4339.49,0
4276.41,3994.36,4251.79,4110.77,4336.92,4613.33,4052.82,4608.21,4195.38,4233.33,4177.44,4266.67,4593.85,4347.69,0
4277.95,3995.9,4250.77,4110.77,4334.36,4617.44,4056.92,4612.82,4198.97,4235.9,4181.03,4267.18,4595.38,4350.77,0
4273.85,3986.15,4246.67,4101.54,4325.64,4616.92,4063.08,4621.03,4204.62,4231.28,4177.95,4261.54,4593.33,4344.62,0
4267.69,3979.49,4245.13,4092.82,4327.18,4616.41,4063.59,4622.56,4204.62,4235.9,4180,4261.54,4593.85,4340,0
4268.72,3981.54,4245.13,4093.33,4330.77,4616.92,4058.46,4617.95,4203.59,4243.08,4178.97,4266.15,4591.28,4344.1,0
4275.9,3985.64,4247.18,4095.9,4328.21,4611.28,4052.82,4615.38,4208.21,4243.59,4181.03,4268.72,4594.36,4350.77,0
4281.03,3987.18,4250.26,4096.92,4328.72,4604.1,4046.15,4609.23,4198.46,4240.51,4190.26,4269.74,4603.08,4352.31,0
4280,3987.69,4248.72,4095.38,4328.21,4602.05,4041.03,4596.92,4182.05,4229.74,4186.67,4267.69,4598.97,4347.69,0
4273.33,3984.1,4244.62,4090.77,4321.54,4603.08,4041.54,4592.31,4182.56,4220.51,4173.85,4261.54,4586.67,4346.15,0
4267.69,3978.46,4243.59,4081.54,4322.56,4607.18,4045.13,4595.38,4187.18,4216.92,4172.82,4258.46,4581.03,4341.54,0
4265.64,3975.9,4243.08,4073.85,4325.13,4609.74,4048.72,4596.92,4184.62,4214.36,4174.36,4258.46,4581.03,4331.28,0
4264.62,3975.9,4243.08,4075.9,4318.97,4605.13,4046.67,4595.9,4181.54,4213.33,4170.26,4255.9,4580,4333.33,0
4272.82,3983.59,4245.64,4085.64,4319.49,4600.51,4040.51,4596.41,4182.56,4219.49,4173.33,4255.9,4583.59,4347.69,0
4284.1,3993.85,4249.74,4093.85,4327.69,4601.03,4039.49,4597.95,4184.62,4223.59,4181.03,4261.03,4590.26,4351.28,0
4284.62,3991.79,4252.31,4093.85,4328.72,4603.08,4041.03,4598.46,4186.15,4224.62,4179.49,4262.56,4590.77,4340.51,0
4282.05,3988.21,4252.31,4091.28,4327.69,4602.56,4040.51,4598.46,4188.72,4226.67,4177.95,4264.1,4592.31,4342.56,0
4279.49,3991.28,4248.21,4091.79,4325.13,4603.08,4043.08,4596.92,4188.21,4224.62,4181.03,4266.15,4594.36,4353.33,0
4268.21,3985.13,4242.05,4083.08,4320.51,4607.18,4049.74,4597.44,4183.59,4221.03,4176.41,4261.03,4586.67,4346.67,0
4262.56,3977.44,4243.08,4075.38,4321.03,4609.23,4054.36,4600,4183.59,4221.54,4169.74,4256.92,4577.95,4337.44,0
4270.77,3985.13,4249.23,4083.08,4326.15,4608.72,4053.85,4603.59,4188.72,4225.13,4173.85,4261.54,4581.03,4338.46,0
4276.41,3993.33,4250.26,4090.77,4330.77,4613.85,4050.26,4609.74,4197.95,4228.72,4179.49,4262.56,4585.13,4341.54,0
4279.49,3997.44,4248.21,4091.79,4336.92,4618.46,4048.21,4615.38,4206.67,4234.87,4183.59,4259.49,4589.74,4345.13,0
4282.56,4002.05,4246.67,4095.38,4338.97,4618.46,4046.15,4615.9,4203.08,4240.51,4187.69,4259.49,4595.38,4351.79,0
4282.05,4004.1,4245.64,4094.87,4334.87,4613.85,4042.05,4612.31,4198.97,4238.97,4191.28,4263.08,4599.49,4356.92,0
4285.64,4002.05,4253.85,4091.28,4333.85,4608.72,4043.08,4611.79,4204.62,4237.44,4190.77,4267.69,4604.1,4357.95,0
4291.79,4002.05,4265.64,4098.97,4336.41,4609.74,4049.74,4610.26,4199.49,4233.85,4185.64,4270.26,4604.62,4354.36,0
4293.85,4003.59,4267.18,4108.72,4336.92,4611.79,4050.26,4603.08,4186.15,4226.15,4181.03,4270.26,4594.87,4352.82,0
4294.36,4005.13,4267.69,4107.69,4334.87,4608.21,4047.69,4597.44,4184.62,4223.08,4181.03,4270.77,4591.28,4358.97,0
4295.38,4002.05,4268.21,4108.21,4333.85,4605.64,4049.74,4594.87,4180.51,4225.13,4178.46,4265.64,4596.41,4360,0
4287.69,3995.9,4256.92,4107.69,4332.31,4606.67,4046.67,4593.33,4177.95,4221.54,4175.38,4258.97,4595.9,4353.33,0
4277.95,3993.85,4246.15,4100,4329.74,4603.08,4039.49,4600,4190.77,4219.49,4179.49,4258.97,4592.82,4349.74,0
4271.79,3993.85,4244.62,4095.38,4329.74,4604.1,4040,4611.28,4194.36,4223.08,4181.03,4257.95,4594.87,4345.64,0
4271.28,3995.9,4248.72,4100,4332.31,4613.33,4041.54,4613.85,4188.21,4224.62,4177.44,4256.92,4589.23,4342.05,0
4276.41,4000.51,4256.41,4106.15,4336.41,4610.26,4038.97,4607.69,4190.26,4224.62,4176.92,4260.51,4582.05,4345.64,0
4273.85,3996.92,4256.92,4102.56,4335.38,4604.1,4039.49,4607.18,4191.28,4223.08,4177.44,4261.03,4584.1,4345.13,0
4264.62,3986.15,4248.21,4093.85,4328.72,4611.28,4045.64,4613.33,4194.36,4222.56,4176.41,4255.38,4583.59,4334.87,0
4263.08,3984.62,4239.49,4087.69,4326.15,4617.44,4050.26,4613.85,4196.92,4222.56,4175.9,4250.77,4580.51,4333.85,0
4270.77,3988.72,4234.36,4085.13,4326.67,4612.31,4052.31,4605.64,4193.33,4220.51,4176.41,4253.33,4585.13,4343.59,0
4274.87,3988.21,4234.36,4086.67,4325.64,4611.79,4052.31,4600.51,4192.31,4222.05,4177.95,4258.97,4590.26,4347.69,0
4272.31,3989.74,4241.03,4088.72,4329.74,4614.87,4047.18,4599.49,4193.85,4231.79,4184.62,4258.46,4594.36,4349.23,0
4273.33,3995.38,4244.62,4092.31,4338.46,4613.85,4041.03,4600.51,4190.26,4236.41,4192.31,4257.95,4604.1,4353.85,0
4277.95,4002.56,4243.59,4100.51,4343.08,4610.26,4043.08,4608.72,4196.41,4237.44,4196.92,4264.62,4612.31,4360.51,0
4283.59,4006.67,4251.79,4109.23,4343.59,4607.18,4047.18,4615.38,4207.69,4243.59,4199.49,4274.36,4614.36,4366.67,0
4289.74,4007.69,4264.1,4110.77,4341.54,4604.62,4041.54,4610.77,4198.46,4244.1,4200,4275.9,4614.87,4365.64,0
4290.77,4005.13,4264.62,4109.23,4336.41,4603.08,4035.9,4605.13,4187.69,4235.38,4196.41,4270.26,4609.74,4361.03,0
4284.62,4000,4253.85,4108.72,4335.38,4606.67,4043.59,4611.28,4196.41,4233.33,4194.36,4269.23,4605.13,4360.51,0
4280,3995.9,4247.69,4102.56,4335.9,4614.87,4054.87,4618.46,4208.21,4240.51,4196.41,4274.87,4605.64,4354.36,0
4278.97,3997.44,4250.26,4096.92,4334.36,4619.49,4058.97,4615.38,4205.13,4239.49,4195.38,4272.31,4603.59,4348.72,0
4276.92,4001.54,4247.18,4099.49,4333.33,4621.54,4059.49,4611.79,4196.92,4231.28,4192.31,4261.03,4600,4352.31,0
4273.33,3997.95,4244.1,4101.54,4332.82,4621.54,4061.03,4611.28,4189.23,4228.72,4188.72,4260,4595.9,4349.74,0
4272.31,3991.79,4249.74,4099.49,4329.74,4616.92,4057.95,4607.18,4183.59,4224.62,4181.54,4261.54,4591.28,4343.59,0
4275.38,3994.36,4257.95,4102.56,4326.67,4611.79,4051.28,4603.59,4185.64,4214.36,4176.92,4260,4586.67,4352.31,0
4282.56,3999.49,4264.62,4109.23,4330.77,4613.33,4051.79,4610.26,4191.79,4218.97,4186.15,4265.13,4591.28,4363.59,0
4287.18,4004.1,4268.21,4108.72,4333.85,4613.85,4056.92,4621.03,4201.03,4235.9,4195.38,4271.79,4601.03,4359.49,0
4287.18,4004.62,4260.51,4105.13,4329.23,4610.26,4051.79,4627.18,4215.9,4241.03,4193.33,4271.79,4604.62,4353.85,0
4283.08,3998.46,4250.77,4105.64,4325.64,4608.72,4043.59,4631.79,4221.54,4242.05,4194.36,4267.69,4604.62,4356.92,0
4275.38,3994.36,4245.13,4102.56,4330.77,4616.41,4045.13,4630.26,4211.28,4247.18,4198.97,4265.13,4605.13,4354.87,0
4269.23,3993.33,4237.95,4098.46,4331.79,4621.03,4045.64,4626.67,4207.18,4243.59,4195.9,4263.59,4599.49,4343.59,0
4264.62,3986.67,4237.44,4099.49,4324.1,4616.92,4037.95,4623.59,4210.77,4233.85,4184.62,4259.49,4589.74,4336.92,0
4264.62,3985.13,4245.64,4100,4323.08,4614.87,4036.92,4619.49,4204.1,4227.69,4183.08,4259.49,4587.69,4341.03,0
4272.82,3990.26,4251.79,4100,4326.15,4614.87,4042.05,4615.38,4194.36,4225.13,4188.72,4264.1,4592.82,4346.15,0
4277.95,3988.72,4255.9,4103.08,4324.62,4611.28,4046.15,4615.9,4196.41,4225.13,4189.74,4265.13,4595.38,4348.72,0
4274.87,3988.21,4256.92,4103.08,4323.08,4608.21,4051.28,4619.49,4202.05,4227.69,4189.74,4265.13,4594.36,4345.13,0
4271.79,3989.74,4249.74,4100,4322.05,4608.21,4054.36,4621.54,4200,4224.1,4189.74,4264.1,4593.85,4332.31,0
4274.36,3985.64,4244.62,4102.05,4321.54,4609.74,4054.36,4626.15,4197.44,4222.56,4187.69,4257.95,4593.85,4328.21,0
4275.38,3987.69,4246.67,4106.15,4324.62,4611.79,4052.31,4624.1,4194.87,4228.21,4186.15,4254.87,4597.44,4340,0
4274.87,3995.9,4247.69,4107.18,4328.72,4612.82,4049.23,4614.36,4194.87,4231.79,4186.15,4261.03,4601.03,4345.13,0
4277.95,3995.9,4253.33,4108.21,4328.21,4613.85,4044.62,4611.79,4200,4231.28,4188.72,4265.64,4600,4340.51,0
4279.49,3989.23,4260.51,4108.21,4325.13,4613.85,4041.03,4617.44,4203.59,4228.72,4187.69,4262.05,4596.41,4335.38,0
4275.38,3988.72,4261.03,4107.18,4324.1,4609.74,4043.59,4621.54,4204.1,4224.62,4183.59,4261.54,4591.28,4332.31,0
4273.85,3992.31,4261.54,4110.26,4327.18,4604.62,4048.72,4620.51,4204.1,4226.67,4185.13,4267.18,4590.26,4337.95,0
4277.44,3990.77,4264.62,4112.31,4326.67,4602.56,4050.26,4624.1,4206.67,4229.74,4189.74,4267.69,4592.31,4344.1,0
4275.38,3985.64,4260.51,4110.26,4321.03,4603.08,4048.21,4627.18,4203.59,4225.13,4184.62,4260,4591.28,4340.51,0
4268.72,3985.64,4252.31,4108.21,4321.03,4601.03,4049.23,4623.59,4199.49,4218.97,4181.03,4257.95,4587.18,4334.36,0
4267.18,3985.13,4249.23,4107.69,4327.18,4598.97,4050.26,4618.97,4196.41,4216.41,4182.56,4258.46,4583.59,4326.67,0
4267.18,3980,4248.21,4107.69,4327.69,4605.13,4048.21,4611.28,4186.15,4210.26,4176.92,4252.31,4579.49,4318.97,0
4267.69,3981.03,4251.79,4108.21,4327.18,4608.21,4046.15,4606.15,4183.59,4207.69,4173.33,4252.31,4575.9,4326.67,0
4275.38,3987.18,4261.54,4109.23,4328.21,4603.59,4044.62,4610.77,4195.9,4215.9,4178.46,4263.59,4582.56,4341.54,0
4282.56,3989.23,4267.69,4112.82,4328.72,4606.15,4045.13,4612.31,4194.87,4219.49,4183.59,4269.74,4590.26,4343.08,0
4280,3989.74,4263.08,4116.92,4333.33,4616.41,4049.23,4609.23,4180.51,4212.82,4180,4265.13,4587.69,4338.97,0
4274.36,3990.26,4252.31,4110.77,4334.87,4616.92,4049.74,4612.31,4184.62,4214.87,4175.9,4261.03,4584.62,4336.41,0
4273.85,3993.33,4247.18,4109.74,4329.74,4613.85,4047.69,4614.36,4194.36,4225.13,4178.97,4261.03,4589.74,4334.36,0
4279.49,3998.97,4250.26,4120.51,4331.79,4616.92,4047.69,4610.26,4193.33,4226.15,4184.1,4260.51,4596.41,4334.87,0
4280.51,3998.46,4250.77,4120.51,4334.87,4616.92,4043.59,4610.26,4192.31,4219.49,4183.59,4259.49,4598.46,4335.38,0
4275.9,3991.79,4251.79,4112.31,4328.21,4614.87,4042.05,4613.33,4196.41,4218.97,4179.49,4258.97,4594.87,4335.9,0
4277.44,3993.85,4260.51,4116.92,4331.28,4617.95,4052.31,4618.97,4203.59,4221.03,4181.03,4264.62,4594.36,4343.59,0
4289.23,4006.15,4267.69,4126.67,4344.1,4620,4056.41,4621.03,4206.15,4227.18,4191.79,4273.85,4603.08,4351.28,0
4292.82,4005.13,4265.64,4123.59,4337.44,4618.46,4048.72,4614.36,4196.41,4231.79,4197.95,4276.92,4606.67,4347.69,0
4283.59,3995.9,4255.9,4114.36,4325.64,4615.9,4046.15,4609.74,4189.74,4225.64,4188.21,4268.72,4596.92,4336.92,0
4278.97,3995.38,4252.82,4113.85,4329.74,4614.87,4049.74,4610.77,4193.85,4218.97,4175.9,4259.49,4590.26,4333.85,0
4282.56,3998.97,4260,4120.51,4333.85,4615.9,4051.28,4615.9,4202.05,4224.1,4183.08,4262.56,4594.87,4337.44,0
4289.23,4002.56,4266.15,4123.08,4332.31,4619.49,4055.38,4624.62,4204.62,4229.23,4197.95,4274.36,4602.56,4345.64,0
4295.9,4008.72,4266.15,4121.54,4333.85,4618.46,4057.95,4626.15,4203.08,4230.26,4197.95,4273.85,4606.15,4354.36,0
4298.46,4010.26,4265.13,4118.46,4332.82,4614.87,4055.38,4620.51,4200,4234.36,4194.36,4268.72,4606.67,4351.79,0
4294.87,4005.13,4264.62,4111.28,4330.26,4615.9,4062.56,4622.56,4198.97,4233.33,4196.41,4273.85,4603.08,4343.59,0
4293.85,4000.51,4262.56,4106.15,4330.77,4617.95,4072.31,4626.15,4203.08,4230.26,4193.85,4276.41,4599.49,4346.67,0
4295.9,3997.44,4255.9,4106.67,4329.74,4616.92,4065.64,4624.1,4206.15,4232.31,4190.26,4269.23,4597.44,4348.72,0
4291.28,3994.36,4247.18,4102.56,4328.21,4616.41,4057.44,4622.56,4198.46,4227.69,4190.77,4260.51,4593.33,4337.95,0
4282.05,3992.82,4245.64,4096.41,4330.26,4617.95,4058.46,4620.51,4188.21,4216.92,4186.15,4255.9,4586.67,4329.74,0
4284.62,3998.46,4248.72,4099.49,4333.85,4619.49,4057.95,4620,4192.82,4216.41,4185.64,4260.51,4588.72,4335.38,0
4295.9,4010.26,4249.23,4107.18,4336.92,4620,4059.49,4626.67,4205.13,4225.64,4195.38,4267.69,4595.38,4341.03,0
4295.38,4010.26,4251.28,4107.18,4337.44,4623.59,4065.13,4627.69,4203.59,4226.67,4196.41,4269.23,4594.87,4337.95,0
4292.82,4004.1,4258.46,4104.62,4336.92,4626.67,4063.08,4625.64,4203.08,4226.67,4193.33,4270.26,4596.41,4342.56,0
4304.1,4014.36,4264.62,4111.28,4337.95,4623.08,4057.44,4629.74,4210.26,4234.36,4203.59,4276.41,4608.21,4356.92,0
4312.31,4024.1,4264.62,4115.9,4338.46,4621.03,4058.46,4630.77,4210.77,4237.44,4209.23,4277.95,4610.77,4356.92,0
4308.72,4017.95,4262.05,4110.77,4334.36,4623.08,4060,4620,4197.44,4228.21,4200.51,4271.79,4599.49,4343.59,0
4308.21,4017.44,4263.59,4107.18,4330.77,4621.54,4058.97,4608.21,4187.18,4221.03,4194.36,4271.79,4595.9,4343.59,0
4308.21,4018.97,4263.08,4108.21,4330.77,4616.92,4055.9,4609.74,4193.85,4221.03,4194.36,4273.33,4597.44,4343.08,0
4303.59,4012.31,4258.46,4107.18,4330.26,4616.41,4050.26,4616.41,4202.56,4221.54,4194.36,4268.21,4592.31,4337.44,0
4298.46,4009.74,4260.51,4106.15,4332.82,4620,4055.38,4620.51,4202.05,4225.64,4195.38,4263.08,4594.36,4343.59,0
4292.31,4010.26,4257.95,4105.64,4336.92,4626.15,4067.18,4624.1,4197.95,4225.13,4194.36,4265.13,4597.95,4341.54,0
4289.74,4007.69,4250.77,4103.59,4334.36,4628.72,4064.1,4624.62,4203.08,4220.51,4189.74,4263.59,4591.28,4328.72,0
4293.85,4010.77,4254.87,4105.64,4333.33,4626.15,4055.9,4623.08,4207.69,4227.69,4191.28,4261.54,4591.28,4334.87,0
4297.44,4015.38,4260.51,4109.74,4338.97,4627.18,4057.44,4622.56,4207.69,4240,4198.46,4267.18,4603.59,4349.74,0
4293.85,4012.82,4252.31,4107.18,4341.54,4632.31,4062.05,4623.08,4211.28,4242.56,4201.03,4267.18,4606.67,4344.62,0
4288.72,4008.21,4243.59,4103.08,4337.95,4631.28,4058.97,4619.49,4202.05,4233.85,4195.38,4260,4598.46,4335.9,0
4291.28,4010.77,4250.26,4105.64,4336.41,4628.21,4055.38,4613.33,4188.72,4224.1,4190.77,4258.46,4593.85,4335.38,0
4296.92,4018.46,4260,4109.74,4340,4629.74,4058.97,4611.28,4193.33,4224.1,4191.79,4262.56,4594.87,4336.92,0
4297.95,4023.08,4257.44,4108.21,4343.08,4631.28,4062.05,4613.33,4201.03,4230.26,4195.9,4265.64,4601.54,4345.13,0
4294.87,4020.51,4252.82,4106.67,4344.1,4629.23,4058.97,4614.87,4196.41,4229.74,4196.41,4268.72,4605.64,4344.62,0
4291.79,4017.95,4257.95,4109.23,4342.05,4630.77,4059.49,4617.44,4194.87,4225.13,4193.85,4267.69,4597.44,4335.9,0
4293.33,4019.49,4264.62,4110.26,4339.49,4631.79,4064.62,4623.59,4205.64,4227.69,4195.38,4267.18,4592.31,4343.08,0
4296.92,4021.54,4264.62,4112.31,4340.51,4628.21,4063.59,4624.62,4207.18,4230.77,4199.49,4274.36,4600.51,4352.82,0
4295.38,4018.97,4261.54,4109.74,4343.08,4627.18,4058.97,4619.49,4197.95,4228.72,4199.49,4275.38,4602.05,4344.62,0
4292.82,4015.38,4258.46,4105.64,4341.54,4628.72,4057.95,4613.85,4194.87,4223.59,4194.36,4268.72,4595.38,4342.56,0
4299.49,4021.03,4261.54,4113.85,4342.05,4629.74,4058.97,4614.36,4200.51,4224.62,4195.9,4271.79,4600,4357.95,0
4306.67,4026.67,4267.18,4122.05,4345.13,4631.28,4060.51,4621.03,4206.67,4233.85,4201.54,4282.56,4608.21,4361.03,0
4302.05,4020.51,4265.64,4114.36,4340.51,4633.33,4062.05,4628.72,4210.26,4234.36,4200,4281.03,4601.54,4353.33,0
4295.9,4015.38,4262.05,4106.67,4332.82,4630.77,4059.49,4627.69,4207.18,4225.64,4195.38,4273.33,4594.87,4349.74,0
4294.36,4016.41,4256.92,4108.72,4332.31,4628.72,4056.41,4621.54,4202.05,4225.64,4196.41,4273.85,4596.92,4342.05,0
4292.82,4015.38,4249.23,4107.18,4334.87,4632.31,4056.92,4623.59,4204.62,4230.77,4200.51,4274.87,4599.49,4338.97,0
4294.87,4014.87,4249.23,4105.13,4336.41,4633.85,4057.44,4629.74,4210.26,4235.38,4207.18,4271.79,4605.13,4353.33,0
4300,4017.95,4254.87,4106.67,4336.41,4630.26,4055.38,4625.64,4211.28,4237.95,4211.28,4271.79,4606.67,4359.49,0
4299.49,4018.46,4257.95,4106.15,4337.44,4627.18,4057.44,4618.46,4210.26,4235.9,4203.59,4272.82,4602.56,4347.18,0
4299.49,4021.03,4263.59,4107.69,4341.54,4627.18,4059.49,4618.97,4207.18,4231.28,4196.92,4270.77,4602.05,4345.64,0
4296.92,4022.56,4262.05,4110.26,4341.54,4628.21,4059.49,4619.49,4203.08,4227.69,4197.44,4268.72,4601.54,4344.62,0
4285.13,4012.31,4249.23,4104.1,4335.9,4629.23,4060.51,4614.36,4198.46,4223.08,4191.79,4262.05,4589.74,4328.21,0
4282.05,4005.13,4248.21,4102.56,4335.9,4629.74,4061.03,4612.31,4195.9,4220.51,4185.13,4258.46,4584.1,4327.18,0
4293.33,4012.82,4262.56,4112.31,4342.05,4629.74,4062.05,4621.03,4204.1,4226.67,4191.79,4269.23,4592.82,4344.62,0
4299.49,4019.49,4269.74,4116.41,4344.1,4635.38,4067.18,4627.18,4211.28,4233.33,4202.56,4280.51,4596.92,4350.26,0
4297.44,4018.97,4265.13,4114.36,4342.56,4640,4069.74,4617.95,4203.08,4232.31,4201.54,4278.97,4595.38,4346.15,0
4296.92,4018.46,4263.08,4113.85,4342.05,4636.41,4066.15,4613.85,4199.49,4233.33,4198.46,4272.31,4596.92,4349.23,0
4293.85,4015.9,4262.05,4111.79,4341.03,4632.82,4065.13,4624.1,4210.77,4234.36,4198.46,4267.69,4596.41,4346.15,0
4291.79,4014.36,4258.97,4110.77,4339.49,4632.82,4068.72,4628.21,4211.28,4230.26,4196.92,4268.72,4594.36,4339.49,0
4294.87,4016.92,4261.03,4110.77,4341.03,4632.82,4068.21,4623.59,4205.64,4229.74,4197.95,4271.28,4594.36,4338.46,0
4292.31,4013.33,4259.49,4107.18,4339.49,4632.31,4067.18,4624.1,4208.21,4234.36,4198.97,4265.64,4592.31,4335.38,0
4286.15,4008.72,4250.77,4106.15,4334.87,4631.79,4064.62,4623.08,4206.67,4229.23,4192.82,4261.54,4590.77,4334.87,0
4289.23,4007.18,4252.82,4109.74,4335.38,4631.28,4060,4614.36,4198.97,4222.05,4191.28,4265.13,4590.77,4341.03,0
4295.9,4003.59,4264.1,4107.69,4337.44,4630.26,4060.51,4612.31,4199.49,4224.1,4195.38,4264.1,4584.1,4341.03,0
4296.92,4005.13,4264.62,4109.23,4337.95,4632.31,4063.08,4618.46,4206.15,4223.59,4190.77,4262.56,4580.51,4339.49,0
4295.9,4017.44,4261.54,4120,4343.59,4636.41,4063.08,4620,4203.08,4225.13,4195.9,4271.28,4591.79,4350.77,0
4295.38,4022.56,4261.54,4121.54,4347.18,4636.41,4063.08,4616.92,4199.49,4229.74,4212.31,4277.95,4605.64,4355.38,0
4287.18,4011.79,4254.36,4110.77,4342.05,4634.36,4061.54,4618.46,4202.56,4227.18,4211.79,4270.26,4606.67,4344.1,0
4276.41,4006.15,4246.15,4112.82,4338.46,4631.79,4056.41,4617.44,4201.03,4222.05,4197.95,4261.54,4597.44,4333.85,0
4276.41,4010.77,4248.72,4120.51,4340.51,4627.18,4055.9,4608.72,4193.33,4220,4191.79,4263.08,4591.28,4328.21,0
4277.95,4012.82,4249.23,4114.87,4341.54,4627.69,4056.92,4610.26,4199.49,4223.59,4195.9,4264.62,4593.85,4327.69,0
4276.41,4009.23,4245.64,4108.72,4338.97,4631.28,4057.95,4622.56,4211.79,4231.28,4197.44,4261.03,4596.41,4330.26,0
4277.44,4003.59,4246.15,4111.28,4334.36,4625.13,4056.41,4623.08,4205.64,4233.33,4192.31,4259.49,4590.77,4327.69,0
4278.97,4003.59,4248.21,4112.31,4331.79,4618.97,4052.82,4622.05,4205.13,4226.15,4187.18,4260,4582.05,4323.59,0
4277.44,4007.18,4248.72,4113.33,4334.36,4622.05,4053.33,4628.72,4215.9,4224.1,4190.26,4262.05,4582.56,4328.21,0
4277.95,4009.23,4249.23,4115.9,4335.38,4625.13,4055.38,4618.97,4204.1,4230.26,4198.46,4266.15,4593.33,4336.41,0
4278.46,4003.08,4249.23,4111.79,4329.23,4621.54,4052.31,4607.18,4188.72,4229.23,4201.54,4268.21,4595.9,4335.38,0
4276.41,3995.9,4250.26,4107.69,4325.64,4620,4054.87,4614.87,4197.95,4221.54,4199.49,4266.67,4589.23,4330.26,0
4277.95,3998.46,4252.31,4112.31,4328.72,4622.56,4067.18,4623.59,4211.28,4224.62,4202.05,4269.74,4594.36,4333.33,0
4278.46,4001.03,4249.74,4112.82,4331.79,4625.64,4069.74,4622.56,4212.31,4237.95,4206.67,4272.31,4603.59,4340.51,0
4276.92,3996.41,4251.28,4111.28,4332.82,4629.23,4062.05,4623.59,4210.26,4237.95,4204.62,4269.74,4598.46,4339.49,0
4281.54,3998.46,4261.03,4118.46,4339.49,4633.33,4063.08,4628.21,4215.9,4228.21,4201.54,4270.26,4593.33,4337.95,0
4288.72,4010.26,4266.67,4128.21,4346.15,4634.87,4068.21,4632.31,4223.59,4232.82,4205.13,4280,4597.44,4343.08,0
4292.31,4009.23,4264.62,4128.21,4342.56,4632.31,4065.13,4628.21,4218.46,4241.03,4206.15,4282.05,4597.44,4344.1,0
4289.74,4002.56,4261.54,4123.59,4336.92,4629.23,4060,4615.38,4208.21,4234.36,4201.54,4272.31,4594.87,4334.87,0
4282.05,4005.13,4259.49,4124.1,4336.41,4628.21,4058.97,4611.79,4209.74,4228.21,4196.92,4268.72,4594.36,4327.69,0
4279.49,4008.21,4260,4124.62,4338.46,4629.23,4057.95,4615.38,4206.15,4226.15,4194.36,4268.72,4591.28,4326.15,0
4284.1,4012.82,4264.1,4126.67,4340.51,4632.82,4055.38,4611.79,4198.97,4224.1,4197.44,4266.15,4592.82,4333.85,0
4289.23,4018.97,4265.13,4133.33,4342.56,4635.38,4058.97,4614.36,4211.28,4231.28,4206.67,4271.28,4603.59,4346.15,0
4292.31,4020,4264.1,4137.44,4343.59,4635.9,4066.15,4627.69,4222.56,4244.1,4213.85,4285.13,4608.72,4348.72,0
4290.77,4027.18,4265.64,4138.46,4342.56,4632.82,4061.03,4626.15,4211.79,4241.54,4209.23,4278.97,4600,4341.54,0
4282.05,4026.15,4262.56,4133.85,4338.46,4630.77,4053.33,4611.79,4198.97,4224.1,4194.87,4261.54,4588.21,4334.36,0
4272.82,3992.82,4252.82,4124.1,4332.31,4629.74,4054.87,4609.74,4202.56,4215.9,4186.67,4261.03,4586.67,4326.15,0
4271.79,3959.49,4245.64,4118.46,4329.74,4622.05,4052.31,4614.36,4208.21,4216.92,4190.77,4265.13,4587.69,4319.49,0
4273.85,3954.87,4247.69,4122.05,4328.72,4615.38,4046.15,4609.23,4199.49,4216.92,4191.28,4261.03,4582.05,4321.54,0
4273.33,3948.72,4248.72,4123.08,4327.18,4617.95,4046.15,4600.51,4187.18,4215.38,4185.64,4258.46,4579.49,4324.62,0
4273.33,3935.9,4244.1,4121.03,4329.23,4622.05,4050.26,4604.1,4190.77,4213.85,4187.18,4260.51,4586.15,4325.13,0
4277.44,3933.33,4241.03,4122.05,4332.31,4624.1,4053.33,4610.77,4203.08,4216.41,4194.36,4261.03,4592.82,4333.33,0
4278.46,3930.77,4244.1,4122.56,4329.23,4628.21,4056.92,4611.28,4205.13,4221.03,4196.92,4263.59,4592.82,4338.46,0
4278.46,3925.13,4253.85,4122.56,4327.18,4631.28,4057.95,4613.85,4207.69,4224.62,4197.44,4265.64,4593.33,4335.38,0
4290.77,3928.72,4263.08,4130.77,4333.33,4632.31,4059.49,4620.51,4220,4231.28,4203.59,4270.77,4604.1,4341.03,0
4298.97,3932.31,4265.13,4134.87,4335.38,4632.82,4061.03,4620.51,4218.97,4238.97,4209.74,4278.46,4612.31,4344.1,0
4287.18,3928.21,4263.59,4125.64,4331.79,4630.26,4058.46,4615.9,4206.15,4234.36,4209.74,4274.87,4603.59,4335.38,0
4280.51,3925.13,4262.05,4125.13,4333.33,4628.72,4060,4616.41,4205.13,4224.62,4202.05,4267.18,4592.82,4332.31,0
4287.69,3929.74,4264.1,4133.85,4338.97,4633.33,4065.13,4616.41,4210.26,4224.62,4195.9,4266.67,4593.85,4338.97,0
4289.74,3933.85,4262.56,4130.26,4337.95,4632.82,4063.59,4608.21,4201.03,4225.13,4200.51,4267.69,4595.38,4335.9,0
4282.56,3929.74,4252.31,4119.49,4334.36,4624.62,4061.03,4601.03,4190.77,4223.08,4201.54,4268.72,4592.31,4325.13,0
4280.51,3925.13,4244.62,4118.97,4336.92,4623.59,4066.67,4610.26,4197.95,4223.59,4198.97,4268.72,4594.36,4328.72,0
4287.69,3929.74,4248.21,4123.08,4341.03,4632.31,4069.23,4622.56,4211.79,4228.21,4204.1,4268.72,4600,4342.05,0
4291.79,3932.31,4252.31,4117.44,4338.97,4633.33,4067.69,4625.13,4215.38,4233.33,4210.26,4271.28,4601.03,4340.51,0
4284.62,3926.67,4247.69,4106.15,4333.85,4627.69,4070.26,4623.59,4210.26,4229.74,4206.67,4270.77,4594.36,4328.21,0
4276.92,3924.1,4243.08,4103.59,4335.38,4628.21,4070.77,4618.46,4204.1,4224.1,4204.62,4267.18,4592.31,4330.26,0
4278.46,3925.64,4244.62,4107.69,4336.92,4629.74,4068.72,4615.38,4205.64,4223.08,4205.13,4266.15,4596.41,4334.87,0
4280.51,3927.18,4248.72,4106.67,4334.87,4628.21,4068.72,4616.41,4210.26,4225.13,4202.05,4266.15,4595.38,4328.72,0
4284.62,3932.31,4250.77,4105.13,4336.41,4628.72,4065.13,4615.9,4208.72,4227.18,4204.1,4267.69,4594.87,4331.28,0
4288.72,3935.38,4251.79,4108.72,4339.49,4629.74,4061.54,4612.82,4207.18,4233.33,4208.72,4272.82,4597.95,4341.54,0
4286.67,3930.77,4251.28,4109.74,4336.92,4629.23,4059.49,4608.72,4202.05,4232.82,4205.13,4271.79,4592.82,4338.46,0
4281.54,3929.74,4249.23,4107.18,4334.87,4629.23,4056.41,4601.54,4192.82,4219.49,4194.87,4265.13,4583.08,4328.72,0
4281.54,3933.33,4246.67,4104.62,4338.46,4632.31,4056.92,4600,4194.87,4215.9,4191.79,4265.64,4585.64,4330.26,0
4288.21,3936.92,4250.77,4110.26,4342.56,4635.38,4064.62,4606.15,4202.56,4225.13,4201.03,4271.28,4591.79,4341.03,0
4291.79,3937.95,4256.41,4116.41,4341.03,4634.87,4065.64,4610.77,4203.59,4226.15,4207.69,4272.31,4590.77,4345.64,0
4288.72,3936.41,4252.31,4113.33,4336.41,4631.79,4062.05,4612.82,4203.59,4221.03,4202.05,4271.79,4588.21,4336.92,0
4283.08,3932.82,4248.72,4108.21,4334.87,4629.74,4059.49,4610.77,4204.1,4222.56,4195.38,4269.23,4588.21,4336.41,0
4285.64,3935.38,4256.41,4112.31,4343.08,4630.26,4057.95,4608.21,4204.1,4229.74,4201.03,4267.69,4594.36,4347.69,0
4290.26,3940,4258.46,4116.41,4346.67,4629.74,4063.08,4613.85,4213.85,4231.79,4209.74,4269.23,4597.95,4342.05,0
4285.13,3940.51,4249.23,4108.21,4340.51,4629.74,4067.69,4616.41,4215.38,4233.33,4206.67,4268.21,4592.82,4331.79,0
4283.08,3941.03,4250.77,4107.69,4339.49,4631.28,4063.59,4612.31,4204.1,4234.36,4204.1,4267.18,4592.31,4340,0
4290.26,3943.59,4257.95,4117.95,4342.56,4630.26,4060.51,4610.77,4202.56,4234.36,4208.72,4270.77,4598.46,4345.13,0
4290.26,3945.13,4252.31,4115.9,4338.46,4625.64,4060.51,4610.77,4205.64,4230.26,4206.67,4271.28,4597.44,4337.44,0
4283.59,3941.03,4248.21,4105.64,4333.85,4625.64,4057.95,4614.36,4205.64,4225.64,4202.56,4268.21,4593.85,4337.95,0
4285.13,3939.49,4252.82,4107.69,4338.97,4630.26,4060,4618.46,4203.59,4229.23,4207.18,4268.72,4597.95,4345.13,0
4292.31,3944.1,4254.36,4113.85,4341.54,4630.77,4062.05,4612.31,4203.59,4230.77,4210.26,4272.82,4600,4347.69,0
4292.82,3944.62,4250.77,4111.28,4336.92,4628.72,4054.87,4607.69,4206.15,4226.15,4207.18,4274.87,4596.41,4345.13,0
4285.64,3936.92,4248.21,4107.18,4333.33,4630.26,4051.79,4613.85,4209.23,4228.21,4205.13,4271.79,4593.33,4342.05,0
4280.51,3932.82,4246.67,4105.13,4331.79,4630.77,4054.87,4615.38,4211.79,4232.31,4205.13,4269.74,4590.77,4342.56,0
4286.67,3937.44,4246.67,4106.67,4332.82,4625.64,4055.9,4612.31,4209.23,4231.79,4205.13,4271.28,4593.85,4342.05,0
4291.28,3940.51,4251.28,4107.18,4336.41,4624.1,4052.82,4611.28,4204.1,4231.79,4205.64,4274.36,4600.51,4343.59,0
4288.21,3941.54,4251.28,4107.69,4341.54,4627.18,4052.82,4610.77,4204.62,4235.38,4206.67,4273.33,4602.56,4350.26,0
4292.31,3947.18,4249.23,4117.44,4345.64,4628.72,4053.85,4612.31,4214.87,4236.92,4209.74,4272.82,4604.1,4355.38,0
4297.44,3955.9,4256.41,4124.1,4346.67,4629.74,4052.31,4615.38,4220.51,4241.54,4213.85,4275.38,4609.74,4359.49,0
4296.41,3955.9,4263.59,4120,4341.03,4631.79,4055.9,4616.92,4215.38,4245.64,4214.87,4277.95,4613.85,4363.08,0
4296.41,3950.77,4263.08,4120.51,4335.38,4632.31,4060.51,4617.95,4213.85,4240,4213.33,4278.46,4612.31,4355.9,0
4294.87,3950.77,4262.05,4120,4338.97,4630.77,4058.97,4617.44,4215.38,4236.41,4211.79,4275.38,4609.23,4348.72,0
4288.72,3954.87,4257.44,4113.33,4342.05,4630.77,4056.41,4611.79,4210.77,4236.92,4209.74,4272.82,4608.21,4353.33,0
4286.15,3955.38,4249.23,4115.9,4338.97,4632.82,4058.46,4611.79,4207.18,4232.82,4209.74,4272.31,4606.67,4352.31,0
4291.28,3954.36,4250.26,4120,4336.92,4629.74,4057.95,4620,4222.56,4231.79,4208.72,4271.28,4603.59,4347.69,0
4296.41,3957.44,4261.54,4114.87,4339.49,4623.08,4057.95,4625.13,4229.23,4240,4208.21,4274.36,4607.18,4356.41,0
4295.9,3958.97,4265.64,4116.92,4338.46,4623.08,4063.08,4621.03,4206.67,4239.49,4209.23,4277.95,4608.21,4357.95,0
4291.28,3953.33,4255.9,4118.46,4333.33,4630.26,4064.1,4613.33,4193.85,4226.67,4208.21,4275.38,4598.97,4347.69,0
4286.15,3951.79,4247.18,4108.21,4335.38,4631.79,4060,4613.33,4211.28,4223.59,4202.56,4265.13,4594.36,4345.13,0
4277.95,3954.36,4245.13,4106.15,4336.92,4625.64,4054.36,4613.33,4212.82,4226.15,4198.46,4258.46,4595.9,4343.08,0
4277.95,3952.31,4246.15,4112.82,4332.82,4624.62,4052.31,4604.62,4192.82,4223.08,4202.05,4262.56,4592.82,4339.49,0
4286.15,3948.21,4249.74,4111.28,4332.82,4628.21,4054.36,4603.08,4194.87,4224.1,4206.67,4270.26,4594.87,4347.18,0
7398.46,2830.77,2457.44,642564,6474.36,8092.31,567179,5087.69,7143.59,1816.41,6137.95,6904.62,3504.1,121026,0
4291.79,3959.49,4251.79,4110.26,4339.49,4628.72,4056.41,4616.41,4213.33,4234.36,4208.72,4274.87,4607.18,4358.46,0
4292.31,3958.97,4249.74,4116.41,4338.97,4630.77,4056.41,4614.87,4219.49,4240,4210.26,4274.36,4607.18,4356.92,0
4290.77,3956.41,4250.26,4116.41,4337.44,4627.18,4058.97,4620.51,4221.54,4242.05,4211.28,4271.79,4608.21,4357.95,0
4281.54,3949.74,4250.77,4110.77,4328.72,4624.1,4057.95,4621.03,4212.82,4232.82,4202.56,4269.74,4600,4346.15,0
4276.92,3947.18,4254.87,4107.18,4328.21,4623.59,4057.95,4613.33,4208.72,4225.13,4193.33,4270.77,4590.77,4334.36,0
4286.67,3957.44,4263.08,4113.85,4341.54,4626.67,4064.62,4615.9,4213.33,4233.33,4205.13,4276.92,4597.95,4347.69,0
4297.95,3959.49,4267.69,4119.49,4345.64,4630.77,4069.74,4623.59,4214.87,4241.03,4223.59,4286.67,4610.26,4367.69,0
4295.38,3953.33,4268.21,4118.46,4336.92,4629.23,4064.1,4619.49,4213.33,4233.85,4216.92,4290.26,4607.69,4365.64,0
4292.82,3963.59,4266.67,4123.08,4335.38,4626.15,4058.97,4611.79,4208.72,4226.15,4200.51,4281.03,4598.97,4353.33,0
4298.46,3982.56,4265.64,4133.33,4345.13,4629.23,4062.05,4610.26,4206.67,4227.69,4203.59,4275.38,4597.95,4351.79,0
4301.03,3986.15,4266.67,4132.82,4348.72,4629.23,4064.62,4604.62,4204.1,4228.21,4208.72,4281.03,4594.87,4352.31,0
4294.87,3977.44,4265.64,4124.62,4338.97,4622.56,4059.49,4595.38,4197.44,4224.1,4200,4279.49,4588.21,4346.15,0
4283.08,3967.18,4258.97,4121.54,4330.26,4621.03,4054.87,4596.92,4196.41,4220.51,4193.33,4268.21,4583.59,4337.44,0
4277.95,3960.51,4255.9,4123.59,4336.41,4628.72,4054.87,4607.69,4204.62,4221.54,4194.87,4268.21,4580,4337.44,0
4285.64,3965.64,4260,4126.15,4343.08,4632.31,4054.36,4618.97,4211.79,4226.67,4196.41,4273.33,4580.51,4339.49,0
4289.23,3973.33,4264.1,4126.67,4337.44,4622.56,4050.26,4623.59,4215.38,4233.33,4199.49,4270.26,4586.67,4331.28,0
4285.64,3975.38,4262.56,4128.72,4336.92,4614.87,4049.23,4621.54,4216.41,4234.87,4204.62,4269.74,4590.77,4332.82,0
4288.21,3976.92,4262.05,4135.9,4343.08,4621.54,4053.33,4618.97,4212.82,4235.38,4205.13,4271.79,4591.28,4342.05,0
4294.87,3980,4266.15,4140,4344.62,4629.74,4054.36,4617.44,4209.23,4236.41,4204.62,4270.77,4592.31,4344.1,0
4294.87,3980.51,4267.69,4137.95,4343.08,4629.74,4053.33,4612.82,4207.69,4233.85,4207.18,4271.28,4594.87,4346.67,0
4288.21,3977.95,4257.95,4133.33,4338.46,4631.28,4052.82,4605.13,4201.03,4230.26,4203.08,4269.23,4595.38,4345.13,0
4278.97,3971.28,4245.64,4129.74,4336.92,4633.85,4049.74,4596.92,4189.23,4224.1,4195.38,4260,4589.74,4334.36,0
4276.41,3971.28,4246.15,4128.21,4342.56,4632.82,4047.69,4589.74,4192.31,4218.46,4194.36,4254.87,4585.64,4331.28,0
4282.05,3976.41,4250.26,4128.21,4343.59,4632.82,4051.28,4592.31,4210.26,4224.62,4195.38,4260,4586.67,4336.92,0
4286.15,3973.85,4247.69,4128.21,4337.95,4634.36,4057.95,4602.56,4214.36,4234.87,4196.92,4265.13,4587.69,4337.44,0
4288.72,3971.28,4253.33,4133.33,4340.51,4633.33,4057.44,4608.72,4212.31,4237.95,4202.56,4268.21,4592.31,4340,0
4295.38,3982.05,4264.1,4140,4346.67,4630.77,4055.9,4612.31,4224.1,4240,4210.26,4273.33,4601.54,4350.77,0
4297.95,3987.18,4265.13,4141.03,4344.1,4628.72,4054.36,4615.9,4225.64,4243.59,4211.79,4276.41,4603.08,4354.36,0
4293.33,3981.54,4261.03,4139.49,4340,4626.15,4049.23,4612.82,4211.79,4239.49,4206.67,4271.28,4598.97,4347.69,0
4291.28,3983.59,4262.05,4137.44,4343.08,4626.15,4046.15,4607.18,4208.72,4231.79,4201.03,4265.64,4597.44,4340,0
4291.79,3986.67,4262.05,4135.9,4345.64,4630.77,4049.74,4610.77,4209.23,4225.13,4202.56,4267.18,4594.36,4338.97,0
4292.31,3983.59,4263.08,4136.41,4340,4631.79,4053.85,4612.31,4197.44,4221.54,4204.1,4271.28,4592.31,4345.64,0
4297.44,3986.67,4268.72,4138.46,4338.46,4631.28,4055.38,4606.15,4193.33,4224.1,4199.49,4276.92,4596.41,4352.82,0
4302.05,3991.79,4269.74,4140.51,4343.08,4632.31,4057.95,4607.69,4203.59,4229.23,4194.87,4281.03,4594.87,4349.74,0
4298.97,3990.77,4266.67,4141.03,4343.08,4631.28,4057.44,4612.82,4210.26,4230.26,4194.87,4276.41,4588.21,4343.59,0
4299.49,3994.36,4272.31,4146.15,4344.62,4626.67,4052.82,4613.33,4212.31,4231.79,4199.49,4276.41,4593.85,4354.36,0
4310.26,4004.1,4281.03,4155.9,4348.21,4626.67,4050.77,4613.33,4215.9,4234.87,4208.72,4289.74,4605.64,4366.67,0
4311.79,4003.08,4279.49,4155.38,4345.64,4626.15,4052.31,4616.41,4219.49,4238.46,4212.31,4291.28,4604.62,4362.05,0
4304.62,3996.92,4275.38,4147.69,4341.54,4620.51,4053.33,4619.49,4221.03,4242.05,4207.69,4283.59,4598.46,4355.38,0
4304.62,3997.44,4281.03,4148.72,4343.59,4623.08,4054.87,4622.05,4217.95,4236.92,4205.64,4286.67,4597.44,4355.38,0
4306.15,3995.9,4281.54,4149.23,4345.13,4632.31,4057.95,4622.56,4209.74,4224.62,4203.08,4288.72,4593.85,4350.77,0
4297.95,3989.74,4269.74,4140.51,4340,4631.28,4058.46,4613.85,4202.05,4220,4196.41,4275.9,4587.18,4342.05,0
4289.23,3989.23,4261.03,4136.92,4338.46,4628.21,4058.46,4608.21,4201.03,4223.59,4194.87,4271.28,4586.15,4340,0
4293.85,3993.85,4264.62,4144.62,4345.13,4635.38,4062.05,4618.46,4209.23,4224.62,4199.49,4280.51,4590.77,4344.62,0
4300,3992.82,4271.28,4147.18,4347.69,4633.85,4060,4621.03,4211.79,4223.59,4197.95,4280.51,4588.72,4345.13,0
4297.44,3990.77,4268.72,4141.54,4342.05,4620,4052.82,4608.72,4200,4222.05,4195.38,4273.33,4582.05,4342.05,0
4295.9,3991.28,4268.72,4139.49,4339.49,4615.38,4049.23,4606.15,4202.05,4225.13,4203.08,4276.41,4587.69,4345.13,0
4304.62,3991.28,4276.41,4142.05,4344.62,4618.46,4050.26,4612.31,4218.97,4233.85,4209.74,4283.59,4597.95,4351.79,0
4313.85,3994.87,4274.36,4144.1,4348.72,4620.51,4050.26,4617.44,4222.05,4240,4207.69,4286.67,4599.49,4354.87,0
4313.33,4001.54,4269.74,4142.05,4349.74,4627.69,4053.85,4623.59,4214.87,4235.9,4208.21,4286.67,4596.41,4356.92,0
4308.21,4000.51,4270.77,4138.46,4351.28,4631.79,4062.56,4621.54,4211.79,4231.28,4213.85,4286.15,4597.44,4357.44,0
4302.56,3992.31,4268.72,4138.97,4349.74,4625.64,4063.59,4611.79,4205.64,4229.74,4209.23,4284.1,4593.85,4350.77,0
4300,3988.72,4259.49,4133.85,4344.62,4621.54,4055.38,4610.77,4196.41,4225.13,4197.44,4275.9,4585.64,4343.59,0
4297.44,3985.13,4253.33,4123.08,4340.51,4623.59,4052.82,4611.28,4196.41,4218.97,4194.87,4266.15,4580,4338.97,0
4292.82,3980,4250.77,4119.49,4340,4624.62,4057.44,4609.74,4204.62,4222.05,4199.49,4268.72,4579.49,4341.03,0
4291.79,3983.59,4247.69,4121.54,4341.03,4624.62,4058.46,4615.38,4209.74,4226.67,4200.51,4272.82,4584.62,4347.69,0
4298.46,3994.36,4250.26,4121.54,4346.15,4621.03,4049.74,4615.9,4206.15,4224.62,4204.62,4269.23,4592.82,4349.74,0
4304.62,4000.51,4257.95,4128.21,4348.72,4615.38,4044.1,4605.64,4203.08,4226.15,4208.72,4268.72,4595.9,4351.28,0
4304.62,4000.51,4258.46,4134.36,4345.13,4614.87,4047.69,4603.08,4207.69,4235.9,4204.62,4271.79,4593.33,4349.23,0
4306.15,4001.03,4252.31,4129.74,4347.18,4620.51,4052.82,4610.77,4211.79,4236.92,4206.15,4269.23,4595.9,4345.13,0
4305.13,4001.03,4251.28,4124.1,4352.82,4625.64,4054.87,4612.31,4206.67,4231.79,4211.79,4264.62,4598.97,4344.62,0
4297.95,3998.97,4252.31,4123.59,4350.77,4628.72,4056.92,4609.74,4203.59,4231.28,4208.21,4265.13,4592.82,4346.67,0
4298.46,3998.46,4251.28,4123.08,4348.21,4631.28,4064.62,4620,4218.46,4237.44,4205.64,4268.21,4590.77,4348.72,0
4304.62,4004.1,4257.44,4122.56,4350.77,4634.36,4070.26,4631.28,4229.23,4247.69,4213.85,4270.26,4600.51,4353.85,0
4307.18,4007.69,4262.05,4128.21,4351.28,4633.33,4068.72,4625.64,4218.46,4245.64,4217.95,4272.82,4606.67,4354.87,0
4305.64,4006.15,4260,4132.82,4349.23,4629.74,4065.64,4615.38,4208.21,4232.31,4212.31,4274.36,4600.51,4349.74,0
4303.08,4003.08,4262.56,4127.69,4347.69,4632.31,4064.62,4615.9,4207.69,4224.1,4205.64,4270.26,4591.28,4351.28,0
4301.03,4001.54,4263.59,4126.15,4345.13,4632.31,4063.08,4616.41,4204.1,4224.1,4203.08,4266.67,4589.23,4351.79,0
4304.62,4005.64,4262.56,4133.33,4347.18,4630.26,4062.05,4613.85,4211.79,4234.36,4208.72,4272.82,4599.49,4351.79,0
4313.33,4016.41,4269.23,4138.97,4356.92,4632.82,4064.1,4615.9,4222.56,4248.72,4219.49,4283.08,4614.87,4366.67,0
4321.03,4023.59,4280.51,4144.1,4360,4633.33,4066.67,4617.44,4218.97,4254.36,4224.62,4289.74,4622.05,4374.87,0
4322.56,4023.08,4284.1,4147.69,4353.33,4630.77,4069.23,4617.95,4215.38,4248.21,4224.1,4290.77,4619.49,4361.54,0
4317.44,4017.95,4272.82,4142.05,4350.77,4630.77,4071.79,4617.44,4213.85,4244.1,4220,4284.62,4611.79,4356.41,0
4307.18,4012.82,4262.56,4134.36,4352.82,4632.82,4071.79,4619.49,4213.85,4243.08,4212.82,4278.97,4605.13,4362.05,0
4302.05,4008.21,4263.59,4137.95,4349.23,4632.31,4073.85,4625.13,4218.46,4240.51,4209.74,4279.49,4603.08,4355.9,0
4303.08,4003.59,4267.18,4137.44,4347.18,4631.28,4075.38,4627.18,4215.9,4235.9,4212.31,4280,4600,4346.15,0
4299.49,3998.97,4264.62,4126.15,4346.15,4630.77,4069.23,4622.56,4204.62,4231.79,4206.67,4272.82,4592.82,4342.05,0
4294.36,3997.95,4260.51,4121.54,4344.1,4630.26,4058.46,4619.49,4206.15,4233.33,4201.03,4268.72,4589.74,4344.1,0
4300.51,4003.08,4262.56,4132.31,4348.72,4630.77,4055.9,4623.08,4216.92,4237.44,4207.69,4272.31,4596.92,4355.38,0
4308.21,4011.28,4265.64,4142.05,4353.33,4631.79,4055.38,4625.13,4221.03,4238.46,4210.77,4272.31,4605.64,4361.54,0
4307.18,4011.28,4265.64,4136.92,4348.21,4631.79,4052.31,4626.67,4218.97,4238.97,4206.67,4270.26,4606.15,4356.41,0
4310.26,4006.15,4269.74,4134.36,4349.23,4630.77,4058.46,4629.23,4217.95,4245.64,4212.31,4277.44,4605.64,4361.54,0
4315.38,4011.28,4273.85,4137.44,4355.38,4633.33,4068.21,4632.82,4227.69,4254.36,4221.03,4284.1,4611.28,4371.28,0
4309.74,4011.79,4267.18,4131.28,4350.26,4637.44,4071.28,4633.85,4229.74,4249.74,4214.87,4278.46,4608.72,4356.92,0
4300,3999.49,4258.97,4121.54,4344.1,4634.87,4071.79,4622.56,4208.21,4232.82,4206.15,4270.26,4595.9,4337.44,0
4295.38,3995.38,4260.51,4120.51,4346.67,4631.28,4073.33,4612.82,4198.46,4222.05,4203.59,4269.23,4591.79,4341.03,0
4295.9,4001.03,4260.51,4122.05,4345.13,4631.28,4072.82,4616.92,4210.26,4228.72,4201.54,4269.23,4595.9,4352.31,0
4299.49,4002.05,4258.97,4123.59,4341.54,4627.18,4066.67,4616.41,4212.31,4236.41,4202.56,4268.21,4597.44,4351.28,0
4300.51,3998.97,4261.54,4128.72,4344.62,4625.13,4062.05,4611.79,4205.13,4230.77,4204.1,4268.72,4595.38,4347.69,0
4297.44,3998.46,4262.56,4127.69,4348.72,4630.26,4062.05,4620,4208.21,4229.23,4203.08,4268.72,4595.38,4352.82,0
4300.51,4002.56,4262.56,4128.21,4348.72,4633.85,4063.08,4624.62,4212.82,4234.36,4208.72,4272.82,4597.44,4360,0
4306.67,4006.67,4264.62,4132.31,4346.67,4628.21,4060.51,4616.92,4208.72,4234.36,4214.87,4281.03,4597.95,4360.51,0
4304.1,4008.72,4266.15,4132.31,4347.69,4624.62,4058.46,4612.82,4203.08,4232.31,4209.74,4282.56,4595.9,4354.87,0
4303.08,4008.72,4266.15,4133.33,4352.31,4629.74,4064.1,4620,4209.23,4234.87,4203.59,4277.95,4594.87,4349.23,0
4306.15,4008.21,4265.64,4132.31,4351.28,4633.33,4067.18,4626.15,4217.95,4237.44,4204.62,4274.87,4593.33,4353.33,0
4304.1,4005.13,4263.59,4123.08,4343.59,4630.77,4063.59,4621.03,4212.82,4235.9,4206.15,4272.82,4591.28,4356.41,0
4297.95,4005.64,4261.54,4123.59,4343.59,4624.1,4062.56,4613.33,4206.67,4235.9,4205.13,4270.26,4591.79,4353.33,0
4299.49,4012.31,4265.13,4136.41,4349.74,4619.49,4061.03,4613.33,4208.72,4237.44,4207.69,4274.87,4596.92,4356.41,0
4306.15,4013.85,4269.23,4140.51,4349.74,4621.03,4056.92,4611.79,4204.1,4233.33,4210.26,4277.95,4598.97,4361.03,0
4303.59,4009.23,4265.13,4132.82,4347.18,4625.13,4059.49,4611.28,4201.03,4231.79,4206.67,4269.74,4597.44,4354.87,0
4299.49,4008.72,4264.1,4129.23,4346.67,4625.64,4065.64,4618.97,4209.74,4233.85,4207.69,4269.74,4601.03,4351.28,0
4303.08,4010.77,4271.79,4134.36,4347.18,4625.64,4063.59,4620.51,4211.28,4231.79,4213.33,4277.95,4608.21,4357.95,0
4304.62,4008.72,4272.31,4134.87,4346.15,4629.23,4060,4617.95,4203.59,4231.79,4214.36,4276.41,4608.72,4359.49,0
4301.03,4009.23,4265.13,4131.28,4345.64,4628.21,4061.03,4621.54,4205.13,4235.38,4209.74,4270.77,4601.54,4351.79,0
4301.54,4016.92,4264.62,4135.9,4346.15,4621.03,4060.51,4618.97,4210.77,4230.26,4205.64,4270.77,4594.36,4347.69,0
4300,4018.97,4266.67,4139.49,4348.72,4620.51,4055.9,4612.31,4205.64,4224.1,4204.1,4271.28,4590.26,4349.23,0
4299.49,4014.36,4262.05,4134.36,4347.18,4622.05,4049.74,4610.77,4194.36,4226.15,4203.59,4272.82,4588.72,4351.28,0
4311.28,4017.95,4264.1,4137.44,4346.15,4618.97,4048.21,4609.74,4194.36,4225.64,4207.69,4275.9,4594.87,4355.38,0
4315.38,4021.03,4276.92,4142.56,4348.72,4620,4055.38,4611.79,4198.97,4225.13,4209.23,4274.36,4600,4358.46,0
4307.18,4013.85,4278.97,4136.92,4346.67,4625.64,4064.1,4615.9,4201.54,4230.26,4205.13,4272.31,4594.87,4355.38,0
4307.18,4009.74,4268.21,4136.41,4346.67,4627.18,4064.62,4616.92,4207.69,4234.87,4206.67,4274.87,4593.33,4353.33,0
4310.26,4013.85,4267.69,4141.54,4350.26,4625.64,4063.59,4618.97,4215.38,4240.51,4217.44,4282.56,4603.59,4359.49,0
4307.18,4014.87,4276.41,4142.05,4349.74,4629.74,4067.69,4625.64,4223.08,4247.18,4225.13,4289.74,4610.77,4364.62,0
4304.62,4014.87,4277.44,4141.03,4349.74,4632.82,4074.36,4629.74,4223.59,4247.18,4220,4284.1,4605.13,4360,0
4301.03,4015.9,4268.72,4141.54,4350.26,4630.77,4076.41,4622.05,4210.26,4236.41,4209.23,4271.28,4593.33,4349.74,0
4295.9,4010.77,4263.08,4139.49,4348.72,4632.82,4072.82,4614.87,4203.59,4230.26,4202.05,4268.21,4586.67,4346.67,0
4298.97,4006.67,4268.72,4140.51,4351.28,4636.92,4071.28,4621.54,4219.49,4236.92,4206.67,4271.79,4588.21,4351.28,0
4303.08,4008.72,4273.33,4143.59,4354.87,4636.92,4075.38,4634.36,4229.74,4243.08,4213.33,4273.85,4593.85,4353.33,0
4297.95,4009.74,4268.21,4141.54,4352.31,4634.87,4076.92,4635.9,4225.13,4238.46,4209.23,4269.23,4593.85,4350.26,0
4296.92,4011.28,4264.1,4138.97,4348.21,4632.82,4071.79,4628.21,4218.97,4233.33,4203.59,4264.62,4593.33,4350.26,0
4303.08,4015.9,4269.23,4145.64,4347.18,4630.77,4067.18,4621.54,4209.23,4235.38,4210.26,4268.72,4599.49,4357.44,0
4307.69,4017.44,4273.33,4151.28,4349.23,4629.74,4068.21,4617.95,4204.1,4233.33,4217.95,4278.46,4605.13,4365.64,0
4307.18,4013.33,4271.79,4146.15,4349.23,4627.18,4069.23,4617.44,4210.26,4231.28,4213.33,4278.46,4603.08,4363.59,0
4298.46,4007.18,4266.67,4137.44,4344.1,4624.62,4067.69,4619.49,4213.33,4234.87,4206.67,4270.26,4594.87,4353.33,0
4295.38,4003.59,4267.18,4140,4342.56,4628.21,4068.72,4624.62,4211.79,4229.23,4204.62,4268.21,4589.23,4353.33,0
4308.72,4011.79,4277.44,4151.28,4352.31,4632.31,4067.18,4623.59,4211.28,4225.13,4204.1,4273.85,4591.79,4365.64,0
4322.05,4023.59,4282.56,4155.38,4356.92,4630.26,4062.05,4617.95,4210.26,4235.38,4209.74,4281.03,4601.54,4372.82,0
4317.95,4023.08,4281.54,4152.82,4350.26,4630.26,4067.69,4618.97,4215.9,4236.92,4213.33,4281.03,4604.1,4367.69,0
4310.26,4016.92,4278.46,4152.82,4347.18,4634.87,4075.9,4623.59,4219.49,4227.18,4210.77,4275.9,4598.97,4358.46,0
4312.31,4021.54,4275.9,4155.38,4350.77,4632.82,4073.33,4624.62,4213.85,4232.82,4211.28,4277.44,4601.03,4359.49,0
4313.85,4025.13,4277.44,4154.36,4352.31,4630.77,4069.74,4624.62,4212.31,4240,4210.77,4279.49,4601.03,4362.05,0
4306.15,4020,4271.28,4152.31,4354.36,4641.54,4071.79,4621.54,4216.41,4231.79,4205.13,4270.77,4591.28,4357.44,0
4302.56,4020.51,4261.54,4150.77,4356.92,4642.56,4069.23,4615.38,4212.31,4226.15,4205.64,4263.08,4592.31,4353.85,0
4312.31,4026.15,4267.69,4153.85,4355.38,4633.33,4066.15,4615.9,4206.15,4232.82,4211.79,4268.72,4603.08,4357.95,0
4322.56,4028.21,4282.05,4163.59,4354.36,4635.38,4066.67,4621.03,4210.77,4238.97,4216.92,4279.49,4607.18,4365.64,0
4321.54,4029.74,4287.69,4165.13,4353.85,4641.03,4066.15,4621.54,4214.36,4236.92,4220,4286.15,4607.18,4370.77,0
4317.95,4028.72,4288.21,4156.92,4351.79,4638.97,4065.13,4624.62,4216.92,4237.44,4219.49,4287.69,4606.67,4367.69,0
4316.41,4025.64,4287.69,4153.85,4352.31,4639.49,4068.72,4632.31,4224.62,4244.62,4221.03,4285.64,4606.15,4364.1,0
4316.92,4023.59,4283.59,4156.92,4351.79,4640,4070.77,4630.26,4223.08,4245.64,4225.64,4286.15,4609.74,4366.67,0
4312.31,4015.9,4280.51,4151.28,4344.1,4635.9,4070.26,4626.67,4215.9,4238.97,4220.51,4283.08,4606.15,4361.03,0
4302.05,4007.18,4277.44,4142.56,4342.56,4635.38,4071.79,4625.13,4213.85,4234.36,4211.28,4274.36,4598.46,4350.77,0
4301.54,4010.26,4274.36,4142.56,4349.74,4635.9,4074.87,4615.9,4205.13,4229.23,4210.77,4272.31,4598.46,4351.79,0
4306.67,4010.77,4270.77,4142.56,4350.77,4631.79,4073.33,4609.23,4194.36,4226.67,4214.36,4274.87,4598.97,4353.85,0
4303.59,4005.64,4266.15,4137.95,4344.1,4627.18,4063.59,4609.23,4198.46,4233.85,4216.92,4271.79,4595.9,4351.79,0
4303.08,4007.69,4263.08,4136.41,4344.1,4628.21,4059.49,4608.21,4205.64,4236.92,4216.92,4267.69,4597.44,4351.28,0
4307.18,4011.79,4261.54,4136.41,4348.21,4633.33,4068.72,4613.85,4204.1,4230.77,4213.85,4269.23,4596.92,4348.21,0
4303.59,4007.69,4262.56,4129.23,4346.67,4634.36,4075.9,4623.08,4207.69,4229.23,4211.79,4265.64,4590.77,4345.64,0
4297.95,4004.1,4261.03,4122.56,4343.08,4633.33,4075.38,4622.05,4212.31,4227.69,4210.77,4259.49,4586.15,4346.15,0
4300.51,4006.15,4253.33,4122.56,4346.15,4636.92,4076.41,4617.44,4206.15,4225.64,4208.72,4261.03,4588.21,4344.62,0
4304.62,4010.77,4250.77,4124.1,4348.72,4638.97,4078.46,4616.41,4204.1,4229.74,4208.72,4266.67,4593.33,4347.18,0
4306.15,4012.82,4256.41,4126.15,4348.21,4634.36,4074.36,4616.41,4210.77,4235.9,4212.31,4270.26,4595.38,4354.87,0
4306.15,4010.26,4260.51,4126.67,4347.18,4631.28,4069.74,4620.51,4209.74,4234.87,4212.82,4268.72,4592.31,4352.82,0
4306.67,4012.82,4260.51,4130.26,4349.23,4633.85,4069.74,4618.46,4202.56,4230.26,4209.23,4264.1,4590.26,4345.64,0
4311.79,4019.49,4261.54,4135.9,4353.85,4636.41,4071.28,4610.77,4202.05,4227.18,4207.69,4266.67,4592.82,4353.33,0
4313.85,4020,4267.18,4136.92,4355.9,4635.38,4070.77,4611.28,4202.05,4227.18,4211.28,4275.9,4598.46,4366.67,0
4314.36,4015.9,4274.36,4135.9,4352.31,4631.79,4070.26,4612.31,4198.97,4228.21,4212.82,4281.03,4598.97,4365.13,0
4314.87,4014.36,4272.31,4134.87,4348.72,4634.87,4069.23,4609.74,4197.95,4228.72,4211.79,4273.85,4593.85,4353.85,0
4309.23,4012.82,4264.1,4129.23,4347.18,4640,4068.72,4616.92,4207.69,4231.28,4212.31,4268.21,4594.36,4348.72,0
4306.67,4014.36,4265.64,4124.1,4347.69,4637.95,4072.82,4625.64,4219.49,4239.49,4216.92,4276.92,4603.59,4358.46,0
4310.77,4019.49,4269.23,4130.26,4352.82,4636.41,4072.31,4617.44,4207.69,4239.49,4218.97,4280.51,4607.18,4362.56,0
4310.26,4018.97,4265.64,4134.36,4354.36,4639.49,4067.18,4608.21,4192.82,4232.82,4213.33,4269.23,4600.51,4351.79,0
4303.08,4013.33,4261.54,4126.67,4346.67,4636.92,4064.1,4612.82,4202.05,4232.31,4206.67,4263.08,4595.38,4345.64,0
4296.41,4007.18,4261.54,4121.03,4344.1,4632.82,4068.21,4614.87,4208.21,4230.77,4197.95,4263.08,4583.59,4341.03,0
4289.74,3998.97,4260.51,4122.05,4348.72,4637.44,4072.82,4614.36,4200.51,4227.69,4194.36,4261.54,4574.87,4338.97,0
4291.79,3995.38,4260.51,4120.51,4348.72,4644.1,4075.38,4625.64,4210.77,4237.95,4207.69,4269.23,4590.77,4353.85,0
4302.05,3997.95,4264.62,4120,4344.62,4645.13,4078.46,4634.87,4223.08,4253.33,4223.08,4282.05,4612.82,4368.72,0
4308.72,4000.51,4266.15,4125.13,4346.15,4641.03,4079.49,4628.21,4214.87,4255.38,4225.13,4281.54,4618.46,4369.74,0
4308.72,4002.05,4265.13,4125.64,4346.15,4636.92,4073.33,4619.49,4208.72,4246.15,4224.62,4274.87,4617.95,4369.23,0
4306.67,4000,4265.13,4121.54,4344.1,4636.92,4064.62,4622.56,4215.38,4244.62,4223.59,4276.92,4618.97,4370.77,0
4308.21,3998.46,4264.1,4124.1,4345.13,4635.38,4062.56,4625.64,4218.97,4250.77,4223.08,4280,4617.44,4369.23,0
4308.72,4000,4263.08,4126.67,4343.08,4629.74,4061.54,4616.41,4206.67,4249.23,4225.13,4277.95,4616.92,4366.67,0
4307.69,3997.44,4265.64,4124.62,4340.51,4629.74,4060,4608.21,4198.97,4240,4224.1,4276.92,4614.36,4366.67,0
4307.18,3995.9,4266.67,4122.05,4341.03,4635.9,4062.05,4615.38,4209.23,4241.54,4222.05,4281.03,4611.79,4368.72,0
4308.21,3997.95,4263.08,4122.56,4342.56,4638.46,4065.13,4626.15,4220,4249.74,4222.56,4283.59,4616.41,4369.23,0
4309.74,3997.44,4262.56,4122.05,4344.62,4635.9,4068.21,4629.23,4218.97,4251.28,4224.1,4289.74,4620,4368.21,0
4311.79,3995.38,4266.15,4121.03,4345.13,4632.31,4069.23,4626.67,4210.77,4250.26,4224.1,4294.87,4618.97,4372.82,0
4308.21,3995.9,4265.13,4122.05,4345.13,4634.87,4066.15,4620.51,4205.64,4247.18,4222.05,4289.74,4617.44,4375.9,0
4299.49,3992.31,4253.85,4121.54,4346.67,4638.97,4063.59,4618.97,4206.15,4242.56,4216.92,4284.1,4615.9,4368.21,0
4296.92,3989.23,4246.67,4119.49,4345.13,4636.92,4066.67,4627.18,4217.44,4245.13,4215.38,4284.1,4612.31,4363.08,0
4297.95,3990.77,4254.87,4119.49,4342.56,4632.82,4067.69,4631.28,4223.59,4248.21,4219.49,4284.62,4609.74,4365.64,0
4301.03,3988.72,4265.13,4120.51,4345.64,4633.85,4064.1,4625.13,4212.82,4246.67,4224.1,4284.62,4612.82,4368.21,0
4305.64,3989.23,4265.64,4121.03,4349.74,4637.44,4061.54,4625.13,4204.1,4249.74,4225.13,4287.18,4619.49,4364.62,0
4304.62,3993.85,4264.1,4122.56,4346.67,4635.9,4059.49,4627.18,4206.15,4250.26,4224.1,4288.21,4620.51,4362.56,0
4303.08,3997.44,4263.59,4124.1,4344.1,4630.77,4057.95,4618.46,4202.56,4243.59,4224.62,4284.62,4617.44,4371.28,0
4308.72,4000.51,4266.15,4126.15,4345.13,4631.79,4058.97,4615.9,4205.64,4247.18,4228.72,4286.15,4617.95,4380,0
4312.31,4001.54,4274.87,4129.23,4346.15,4636.41,4062.56,4628.72,4221.03,4260,4230.26,4293.33,4621.54,4375.38,0
4309.74,3996.92,4275.38,4127.18,4344.1,4634.87,4062.56,4635.38,4220.51,4259.49,4227.18,4294.36,4621.54,4369.74,0
4307.18,3992.31,4269.74,4122.05,4344.1,4633.33,4060,4630.26,4212.31,4249.23,4228.21,4289.74,4618.97,4371.79,0
4310.77,3998.46,4271.79,4127.69,4348.21,4638.97,4061.54,4632.82,4220.51,4248.72,4228.72,4288.72,4617.44,4374.36,0
4312.82,4004.62,4269.74,4135.9,4348.21,4641.54,4063.59,4636.41,4221.03,4251.28,4223.08,4287.18,4618.97,4371.28,0
4310.26,4003.59,4267.18,4130.26,4345.64,4636.41,4060.51,4626.67,4206.15,4247.18,4219.49,4282.05,4616.41,4365.13,0
4310.26,4000.51,4274.87,4122.56,4345.64,4633.85,4061.54,4619.49,4201.54,4245.13,4221.54,4284.62,4613.85,4366.67,0
4311.79,3996.92,4275.9,4123.59,4345.13,4634.87,4068.21,4623.08,4207.69,4248.72,4223.59,4290.77,4615.9,4367.69,0
4307.69,3996.92,4267.69,4122.56,4345.64,4634.36,4068.72,4625.13,4211.28,4249.74,4224.1,4286.67,4618.46,4362.56,0
4306.67,4004.1,4270.26,4124.1,4349.23,4633.85,4066.67,4626.15,4218.97,4253.33,4225.13,4282.56,4619.49,4366.15,0
4317.44,4011.79,4277.44,4135.38,4351.28,4635.9,4070.26,4632.31,4225.13,4261.03,4228.21,4289.74,4625.13,4380.51,0
4322.56,4007.18,4278.97,4138.46,4349.23,4640,4074.87,4634.36,4214.87,4261.03,4230.77,4298.46,4629.23,4384.62,0
4315.38,3996.92,4280,4130.26,4347.69,4637.44,4073.33,4629.23,4202.56,4249.23,4226.67,4297.44,4624.1,4378.97,0
4310.26,3995.9,4278.46,4130.77,4346.67,4630.26,4070.26,4627.18,4208.21,4243.08,4221.54,4295.38,4618.97,4376.92,0
4312.31,3998.97,4278.46,4133.85,4345.13,4629.74,4070.26,4630.26,4215.9,4247.69,4223.59,4297.44,4619.49,4376.92,0
4318.46,4000,4280.51,4130.77,4350.26,4636.92,4070.77,4635.38,4219.49,4253.33,4227.69,4297.95,4624.62,4378.46,0
4319.49,4001.03,4280,4133.33,4355.9,4639.49,4070.77,4638.46,4226.67,4253.33,4228.21,4297.44,4626.67,4380,0
4316.41,4004.1,4281.03,4138.46,4353.85,4632.31,4064.1,4630.77,4221.54,4249.74,4225.64,4297.95,4622.56,4380,0
4319.49,4006.15,4282.56,4138.46,4349.74,4629.23,4056.92,4622.56,4211.79,4250.26,4224.1,4300,4620.51,4376.92,0
4318.97,4001.03,4281.54,4137.44,4348.21,4633.85,4058.46,4625.64,4213.85,4251.79,4225.64,4299.49,4621.03,4373.33,0
4310.77,3995.38,4276.92,4137.95,4349.23,4633.33,4062.05,4624.62,4206.67,4249.23,4223.59,4291.28,4619.49,4368.72,0
4308.72,3999.49,4276.92,4136.41,4351.79,4629.74,4061.54,4617.44,4194.87,4246.15,4219.49,4287.69,4615.9,4368.21,0
4314.87,4003.08,4281.03,4136.92,4350.77,4627.18,4058.97,4615.9,4201.03,4242.56,4220.51,4294.36,4618.97,4375.9,0
4315.38,3995.38,4281.03,4139.49,4344.62,4624.62,4060.51,4617.95,4203.08,4237.95,4218.46,4295.9,4618.46,4374.87,0
4308.21,3988.21,4276.92,4136.41,4341.54,4626.15,4066.67,4617.44,4196.41,4233.85,4209.23,4287.69,4606.67,4359.49,0
4301.54,3988.72,4276.92,4130.77,4341.54,4631.79,4071.79,4621.03,4203.08,4233.33,4204.1,4283.59,4595.9,4354.36,0
4303.08,3988.72,4277.44,4132.31,4343.08,4632.82,4071.79,4626.67,4215.38,4238.97,4208.72,4287.69,4600,4364.1,0
4308.72,3989.23,4276.41,4135.9,4346.15,4630.77,4072.31,4628.72,4218.46,4245.64,4216.41,4293.33,4610.77,4369.23,0
4314.36,3996.41,4285.13,4138.46,4347.69,4630.77,4071.79,4628.72,4215.9,4252.82,4221.54,4296.41,4619.49,4374.36,0
4320,4007.69,4295.9,4145.64,4352.82,4629.23,4065.13,4627.18,4214.36,4259.49,4227.69,4299.49,4629.23,4382.56,0
4321.03,4010.77,4289.23,4153.85,4359.49,4631.28,4063.59,4625.13,4215.38,4257.44,4226.15,4300,4627.69,4376.92,0
4313.33,4004.62,4276.92,4148.21,4354.87,4636.41,4068.72,4624.1,4212.31,4246.67,4214.87,4293.33,4614.87,4364.1,0
4304.62,4001.54,4274.87,4137.44,4352.82,4641.03,4070.77,4627.18,4210.26,4244.62,4211.79,4284.1,4612.82,4364.62,0
4306.67,4006.67,4281.54,4143.08,4361.54,4644.62,4070.77,4635.38,4220.51,4256.41,4221.54,4290.26,4621.03,4369.74,0
4311.79,4010.77,4279.49,4151.79,4360,4640.51,4070.77,4637.95,4227.18,4262.05,4226.67,4299.49,4623.08,4368.72,0
4309.23,4007.69,4267.69,4144.1,4348.72,4633.33,4068.72,4632.31,4221.03,4254.36,4218.46,4290.77,4618.97,4367.18,0
4305.13,4004.1,4267.18,4138.97,4347.69,4633.85,4066.15,4629.74,4217.44,4250.26,4215.9,4283.59,4618.97,4371.28,0
4316.41,4009.23,4281.03,4151.79,4355.9,4635.38,4067.18,4632.82,4216.41,4259.49,4229.23,4295.9,4628.72,4383.59,0
4329.74,4018.46,4291.79,4159.49,4358.46,4631.28,4069.74,4631.79,4215.9,4263.08,4238.97,4308.21,4633.85,4387.18,0
4324.62,4018.97,4291.28,4153.33,4354.87,4630.26,4071.28,4630.77,4212.82,4251.28,4229.74,4304.1,4625.64,4378.46,0
4316.41,4011.79,4286.15,4151.79,4352.82,4633.85,4069.74,4631.28,4208.72,4246.67,4221.54,4298.97,4619.49,4375.38,0
4314.36,4005.64,4282.05,4152.31,4351.28,4637.44,4069.74,4629.74,4209.23,4249.74,4224.62,4298.46,4621.54,4374.87,0
4313.33,4002.05,4283.59,4150.77,4350.26,4640.51,4071.79,4628.21,4208.21,4241.54,4222.05,4294.87,4617.44,4369.23,0
4313.85,4004.1,4289.74,4150.77,4354.87,4642.05,4072.31,4626.67,4206.67,4236.92,4217.95,4294.87,4615.9,4373.33,0
4321.03,4012.31,4296.41,4152.82,4364.1,4641.03,4072.31,4625.64,4209.74,4246.67,4227.18,4304.62,4624.62,4385.64,0
4322.05,4013.33,4296.41,4155.38,4365.13,4641.03,4069.74,4624.1,4210.26,4253.85,4236.92,4306.67,4628.21,4385.13,0
4311.79,4005.64,4287.69,4155.38,4362.05,4643.59,4066.67,4622.05,4205.13,4250.77,4232.31,4294.87,4625.13,4376.41,0
4306.15,4001.54,4281.54,4147.69,4361.03,4640,4066.15,4625.13,4213.85,4250.26,4225.13,4289.74,4625.64,4371.79,0
4309.74,4003.08,4280.51,4141.54,4361.03,4633.85,4067.69,4631.79,4229.74,4255.9,4228.21,4295.38,4629.23,4370.26,0
4311.79,4006.67,4278.97,4146.15,4366.67,4641.03,4074.87,4637.95,4230.26,4262.56,4235.9,4300.51,4634.87,4376.92,0
4313.85,4011.28,4279.49,4152.82,4373.85,4652.31,4080,4637.95,4223.59,4261.54,4239.49,4301.03,4636.92,4382.05,0
4320.51,4011.79,4281.03,4152.82,4371.28,4650.26,4082.56,4633.33,4215.9,4254.36,4234.36,4302.05,4632.82,4375.38,0
4318.46,4007.18,4279.49,4146.67,4365.13,4644.1,4085.13,4628.21,4206.15,4250.77,4228.21,4303.08,4627.69,4373.33,0
4310.77,4006.67,4279.49,4138.97,4364.62,4645.64,4088.21,4627.69,4205.13,4249.74,4230.77,4302.56,4625.13,4381.54,0
4315.9,4009.23,4278.97,4135.9,4367.18,4646.67,4088.72,4632.82,4212.82,4249.23,4235.9,4303.08,4622.05,4379.49,0
4322.05,4010.77,4280.51,4137.95,4366.67,4646.15,4086.15,4638.46,4220,4253.33,4234.87,4303.59,4622.05,4373.33,0
4320,4010.77,4281.54,4135.38,4364.1,4651.28,4085.13,4643.08,4227.69,4257.95,4231.79,4300.51,4622.05,4377.44,0
4318.46,4007.18,4275.38,4132.31,4360,4650.77,4079.49,4640,4228.72,4260,4230.26,4294.36,4621.03,4379.49,0
4320.51,4006.67,4273.85,4135.38,4360.51,4645.13,4075.9,4635.38,4221.03,4256.41,4231.79,4298.46,4628.72,4382.56,0
4324.62,4011.79,4278.97,4137.44,4366.67,4646.67,4080.51,4635.38,4218.97,4254.87,4240,4310.77,4637.95,4394.36,0
4333.33,4014.87,4282.05,4137.95,4366.67,4647.18,4081.54,4636.92,4221.03,4260.51,4246.67,4314.36,4640,4397.95,0
4332.82,4014.36,4281.03,4136.41,4361.03,4637.95,4072.31,4633.85,4218.46,4257.44,4238.97,4300.51,4636.92,4381.03,0
4315.38,4012.31,4272.31,4134.36,4363.08,4639.49,4069.74,4632.31,4216.41,4245.64,4227.18,4287.69,4625.64,4364.62,0
4307.69,4008.72,4261.54,4134.87,4366.15,4651.79,4080,4641.54,4223.08,4246.15,4227.18,4291.28,4618.46,4365.64,0
4315.9,4007.18,4267.18,4135.9,4363.08,4649.74,4083.59,4644.1,4225.13,4257.44,4237.44,4297.95,4627.18,4373.33,0
4322.56,4011.79,4282.05,4137.44,4363.59,4644.62,4083.08,4632.82,4218.97,4264.1,4243.59,4301.03,4637.44,4381.54,0
4322.56,4016.92,4287.18,4138.97,4368.21,4648.72,4087.18,4631.28,4222.05,4264.62,4241.03,4305.13,4635.9,4384.1,0
4327.18,4020.51,4290.26,4139.49,4369.74,4649.74,4087.69,4642.56,4227.18,4262.56,4240,4308.21,4636.92,4384.1,0
4332.31,4025.64,4290.77,4141.03,4366.15,4647.69,4084.62,4643.08,4222.56,4263.08,4248.21,4311.28,4641.03,4392.31,0
4327.69,4021.03,4282.56,4138.97,4361.03,4647.69,4082.05,4638.97,4224.62,4262.05,4252.82,4312.82,4638.46,4395.38,0
4318.97,4007.69,4278.46,4126.67,4356.41,4644.62,4080,4643.59,4229.74,4258.46,4240.51,4307.18,4632.31,4385.13,0
4314.36,4003.08,4281.54,4118.97,4356.92,4644.62,4075.38,4643.08,4222.56,4260,4232.82,4302.56,4629.23,4379.49,0
4316.92,4010.26,4281.54,4127.69,4361.03,4649.74,4075.9,4638.46,4218.46,4263.08,4239.49,4304.62,4630.26,4380.51,0
4319.49,4014.87,4278.97,4136.92,4365.13,4651.28,4082.56,4641.03,4226.67,4264.62,4242.05,4304.62,4633.33,4380.51,0
4322.56,4019.49,4283.08,4138.46,4367.69,4651.28,4082.05,4644.1,4230.77,4270.26,4243.08,4306.67,4638.46,4388.21,0
4327.18,4021.54,4284.1,4137.44,4369.23,4654.36,4080.51,4643.08,4227.69,4272.31,4248.21,4316.41,4644.1,4394.87,0
4326.67,4017.44,4283.59,4135.9,4369.23,4657.95,4086.67,4641.03,4220,4264.62,4246.15,4316.41,4640.51,4389.23,0
4323.08,4017.95,4287.69,4136.41,4367.69,4656.92,4088.72,4640,4220,4261.54,4243.08,4307.69,4633.33,4388.21,0
4324.1,4022.05,4287.18,4135.9,4367.69,4652.31,4081.54,4640.51,4232.31,4268.21,4244.62,4307.69,4636.41,4390.77,0
4323.08,4016.92,4281.03,4132.82,4365.13,4652.82,4082.05,4644.1,4236.41,4272.82,4244.1,4311.28,4638.97,4383.08,0
4319.49,4011.79,4276.92,4131.79,4360.51,4654.36,4087.69,4647.18,4231.28,4269.23,4242.05,4310.77,4632.82,4385.13,0
4323.08,4016.92,4280.51,4134.87,4363.59,4650.77,4084.1,4643.08,4229.23,4267.18,4247.18,4313.33,4638.97,4396.92,0
4328.21,4020.51,4287.18,4137.95,4366.67,4646.15,4080.51,4637.95,4228.21,4268.72,4248.72,4314.87,4648.21,4393.85,0
4327.69,4020.51,4287.69,4138.97,4364.1,4645.64,4083.08,4641.54,4228.72,4268.21,4242.56,4309.74,4640,4386.15,0
4328.72,4021.54,4289.23,4138.46,4367.69,4649.74,4083.59,4643.08,4225.13,4265.13,4240.51,4309.74,4636.41,4391.79,0
4330.26,4020,4291.79,4136.92,4371.79,4652.82,4083.08,4633.85,4213.85,4261.03,4243.59,4313.33,4641.03,4394.87,0
4324.1,4015.38,4286.15,4135.9,4363.08,4650.77,4084.62,4627.69,4209.23,4251.28,4239.49,4306.67,4634.36,4384.1,0
4321.03,4016.41,4280.51,4134.36,4359.49,4648.21,4084.62,4630.77,4218.46,4245.64,4235.38,4300,4629.23,4381.54,0
4328.21,4025.13,4289.23,4137.44,4374.36,4652.82,4084.62,4635.9,4229.23,4261.54,4246.67,4304.62,4641.54,4392.31,0
4338.46,4035.38,4298.97,4151.28,4386.67,4662.56,4092.31,4644.1,4240.51,4284.62,4260.51,4317.44,4653.33,4403.59,0
4346.67,4046.67,4305.13,4162.56,4391.79,4672.82,4102.56,4657.44,4253.33,4294.87,4268.21,4327.18,4659.49,4410.77,0
4358.46,4057.95,4318.46,4169.74,4405.13,4686.15,4111.28,4668.21,4263.08,4298.46,4277.95,4330.77,4670.77,4423.08,0
4370.77,4070.77,4328.72,4186.67,4421.54,4704.1,4125.13,4681.54,4276.41,4312.31,4288.21,4338.97,4684.62,4436.92,0
4381.03,4083.08,4335.38,4201.54,4430.77,4720,4142.05,4701.54,4295.38,4329.74,4294.87,4355.9,4693.85,4445.64,0
4393.85,4088.21,4351.28,4206.67,4436.41,4726.15,4150.77,4712.82,4304.62,4340,4308.21,4373.33,4703.08,4456.92,0
4405.13,4091.79,4365.64,4213.33,4441.03,4728.72,4152.82,4709.74,4296.41,4342.05,4316.92,4381.54,4708.72,4460.51,0
4407.18,4101.03,4369.74,4220.51,4446.15,4734.87,4155.38,4702.56,4284.1,4333.85,4308.21,4381.54,4701.03,4455.9,0
4405.64,4105.13,4369.23,4225.64,4452.31,4735.38,4156.92,4699.49,4284.62,4328.72,4302.56,4377.95,4696.92,4461.03,0
4407.18,4105.64,4371.28,4228.72,4454.36,4732.31,4155.9,4699.49,4292.82,4334.36,4311.28,4377.95,4707.18,4468.21,0
4408.72,4110.26,4370.77,4229.23,4451.79,4731.79,4154.87,4702.56,4295.9,4342.05,4315.9,4380.51,4712.82,4464.62,0
4408.72,4108.21,4372.82,4229.74,4452.82,4737.44,4158.97,4707.69,4293.33,4341.03,4310.77,4380.51,4706.15,4462.05,0
4411.79,4106.15,4380.51,4232.82,4458.46,4747.18,4167.18,4708.72,4295.38,4336.41,4310.26,4381.54,4705.13,4467.69,0
4417.95,4116.41,4383.08,4234.87,4459.49,4750.26,4171.28,4711.79,4307.18,4341.03,4316.92,4387.69,4710.77,4473.33,0
4420.51,4121.54,4380,4234.87,4459.49,4747.18,4173.85,4723.08,4320,4350.77,4320.51,4392.31,4716.92,4473.33,0
4418.46,4116.92,4382.05,4236.41,4461.54,4748.21,4178.46,4731.79,4318.97,4353.85,4320.51,4392.82,4719.49,4465.64,0
4412.82,4115.9,4381.03,4234.36,4460.51,4750.77,4175.9,4729.23,4313.33,4351.79,4320.51,4389.23,4716.41,4458.97,0
4409.74,4117.44,4373.33,4233.85,4462.56,4749.74,4169.23,4722.05,4308.21,4351.28,4319.49,4385.13,4715.9,4464.1,0
4411.28,4118.46,4375.9,4235.9,4463.59,4749.23,4170.77,4713.85,4299.49,4348.72,4318.46,4385.13,4717.44,4467.69,0
4411.28,4115.38,4380.51,4235.38,4456.92,4750.26,4174.36,4710.26,4294.87,4344.62,4317.95,4386.15,4713.85,4459.49,0
4407.69,4109.23,4372.82,4232.31,4455.38,4750.26,4173.85,4717.95,4303.59,4344.62,4317.44,4384.62,4712.31,4460.51,0
4408.72,4112.31,4372.31,4232.31,4461.03,4749.74,4170.77,4724.1,4312.82,4351.79,4321.03,4387.69,4721.03,4474.87,0
4413.85,4120,4379.49,4234.87,4460.51,4749.74,4166.15,4722.05,4315.38,4362.56,4330.77,4394.87,4728.72,4475.38,0
4411.79,4112.82,4375.9,4233.33,4455.9,4748.72,4163.08,4718.97,4312.82,4361.03,4332.31,4392.31,4723.08,4462.05,0
4405.64,4104.1,4371.79,4230.26,4452.82,4747.69,4166.67,4717.95,4301.03,4345.13,4321.54,4383.59,4711.79,4458.46,0
4405.64,4106.67,4380,4231.28,4450.26,4748.21,4168.21,4717.44,4299.49,4342.05,4315.9,4383.08,4711.28,4464.62,0
4409.74,4113.33,4384.62,4232.82,4452.82,4748.72,4165.64,4721.03,4312.31,4352.82,4319.49,4384.62,4719.49,4464.62,0
4411.79,4114.87,4381.03,4234.36,4454.36,4751.79,4168.72,4724.1,4316.41,4353.85,4320,4383.59,4716.92,4461.03,0
4413.85,4114.36,4381.54,4233.85,4453.33,4756.92,4174.36,4727.18,4314.36,4346.15,4316.92,4389.23,4709.74,4462.56,0
4412.82,4112.82,4385.64,4232.31,4452.31,4754.87,4173.33,4727.69,4315.38,4348.72,4316.41,4393.85,4710.77,4464.62,0
4408.21,4112.31,4385.13,4232.31,4450.26,4750.26,4169.74,4724.62,4318.97,4357.44,4318.97,4388.72,4715.9,4466.15,0
4407.69,4107.69,4381.03,4231.79,4448.72,4750.26,4169.23,4728.21,4318.97,4358.46,4320,4387.69,4716.92,4466.15,0
4408.21,4104.1,4380,4232.31,4449.74,4750.26,4169.23,4731.28,4311.28,4352.31,4319.49,4388.21,4715.9,4464.1,0
4407.18,4107.18,4381.54,4233.85,4447.69,4747.69,4170.77,4725.64,4309.23,4347.69,4316.41,4380.51,4714.36,4460.51,0
4407.69,4108.21,4382.05,4233.33,4444.62,4748.21,4174.87,4724.1,4313.85,4345.64,4312.82,4381.03,4713.85,4461.03,0
4409.74,4107.18,4382.56,4232.82,4447.18,4750.26,4174.36,4726.67,4306.15,4341.03,4312.31,4391.28,4715.38,4468.21,0
4412.82,4108.72,4386.15,4235.38,4447.18,4749.23,4167.69,4721.54,4293.85,4341.54,4316.41,4393.85,4717.44,4467.18,0
4407.69,4108.72,4382.05,4234.87,4444.1,4748.21,4163.59,4717.44,4298.97,4344.1,4314.87,4387.69,4713.33,4456.92,0
4395.38,4102.05,4368.21,4229.23,4445.64,4748.21,4164.1,4724.1,4307.69,4338.97,4306.15,4378.46,4704.1,4450.77,0
4390.26,4100,4360,4228.72,4448.21,4750.77,4163.08,4722.05,4304.1,4336.41,4303.59,4371.79,4701.03,4449.74,0
4395.9,4107.69,4362.56,4231.28,4446.67,4748.21,4162.05,4712.82,4297.95,4341.03,4306.67,4373.85,4705.13,4449.23,0
4396.41,4105.64,4366.15,4229.74,4444.1,4744.1,4162.56,4716.41,4297.44,4339.49,4302.05,4375.38,4698.97,4450.77,0
4393.85,4097.44,4372.82,4230.77,4445.13,4746.15,4162.05,4722.56,4303.59,4337.44,4300.51,4374.36,4696.41,4456.92,0
4404.1,4102.56,4381.03,4242.05,4448.72,4745.64,4157.95,4721.03,4308.21,4345.13,4310.77,4381.03,4715.38,4465.13,0
4415.38,4112.82,4382.56,4250.26,4448.21,4744.1,4153.33,4718.46,4301.54,4344.1,4316.92,4384.62,4731.28,4472.82,0
4409.74,4107.69,4378.97,4242.05,4444.62,4747.69,4153.85,4717.44,4290.77,4331.79,4309.23,4381.03,4720.51,4467.18,0
4398.97,4099.49,4377.44,4232.31,4443.59,4750.26,4157.44,4714.87,4290.26,4328.21,4303.59,4379.49,4709.23,4456.92,0
4398.46,4100.51,4373.85,4232.31,4442.05,4747.69,4156.92,4714.87,4297.44,4331.28,4305.13,4380,4710.26,4457.95,0
4401.03,4096.92,4371.79,4233.85,4442.05,4744.62,4154.87,4714.36,4295.9,4330.26,4304.62,4378.97,4709.23,4454.87,0
4402.56,4093.85,4375.9,4232.82,4445.64,4741.54,4157.44,4710.77,4295.38,4331.28,4305.64,4381.03,4706.67,4454.36,0
4408.21,4098.46,4380.51,4234.36,4445.13,4735.38,4162.56,4717.44,4309.74,4342.56,4317.44,4389.74,4715.38,4467.18,0
4410.77,4098.97,4381.54,4234.36,4439.49,4736.41,4165.64,4724.62,4310.77,4348.21,4325.64,4397.95,4722.56,4469.74,0
4404.62,4090.26,4375.9,4230.26,4438.97,4741.03,4165.64,4720,4297.95,4341.03,4320,4395.38,4716.41,4458.46,0
4400.51,4088.72,4370.26,4228.72,4443.59,4737.95,4167.18,4719.49,4309.23,4341.54,4314.87,4386.67,4711.79,4459.49,0
4404.62,4097.95,4369.23,4232.82,4444.62,4736.41,4167.18,4724.62,4319.49,4350.26,4317.95,4384.62,4716.92,4462.56,0
4405.13,4100,4366.67,4230.26,4442.56,4742.56,4166.15,4719.49,4298.46,4346.15,4316.41,4382.05,4714.87,4454.36,0
4398.46,4093.85,4363.08,4220.51,4441.54,4738.97,4163.59,4709.74,4286.15,4336.41,4312.82,4377.44,4710.26,4455.9,0
4398.97,4091.79,4364.1,4216.92,4441.03,4730.77,4157.44,4711.79,4301.03,4343.08,4320,4384.62,4717.44,4464.1,0
4401.03,4092.31,4365.64,4216.92,4438.46,4732.82,4154.87,4716.92,4308.72,4349.74,4326.67,4390.26,4722.05,4464.1,0
4395.9,4090.26,4357.95,4215.38,4436.92,4735.9,4158.46,4716.92,4300,4341.03,4319.49,4379.49,4713.85,4457.44,0
4394.36,4087.69,4352.82,4213.85,4436.41,4735.9,4164.1,4715.9,4298.97,4337.44,4311.79,4370.26,4709.23,4449.23,0
4394.87,4086.67,4355.38,4209.23,4434.36,4737.44,4165.13,4713.33,4301.03,4341.54,4313.33,4373.85,4709.23,4448.21,0
4390.26,4083.08,4351.28,4202.05,4433.33,4734.87,4160,4707.18,4294.36,4338.46,4315.9,4374.87,4709.74,4455.9,0
4389.74,4083.59,4344.62,4198.97,4431.79,4729.23,4156.92,4705.13,4295.38,4337.44,4317.44,4374.36,4709.23,4460.51,0
4396.92,4088.72,4348.72,4202.56,4431.79,4725.13,4157.95,4707.69,4298.97,4342.56,4314.87,4376.41,4710.26,4459.49,0
4399.49,4090.77,4356.92,4204.1,4434.87,4722.05,4155.9,4705.13,4289.23,4336.92,4310.26,4375.9,4711.79,4459.49,0
4397.44,4088.21,4357.44,4202.56,4434.87,4728.21,4155.9,4703.08,4286.67,4330.77,4312.31,4376.92,4709.23,4460.51,0
4394.87,4084.62,4355.9,4200,4430.26,4737.44,4164.62,4712.82,4297.95,4334.36,4314.87,4380,4707.69,4462.56,0
4392.82,4082.56,4354.87,4199.49,4426.67,4733.33,4166.67,4716.92,4302.05,4334.87,4313.33,4380,4712.31,4467.69,0
4396.41,4086.67,4356.41,4200.51,4428.21,4728.72,4163.08,4710.77,4296.92,4331.79,4315.9,4382.56,4718.97,4467.69,0
4398.46,4087.18,4359.49,4201.03,4426.67,4730.26,4168.72,4709.74,4290.77,4330.26,4316.41,4386.67,4713.33,4460,0
4391.28,4080,4358.97,4198.46,4421.54,4725.13,4169.74,4706.67,4280.51,4329.23,4308.72,4383.08,4704.1,4455.9,0
4389.23,4083.08,4357.44,4200,4421.03,4716.41,4159.49,4696.92,4279.49,4326.15,4307.18,4378.46,4704.62,4463.59,0
4393.85,4090.77,4357.95,4200,4423.59,4715.9,4155.9,4696.92,4291.79,4324.1,4308.72,4380.51,4704.1,4465.64,0
4391.79,4083.59,4352.31,4191.79,4422.05,4717.44,4154.36,4701.54,4292.82,4323.59,4304.1,4377.44,4698.46,4451.28,0
4380,4073.33,4342.56,4182.56,4422.05,4715.9,4146.67,4693.85,4274.87,4322.05,4296.41,4363.08,4693.85,4439.49,0
4373.33,4076.92,4338.46,4184.62,4423.59,4715.38,4142.56,4688.21,4264.62,4317.95,4289.23,4352.82,4690.77,4440,0
4377.95,4083.59,4341.03,4193.33,4422.05,4716.92,4143.59,4693.85,4277.95,4320.51,4288.72,4355.9,4689.74,4446.15,0
4385.13,4088.72,4344.62,4197.95,4420.51,4714.87,4140,4697.95,4285.13,4328.21,4297.44,4363.59,4695.38,4450.77,0
4387.18,4090.77,4346.15,4200,4420.51,4711.28,4137.95,4692.82,4272.31,4323.59,4301.54,4365.64,4701.54,4449.23,0
4384.1,4082.05,4347.69,4196.92,4421.54,4714.87,4143.59,4689.23,4270.77,4318.46,4293.85,4363.08,4696.92,4441.54,0
4382.05,4074.36,4350.77,4191.79,4423.59,4721.54,4147.18,4697.95,4285.13,4320,4289.74,4361.54,4693.33,4441.54,0
4387.18,4080,4352.31,4192.82,4422.56,4719.49,4144.62,4702.05,4286.67,4318.97,4294.36,4362.56,4695.9,4448.21,0
4392.82,4087.69,4349.74,4198.46,4420,4715.38,4142.56,4695.9,4274.87,4315.9,4298.46,4365.13,4698.97,4450.26,0
4390.26,4085.13,4350.26,4200,4423.08,4717.44,4144.1,4695.38,4271.79,4316.41,4298.97,4365.64,4696.41,4447.69,0
4385.13,4083.08,4354.87,4198.97,4425.13,4717.95,4147.69,4694.87,4272.31,4315.38,4296.41,4365.13,4692.31,4447.69,0
4382.56,4084.1,4352.82,4195.9,4417.95,4716.41,4147.69,4687.69,4266.67,4311.28,4290.77,4363.59,4690.26,4443.59,0
4380.51,4080.51,4347.69,4192.82,4411.28,4715.38,4144.1,4684.1,4260,4309.74,4287.69,4360.51,4686.67,4434.87,0
4381.54,4078.97,4346.67,4193.85,4413.85,4713.33,4141.03,4687.18,4264.62,4306.67,4289.23,4359.49,4686.67,4437.44,0
4384.62,4086.67,4345.64,4195.9,4419.49,4712.82,4140.51,4692.82,4278.46,4314.36,4295.38,4363.08,4694.36,4450.77,0
4385.64,4087.69,4342.05,4193.85,4415.38,4715.9,4144.1,4697.95,4284.62,4324.1,4301.54,4367.18,4698.46,4453.85,0
4382.56,4076.92,4342.56,4190.77,4409.74,4713.85,4145.13,4695.38,4274.36,4318.46,4303.08,4367.18,4696.92,4449.74,0
4377.44,4066.15,4343.08,4185.13,4408.72,4711.79,4140.51,4691.28,4271.79,4313.33,4300,4362.56,4695.9,4447.18,0
4372.82,4065.13,4335.9,4182.05,4408.72,4714.36,4141.03,4695.38,4279.49,4314.87,4295.38,4354.87,4692.31,4436.92,0
4370.77,4073.33,4328.21,4185.64,4410.77,4710.26,4142.05,4697.95,4275.38,4309.23,4288.21,4347.18,4683.08,4429.23,0
4370.77,4077.95,4327.18,4185.13,4410.77,4702.05,4136.41,4694.36,4270.77,4302.56,4282.56,4345.64,4678.46,4431.79,0
4368.21,4074.36,4327.69,4181.54,4407.18,4703.08,4134.36,4686.67,4267.69,4305.64,4280.51,4344.1,4677.95,4429.23,0
4365.64,4073.85,4324.62,4182.56,4405.64,4706.67,4134.36,4676.41,4255.9,4303.59,4277.95,4342.05,4672.82,4424.62,0
4369.74,4080.51,4327.18,4186.15,4409.23,4705.13,4131.28,4672.82,4247.69,4293.33,4277.95,4345.13,4669.23,4429.74,0
4378.46,4082.56,4336.41,4186.15,4408.21,4702.56,4132.82,4673.33,4255.38,4292.31,4282.56,4350.77,4673.85,4435.38,0
4385.64,4082.56,4344.62,4187.69,4404.62,4698.46,4136.41,4678.46,4268.21,4300.51,4285.64,4356.41,4681.03,4438.97,0
4391.28,4085.13,4349.74,4192.82,4407.69,4697.44,4135.38,4688.21,4274.36,4311.79,4286.15,4362.56,4684.62,4445.64,0
4388.72,4084.62,4344.1,4192.82,4410.77,4704.1,4135.9,4691.28,4272.31,4311.79,4285.64,4362.05,4684.62,4446.67,0
4378.97,4079.49,4329.23,4185.13,4408.72,4705.13,4136.92,4684.1,4270.26,4304.1,4286.67,4354.36,4682.56,4442.05,0
4375.9,4076.92,4322.56,4181.03,4408.72,4701.03,4134.87,4684.1,4272.31,4307.18,4286.67,4351.28,4682.05,4437.95,0
4378.97,4082.05,4330.26,4189.74,4411.79,4703.08,4138.97,4690.77,4270.26,4313.85,4285.13,4355.9,4682.05,4432.82,0
4378.46,4087.18,4335.38,4195.9,4408.72,4706.15,4144.1,4690.26,4263.08,4307.69,4284.62,4355.9,4681.03,4429.74,0
4375.9,4085.13,4332.31,4189.74,4403.59,4702.05,4141.54,4683.59,4258.97,4300,4284.1,4351.28,4680,4433.85,0
4369.74,4076.41,4328.21,4182.05,4400.51,4702.05,4140,4676.41,4255.38,4300.51,4280,4347.18,4676.92,4431.79,0
4358.97,4066.15,4319.49,4174.87,4398.46,4704.62,4143.08,4673.33,4253.85,4294.36,4271.28,4337.95,4669.74,4415.38,0
4354.87,4061.54,4309.74,4168.21,4400,4698.97,4140,4673.85,4249.74,4286.67,4265.13,4330.26,4661.54,4406.67,0
4360,4069.23,4313.85,4173.85,4403.08,4692.82,4128.21,4671.28,4249.23,4288.21,4267.18,4334.87,4664.62,4421.03,0
4366.15,4078.46,4324.1,4186.67,4402.56,4692.31,4120,4673.33,4265.64,4301.03,4274.36,4342.56,4674.87,4431.28,0
4360,4072.82,4322.05,4179.49,4398.46,4696.41,4124.62,4678.97,4272.82,4304.62,4273.33,4335.38,4673.33,4417.44,0
4350.77,4066.15,4317.95,4168.72,4393.85,4701.03,4133.85,4681.03,4256.92,4295.38,4266.67,4325.64,4664.62,4412.82,0
4357.44,4069.74,4324.62,4173.85,4391.79,4698.46,4135.38,4680,4251.79,4292.31,4267.69,4335.9,4668.72,4423.08,0
4362.56,4067.69,4327.18,4174.87,4389.74,4693.33,4130.77,4681.54,4260.51,4293.85,4268.72,4345.13,4670.26,4421.54,0
4356.41,4058.97,4321.54,4168.72,4388.72,4695.38,4125.13,4681.54,4256.41,4288.21,4264.62,4338.97,4658.46,4413.85,0
4351.28,4056.92,4320,4169.23,4389.23,4698.46,4119.49,4674.36,4247.69,4283.08,4263.08,4332.31,4653.33,4412.31,0
4352.31,4058.97,4324.1,4171.28,4390.26,4694.36,4118.46,4675.38,4257.44,4286.15,4264.62,4331.79,4657.95,4412.31,0
4355.9,4060,4326.15,4171.28,4391.79,4691.79,4122.56,4687.18,4267.18,4291.28,4266.15,4335.38,4661.03,4414.87,0
4361.54,4064.62,4327.69,4179.49,4390.26,4692.31,4126.15,4690.26,4267.18,4298.46,4269.23,4342.56,4667.69,4417.95,0
4364.62,4068.72,4333.85,4186.15,4386.67,4686.15,4124.62,4681.54,4267.18,4304.1,4274.36,4347.69,4673.85,4422.05,0
4363.59,4065.64,4341.03,4185.13,4383.08,4677.95,4123.08,4677.44,4262.05,4298.46,4270.26,4343.59,4670.26,4425.13,0
4362.56,4061.03,4341.03,4181.54,4383.08,4680,4122.56,4676.92,4252.31,4291.28,4261.03,4336.92,4664.62,4422.05,0
4361.54,4061.03,4331.79,4179.49,4386.67,4687.69,4118.46,4670.77,4249.74,4288.72,4263.59,4332.82,4667.18,4421.03,0
4363.08,4066.15,4327.69,4184.1,4393.33,4690.26,4113.33,4667.69,4249.74,4288.21,4270.26,4333.33,4671.79,4423.59,0
4364.1,4072.31,4332.82,4187.69,4395.9,4688.72,4115.38,4670.77,4248.72,4290.77,4267.69,4336.41,4668.72,4420.51,0
4366.15,4074.36,4338.46,4189.74,4393.33,4691.79,4117.95,4672.31,4253.85,4295.38,4266.15,4338.97,4668.21,4423.59,0
4374.36,4075.9,4341.03,4195.38,4393.85,4693.33,4113.33,4673.33,4258.97,4295.9,4274.87,4345.13,4677.95,4433.85,0
4376.41,4077.44,4342.05,4196.41,4394.36,4689.74,4113.33,4674.87,4260,4297.95,4276.92,4348.72,4682.05,4436.41,0
4373.33,4075.9,4341.54,4194.36,4391.79,4690.77,4118.46,4677.95,4264.1,4302.56,4273.33,4348.21,4678.46,4432.82,0
4374.87,4073.85,4343.08,4194.87,4389.74,4694.87,4118.97,4684.1,4271.28,4303.59,4274.36,4348.72,4679.49,4433.85,0
4373.33,4074.36,4342.05,4190.77,4389.74,4693.33,4117.44,4686.15,4269.23,4302.56,4278.46,4347.69,4683.08,4433.85,0
4367.69,4073.33,4332.82,4186.15,4392.31,4689.23,4119.49,4681.03,4261.03,4302.05,4276.92,4343.08,4680.51,4428.72,0
4368.72,4072.82,4327.69,4188.21,4393.33,4689.74,4122.56,4675.9,4260,4302.56,4272.82,4338.97,4677.44,4427.18,0
4371.28,4074.36,4330.26,4187.18,4386.67,4689.23,4121.54,4672.31,4260.51,4299.49,4273.33,4339.49,4677.44,4425.64,0
4364.62,4068.72,4330.26,4182.56,4378.46,4686.15,4118.97,4669.23,4250.77,4288.72,4267.18,4337.95,4672.31,4415.9,0
4361.03,4062.05,4325.64,4183.59,4378.46,4681.54,4115.38,4664.1,4241.54,4279.49,4257.95,4330.26,4663.59,4411.28,0
4365.64,4067.18,4328.72,4184.62,4383.59,4676.92,4113.33,4658.46,4244.62,4281.03,4260.51,4332.31,4663.08,4423.59,0
4369.23,4072.82,4333.85,4186.15,4383.08,4676.41,4114.36,4666.15,4255.38,4288.72,4267.69,4340.51,4670.26,4428.72,0
4366.67,4063.59,4329.23,4186.15,4379.49,4682.05,4115.9,4678.97,4261.03,4293.85,4262.05,4334.87,4667.69,4415.9,0
4361.03,4054.87,4317.44,4179.49,4383.59,4684.1,4115.9,4674.87,4252.82,4288.21,4257.44,4325.13,4662.05,4410.77,0
4361.54,4060.51,4314.36,4173.85,4387.69,4682.05,4115.38,4665.13,4248.72,4283.08,4265.64,4328.21,4668.21,4423.08,0
4367.69,4066.15,4318.97,4173.33,4383.59,4683.59,4118.97,4671.79,4255.38,4289.74,4272.82,4335.38,4676.41,4427.69,0
4368.72,4060.51,4319.49,4170.26,4383.08,4687.18,4123.08,4680,4256.92,4292.31,4270.26,4336.92,4671.79,4417.44,0
4363.59,4055.38,4317.44,4169.74,4386.67,4686.67,4123.59,4677.95,4257.44,4289.23,4268.21,4337.44,4664.62,4414.87,0
4362.56,4057.44,4314.87,4169.74,4382.05,4681.03,4124.1,4672.82,4258.46,4289.74,4269.23,4334.36,4666.67,4416.41,0
4363.08,4057.44,4311.79,4160,4375.9,4678.46,4122.05,4664.1,4242.05,4283.08,4264.62,4329.74,4662.05,4407.69,0
4360,4053.85,4305.64,4157.44,4377.95,4677.44,4117.44,4657.95,4223.59,4270.77,4255.9,4328.21,4651.79,4402.56,0
4359.49,4054.87,4305.64,4169.23,4378.97,4671.28,4115.38,4660,4230.26,4268.72,4253.85,4326.15,4649.74,4403.59,0
4360.51,4054.36,4326.67,4168.21,4376.41,4667.69,4116.92,4661.03,4237.44,4271.28,4251.28,4320.51,4650.77,4396.92,0
4353.33,4050.77,4348.72,4153.33,4374.36,4670.77,4115.9,4655.9,4231.79,4269.23,4243.08,4313.33,4644.1,4390.77,0
4348.21,4052.31,4352.31,4150.77,4375.9,4672.82,4111.79,4657.44,4237.95,4269.23,4245.13,4312.31,4645.64,4401.54,0
4356.41,4055.9,4353.85,4157.95,4378.97,4670.77,4111.28,4663.08,4245.13,4275.9,4255.9,4317.44,4654.36,4411.79,0
4365.64,4054.87,4361.54,4156.41,4377.95,4672.82,4117.95,4662.56,4236.92,4283.08,4257.44,4322.05,4653.85,4410.77,0
4363.59,4054.36,4361.54,4153.33,4376.92,4672.31,4118.97,4658.97,4237.95,4285.13,4258.46,4327.18,4655.38,4411.28,0
4360,4059.49,4356.41,4158.97,4378.46,4669.23,4112.31,4660.51,4245.13,4282.05,4264.1,4330.26,4660,4409.74,0
4361.03,4063.08,4353.33,4162.56,4380.51,4670.77,4110.26,4661.03,4237.95,4278.46,4262.56,4324.62,4657.95,4403.08,0
4360,4061.03,4352.31,4156.92,4378.97,4673.33,4112.82,4656.41,4233.33,4274.36,4254.87,4316.92,4653.85,4404.1,0
4355.9,4054.87,4354.36,4151.28,4376.92,4673.33,4114.87,4655.9,4240.51,4271.79,4255.38,4317.95,4652.31,4407.18,0
4359.49,4056.92,4358.46,4158.97,4377.44,4674.36,4114.36,4660,4244.1,4277.44,4261.54,4327.69,4658.46,4406.67,0
4368.72,4065.64,4364.1,4166.15,4381.03,4676.92,4112.82,4661.54,4244.1,4285.13,4263.08,4332.31,4667.18,4412.82,0
4364.1,4061.54,4362.56,4159.49,4380,4674.87,4114.87,4656.41,4237.95,4280.51,4255.9,4325.64,4662.56,4412.82,0
4352.82,4050.26,4350.26,4151.79,4374.36,4671.79,4115.38,4649.23,4225.13,4267.69,4247.18,4317.44,4650.77,4400,0
4355.38,4051.79,4348.21,4152.31,4375.38,4670.26,4111.28,4645.13,4225.64,4267.18,4249.74,4317.95,4651.79,4402.56,0
4365.13,4061.54,4361.03,4159.49,4377.95,4669.23,4110.26,4644.62,4232.31,4273.33,4255.9,4326.15,4657.95,4415.9,0
4365.64,4058.97,4367.69,4161.54,4374.87,4672.31,4115.9,4646.67,4229.74,4270.77,4252.31,4329.23,4654.36,4411.79,0
4362.56,4054.36,4366.67,4158.97,4373.33,4673.85,4119.49,4653.33,4235.9,4273.85,4249.74,4324.1,4652.31,4405.64,0
4363.59,4058.97,4363.08,4162.05,4375.38,4669.74,4115.38,4660,4246.15,4283.08,4253.33,4322.05,4658.97,4409.74,0
4363.08,4062.05,4356.92,4166.15,4373.85,4666.15,4109.23,4654.36,4233.33,4278.97,4250.77,4322.56,4660,4405.64,0
4356.41,4057.44,4355.38,4159.49,4373.33,4670.26,4111.79,4648.21,4222.05,4268.21,4244.1,4319.49,4649.23,4397.95,0
4351.79,4048.72,4361.54,4152.31,4375.9,4674.36,4117.44,4656.92,4235.9,4271.28,4249.23,4319.49,4648.72,4402.56,0
4357.44,4046.15,4364.1,4154.36,4375.38,4669.74,4111.28,4661.03,4243.08,4280,4262.05,4326.67,4666.67,4417.44,0
4368.72,4056.41,4362.56,4161.54,4374.36,4664.1,4101.54,4653.33,4236.92,4283.59,4267.69,4334.36,4682.05,4431.28,0
4372.82,4065.13,4365.13,4166.67,4377.95,4667.18,4106.67,4652.82,4239.49,4284.1,4265.64,4336.41,4681.54,4432.82,0
4371.28,4060.51,4364.62,4167.69,4378.97,4672.82,4116.92,4655.38,4243.08,4283.59,4265.64,4335.38,4674.87,4424.62,0
4369.23,4055.9,4362.05,4162.56,4375.38,4672.31,4117.44,4652.31,4237.95,4283.59,4268.21,4333.85,4677.95,4423.08,0
4368.21,4056.92,4361.03,4160,4373.85,4669.74,4115.38,4653.33,4237.44,4284.62,4269.74,4334.36,4683.08,4424.1,0
4363.59,4052.31,4358.97,4155.9,4372.31,4672.31,4115.38,4654.87,4235.38,4281.03,4267.18,4330.26,4673.85,4416.41,0
4359.49,4046.67,4355.38,4150.77,4371.79,4672.31,4111.79,4653.85,4233.33,4275.38,4261.03,4326.15,4662.56,4413.33,0
4360.51,4047.69,4357.44,4152.31,4371.79,4666.67,4106.67,4655.9,4235.38,4274.36,4257.44,4330.77,4664.62,4418.97,0
4362.05,4049.23,4359.49,4152.82,4368.21,4664.1,4108.21,4656.92,4232.82,4275.38,4257.95,4331.79,4665.64,4417.44,0
4361.54,4049.74,4356.41,4152.82,4367.18,4665.13,4107.69,4655.9,4228.72,4272.82,4255.9,4322.56,4661.03,4414.36,0
4361.03,4049.23,4352.31,4154.87,4371.28,4667.18,4106.67,4655.38,4228.21,4271.79,4252.31,4315.9,4660,4415.9,0
4356.41,4046.15,4347.69,4152.82,4370.26,4668.72,4110.26,4650.26,4228.21,4272.31,4251.79,4315.9,4657.95,4412.31,0
4349.23,4040.51,4345.13,4149.74,4364.62,4668.72,4111.28,4644.1,4228.72,4268.72,4252.82,4317.95,4653.33,4407.18,0
4347.18,4038.46,4344.1,4151.79,4363.08,4664.62,4108.72,4645.13,4231.79,4268.21,4255.9,4321.54,4654.36,4406.15,0
4348.72,4043.08,4343.59,4154.87,4368.21,4662.05,4106.15,4649.74,4228.21,4272.82,4258.46,4323.08,4658.46,4405.13,0
4346.67,4045.64,4345.13,4153.33,4369.74,4664.1,4107.18,4654.36,4228.72,4271.28,4252.31,4315.38,4654.36,4405.13,0
4350.77,4046.15,4349.74,4152.31,4365.13,4667.69,4113.33,4661.03,4237.44,4266.15,4247.18,4313.33,4648.72,4410.26,0
4360,4050.77,4351.79,4154.36,4366.15,4669.74,4115.38,4665.64,4240,4266.67,4251.28,4324.62,4651.28,4416.92,0
4364.1,4055.9,4353.85,4156.92,4373.33,4669.74,4110.77,4663.08,4237.44,4272.82,4255.38,4329.74,4658.97,4420,0
4363.08,4054.36,4356.92,4156.41,4372.82,4671.28,4110.26,4653.85,4233.85,4276.92,4256.92,4324.1,4663.08,4418.97,0
4358.46,4052.31,4352.31,4154.36,4371.79,4671.79,4110.77,4648.21,4231.28,4276.92,4256.92,4321.54,4663.59,4417.95,0
4348.21,4053.33,4342.05,4153.85,4371.28,4665.64,4106.15,4650.26,4227.18,4270.26,4250.26,4315.38,4658.46,4412.82,0
4343.08,4051.28,4338.97,4152.82,4365.64,4657.44,4103.59,4647.18,4219.49,4265.64,4244.1,4308.21,4650.26,4407.69,0
4350.77,4050.26,4342.05,4153.33,4364.62,4653.85,4103.59,4640,4220.51,4263.59,4247.18,4312.82,4649.74,4413.85,0
4354.36,4050.77,4342.56,4154.36,4365.64,4655.9,4104.1,4645.13,4229.23,4262.56,4253.33,4318.46,4656.41,4418.97,0
4349.23,4050.26,4341.03,4151.79,4363.08,4661.54,4107.69,4649.23,4225.64,4264.1,4252.31,4315.38,4654.87,4411.28,0
4350.77,4052.31,4343.08,4153.33,4366.67,4663.08,4110.77,4644.1,4223.08,4265.13,4250.26,4313.85,4651.79,4408.72,0
4362.05,4060.51,4349.23,4160.51,4372.31,4663.08,4110.26,4650.26,4241.03,4272.82,4256.92,4317.95,4660,4423.59,0
4369.74,4065.13,4352.31,4164.1,4372.31,4664.1,4105.13,4658.46,4244.1,4285.13,4263.59,4323.08,4671.79,4433.33,0
4362.56,4059.49,4345.64,4160.51,4370.77,4663.08,4104.62,4655.38,4228.21,4280.51,4257.95,4322.05,4667.69,4425.13,0
4353.85,4055.9,4336.41,4155.9,4371.28,4663.08,4108.72,4653.33,4227.18,4268.72,4252.31,4315.38,4657.44,4417.95,0
4354.36,4054.36,4329.74,4152.82,4372.82,4664.62,4108.72,4657.44,4240,4271.79,4253.33,4309.74,4657.44,4416.41,0
4352.31,4048.72,4324.62,4146.67,4371.28,4665.13,4107.69,4659.49,4243.59,4275.9,4248.72,4303.59,4658.97,4410.77,0
4342.56,4045.64,4323.59,4145.64,4367.69,4665.13,4109.74,4660,4241.03,4268.72,4243.59,4299.49,4653.33,4402.05,0
4333.85,4042.56,4326.15,4147.18,4364.62,4664.62,4110.77,4658.46,4242.05,4267.69,4245.13,4303.59,4648.72,4398.46,0
4330.77,4033.85,4326.15,4145.64,4364.1,4664.1,4110.77,4657.95,4243.08,4273.85,4244.62,4306.67,4645.13,4400,0
4331.28,4036.92,4324.62,4147.18,4364.1,4663.59,4110.77,4660.51,4242.56,4272.31,4240,4302.56,4640,4401.03,0
4340.51,4054.87,4327.18,4154.87,4366.67,4662.05,4109.74,4654.87,4233.85,4265.64,4242.56,4303.08,4643.08,4403.59,0
4348.72,4060.51,4335.9,4157.44,4366.15,4657.95,4107.69,4647.69,4222.56,4264.1,4250.26,4311.28,4651.28,4406.15,0
4345.64,4049.74,4336.92,4153.85,4362.56,4657.44,4107.69,4649.23,4222.56,4265.64,4249.23,4314.36,4649.74,4405.64,0
4344.62,4048.21,4332.82,4155.9,4365.64,4661.03,4112.82,4653.85,4232.31,4266.15,4245.13,4311.28,4646.67,4405.64,0
4349.74,4058.46,4336.92,4157.95,4373.33,4668.21,4117.44,4655.38,4233.85,4264.1,4247.18,4312.82,4647.69,4406.15,0
4349.23,4061.54,4344.1,4156.92,4374.36,4671.28,4114.87,4656.41,4231.28,4264.1,4247.69,4314.87,4645.64,4405.64,0
4340,4053.85,4336.41,4153.85,4367.18,4667.18,4111.79,4657.95,4236.92,4267.69,4240,4307.69,4638.97,4400.51,0
4337.44,4046.15,4324.62,4152.31,4368.21,4667.18,4114.87,4659.49,4240.51,4271.28,4238.97,4300.51,4638.97,4396.92,0
4345.13,4047.69,4325.64,4154.87,4375.38,4671.28,4114.87,4660.51,4236.92,4271.28,4246.67,4304.62,4647.18,4401.03,0
4347.18,4048.21,4331.28,4156.41,4371.28,4666.15,4108.72,4660,4235.9,4267.18,4247.69,4310.77,4647.18,4404.1,0
4341.03,4045.64,4325.64,4155.38,4362.56,4656.92,4103.08,4652.31,4234.36,4263.59,4238.97,4305.13,4637.95,4393.85,0
4334.87,4041.54,4314.36,4150.26,4363.08,4656.41,4095.38,4638.46,4217.95,4258.97,4227.18,4291.79,4630.77,4383.08,0
4328.72,4037.95,4307.18,4144.62,4365.13,4661.03,4092.31,4632.82,4205.64,4250.26,4223.08,4285.64,4627.18,4383.08,0
4324.62,4033.85,4307.18,4140,4359.49,4662.05,4095.9,4636.41,4211.79,4245.13,4223.59,4286.15,4625.64,4378.46,0
4323.08,4028.72,4309.74,4137.44,4357.95,4659.49,4097.44,4631.79,4211.28,4249.74,4220.51,4283.59,4623.59,4372.31,0
4319.49,4025.64,4311.28,4141.03,4361.54,4655.38,4095.9,4624.62,4201.03,4245.64,4211.79,4278.97,4613.85,4371.28,0
4318.97,4027.18,4313.85,4148.72,4362.56,4652.31,4094.36,4626.15,4201.54,4233.33,4208.72,4280.51,4606.67,4370.26,0
4326.67,4032.31,4315.9,4152.82,4361.03,4654.87,4094.87,4631.79,4209.74,4232.82,4212.82,4288.72,4609.23,4372.31,0
4329.74,4032.82,4316.41,4151.28,4360,4656.41,4097.95,4636.92,4211.79,4241.03,4215.9,4295.9,4611.79,4379.49,0
4329.74,4032.82,4319.49,4151.79,4360.51,4650.77,4101.03,4646.15,4220.51,4248.21,4223.59,4300,4622.56,4386.67,0
4335.38,4037.44,4325.13,4154.87,4361.54,4648.72,4100,4656.41,4234.87,4257.44,4231.28,4303.08,4633.33,4388.21,0
4337.44,4040,4322.56,4156.92,4365.64,4652.31,4102.05,4655.9,4231.28,4259.49,4231.28,4304.1,4627.18,4387.69,0
4336.41,4039.49,4315.9,4156.41,4367.18,4656.41,4104.62,4647.18,4218.46,4252.82,4227.69,4296.41,4622.05,4387.18,0
4338.97,4038.97,4314.36,4153.85,4363.08,4654.36,4101.54,4644.1,4217.95,4252.31,4228.21,4292.31,4629.74,4386.15,0
4338.46,4039.49,4312.31,4152.82,4361.03,4649.74,4097.95,4642.05,4218.97,4254.87,4230.26,4296.92,4630.77,4383.08,0
4334.87,4036.92,4310.26,4150.26,4363.59,4651.28,4098.46,4634.87,4210.77,4250.77,4231.79,4299.49,4628.21,4385.13,0
4332.31,4030.77,4306.15,4136.92,4362.56,4655.38,4104.1,4632.82,4208.72,4244.1,4227.69,4294.87,4626.15,4381.03,0
4328.72,4023.08,4298.46,4127.18,4355.38,4648.72,4104.62,4636.41,4212.82,4240.51,4218.46,4283.59,4616.41,4372.31,0
4330.77,4025.13,4293.33,4132.82,4353.85,4641.54,4097.44,4635.9,4211.79,4244.1,4217.95,4278.46,4613.85,4376.92,0
4334.87,4032.31,4294.87,4135.9,4359.49,4647.69,4093.85,4636.92,4217.95,4253.33,4222.05,4281.54,4623.08,4379.49,0
4328.72,4031.28,4293.33,4127.18,4360.51,4650.26,4096.41,4641.54,4228.72,4255.38,4223.08,4278.97,4622.05,4369.23,0
4323.08,4028.21,4289.74,4122.05,4356.92,4646.15,4097.95,4642.05,4222.05,4250.77,4223.08,4273.85,4616.92,4371.28,0
4328.72,4031.79,4294.36,4127.18,4361.03,4648.72,4098.97,4639.49,4212.82,4256.92,4226.67,4280.51,4626.67,4385.64,0
4333.33,4038.46,4303.08,4133.85,4367.69,4655.9,4100,4634.36,4214.36,4262.05,4231.79,4287.18,4636.41,4382.05,0
4333.33,4041.03,4307.69,4136.41,4366.67,4655.38,4098.46,4629.74,4214.36,4257.44,4237.44,4285.64,4632.82,4378.46,0
4339.49,4041.03,4312.82,4137.44,4364.62,4650.26,4097.95,4632.31,4208.21,4254.87,4238.46,4293.33,4630.77,4393.85,0
4347.69,4042.56,4321.54,4140,4364.1,4645.64,4096.92,4632.31,4202.56,4252.82,4231.28,4303.08,4632.31,4398.97,0
4348.21,4042.05,4323.59,4140,4359.49,4643.59,4096.41,4634.87,4210.26,4248.21,4227.69,4301.54,4628.72,4392.31,0
4343.08,4039.49,4320.51,4136.41,4358.97,4648.21,4103.59,4645.13,4221.54,4252.31,4230.26,4300.51,4625.64,4390.77,0
4343.08,4041.03,4321.03,4137.95,4363.59,4650.26,4107.18,4645.13,4217.95,4258.97,4232.31,4303.08,4626.15,4393.33,0
4347.18,4045.13,4321.54,4140.51,4363.08,4645.64,4100.51,4637.44,4208.21,4256.92,4230.26,4303.59,4626.67,4392.82,0
4346.67,4044.1,4316.92,4140,4361.54,4646.15,4095.9,4638.46,4211.28,4253.85,4229.23,4302.05,4626.15,4391.79,0
4341.03,4041.03,4309.74,4137.44,4362.56,4650.26,4093.85,4637.44,4209.74,4252.31,4228.72,4297.95,4626.67,4389.74,0
4334.87,4038.46,4304.62,4135.38,4360.51,4644.1,4088.21,4627.18,4203.08,4252.31,4227.18,4290.77,4630.77,4384.62,0
4334.36,4036.92,4304.62,4134.87,4360,4640,4087.69,4630.26,4213.85,4254.36,4232.31,4291.28,4637.44,4382.56,0
4339.49,4037.95,4306.67,4136.92,4360.51,4645.13,4093.33,4642.05,4218.97,4257.44,4236.41,4296.41,4636.41,4386.67,0
4338.97,4037.95,4302.56,4134.87,4357.44,4647.69,4094.87,4642.05,4214.87,4260,4231.79,4296.41,4628.72,4390.77,0
4333.85,4033.85,4297.44,4127.18,4355.9,4646.15,4090.77,4638.97,4220.51,4258.46,4232.82,4297.44,4630.77,4389.23,0
4333.33,4031.79,4297.95,4128.72,4359.49,4646.67,4087.69,4640,4218.46,4254.87,4238.46,4298.46,4636.41,4386.67,0
4333.33,4032.82,4302.05,4136.92,4361.03,4648.21,4088.21,4637.44,4208.72,4255.38,4236.41,4296.41,4632.31,4388.72,0
4331.28,4034.36,4304.62,4135.38,4357.44,4648.21,4092.82,4635.9,4211.79,4255.9,4231.79,4295.38,4628.72,4391.28,0
4334.36,4032.82,4307.69,4128.21,4353.33,4647.69,4098.97,4640,4213.85,4253.33,4234.87,4301.54,4628.72,4391.28,0
4335.9,4027.69,4310.77,4126.15,4349.23,4647.18,4099.49,4640,4205.13,4251.79,4235.38,4306.67,4625.13,4385.64,0
4332.82,4023.59,4310.77,4128.72,4353.33,4644.1,4093.33,4631.79,4203.08,4246.67,4230.26,4306.67,4621.54,4382.56,0
4332.82,4026.67,4307.18,4131.79,4358.97,4641.03,4089.23,4629.23,4205.64,4244.62,4227.69,4307.18,4622.56,4389.23,0
4333.33,4029.74,4302.56,4133.85,4356.41,4638.97,4088.21,4630.77,4205.64,4247.18,4226.67,4308.72,4621.54,4391.79,0
4331.28,4031.28,4303.59,4134.87,4355.38,4641.54,4091.79,4631.28,4210.26,4248.21,4227.18,4306.67,4620.51,4390.26,0
4334.36,4033.33,4306.15,4136.41,4362.05,4647.69,4094.87,4632.31,4213.85,4251.79,4229.74,4305.13,4623.08,4391.79,0
4336.92,4034.36,4300,4136.41,4364.1,4649.74,4093.33,4632.82,4207.18,4252.82,4230.26,4305.13,4626.15,4392.31,0
4333.85,4036.41,4293.33,4135.38,4359.49,4648.21,4088.72,4629.74,4198.46,4242.56,4225.13,4299.49,4623.59,4388.21,0
4333.85,4041.03,4296.41,4136.41,4360,4648.21,4089.23,4628.21,4203.08,4238.46,4226.15,4297.44,4623.08,4388.21,0
4336.92,4041.54,4298.46,4135.9,4363.08,4650.26,4092.82,4637.44,4212.82,4248.21,4234.87,4304.62,4629.74,4392.31,0
4335.9,4036.92,4296.41,4136.41,4361.54,4648.21,4093.85,4646.67,4212.82,4252.82,4237.95,4308.72,4632.31,4395.9,0
4334.87,4032.82,4297.44,4135.9,4357.44,4646.67,4091.28,4642.56,4208.21,4253.33,4234.87,4307.18,4632.31,4393.33,0
4334.87,4032.31,4297.44,4134.87,4355.9,4645.64,4088.21,4633.33,4210.26,4257.95,4236.41,4303.59,4634.36,4388.72,0
4335.38,4034.87,4295.38,4137.44,4358.97,4643.08,4085.64,4632.82,4216.92,4259.49,4237.44,4302.05,4632.82,4389.74,0
4335.9,4038.46,4295.9,4138.97,4359.49,4641.03,4081.54,4634.36,4215.38,4251.79,4234.87,4302.05,4628.72,4391.79,0
4335.38,4036.92,4297.95,4138.46,4358.97,4638.97,4076.92,4630.77,4207.69,4247.69,4232.82,4301.03,4627.18,4390.26,0
4332.31,4034.36,4297.95,4138.97,4360.51,4641.54,4077.95,4628.72,4202.56,4246.67,4230.26,4298.97,4625.13,4388.21,0
4330.77,4032.82,4300,4137.95,4360.51,4646.67,4087.69,4630.77,4202.05,4244.1,4228.72,4300,4625.64,4386.67,0
4329.74,4029.74,4301.03,4137.44,4357.95,4645.64,4093.33,4630.26,4204.1,4247.18,4228.21,4301.54,4626.67,4384.1,0
4323.08,4024.1,4295.9,4134.36,4357.44,4642.05,4087.69,4629.23,4206.15,4249.23,4227.18,4296.92,4621.03,4381.03,0
4320,4021.03,4291.28,4124.62,4357.44,4641.03,4086.67,4629.74,4206.67,4245.64,4225.13,4294.36,4615.9,4379.49,0
4323.59,4024.62,4294.36,4121.03,4355.9,4642.05,4092.31,4630.77,4209.23,4248.72,4227.69,4300,4622.56,4382.56,0
4325.13,4026.15,4295.38,4125.13,4353.33,4643.08,4095.9,4636.92,4212.82,4257.44,4233.85,4303.08,4629.23,4388.21,0
4320,4022.05,4289.23,4122.56,4350.77,4640,4095.9,4641.03,4211.28,4255.38,4235.38,4299.49,4624.1,4385.64,0
4318.46,4020.51,4287.69,4123.59,4351.79,4636.92,4089.23,4635.38,4212.31,4252.31,4231.28,4296.41,4618.97,4380.51,0
4325.64,4027.69,4292.82,4133.85,4355.38,4637.44,4082.05,4632.82,4213.33,4255.38,4230.26,4298.97,4624.62,4386.67,0
4333.33,4033.85,4296.41,4137.95,4358.97,4636.92,4082.05,4636.41,4208.72,4256.41,4236.92,4304.62,4633.33,4400,0
4335.9,4032.31,4294.36,4135.9,4360,4638.97,4087.18,4637.95,4211.79,4258.46,4241.03,4306.67,4638.97,4400.51,0
4338.97,4035.38,4294.87,4137.95,4361.54,4647.18,4090.77,4639.49,4223.08,4263.59,4240.51,4305.64,4641.54,4394.36,0
4342.56,4041.54,4301.03,4143.59,4364.1,4651.79,4093.33,4643.59,4221.54,4264.1,4243.08,4308.72,4638.97,4400,0
4337.44,4038.97,4300.51,4142.56,4362.56,4646.67,4094.36,4642.05,4216.92,4262.05,4243.08,4308.21,4636.92,4401.03,0
4330.77,4033.85,4295.38,4137.44,4358.97,4644.1,4093.33,4639.49,4220,4263.59,4237.95,4299.49,4635.9,4391.79,0
4331.79,4035.38,4296.92,4137.44,4360,4644.62,4091.28,4640.51,4218.46,4263.59,4234.87,4296.92,4632.31,4387.69,0
4334.87,4038.97,4302.56,4141.54,4363.59,4642.05,4089.74,4634.87,4203.59,4257.44,4236.92,4305.64,4633.33,4392.31,0
4331.79,4035.38,4298.97,4141.03,4360,4640.51,4088.72,4625.64,4194.87,4249.74,4234.87,4302.05,4632.31,4391.79,0
4324.62,4027.69,4293.33,4137.44,4351.79,4638.97,4087.69,4626.15,4203.08,4244.62,4226.15,4292.82,4620,4381.03,0
4317.44,4021.03,4294.36,4137.95,4348.72,4636.41,4090.77,4633.85,4210.26,4241.03,4218.46,4292.82,4607.69,4373.33,0
4316.92,4022.56,4297.44,4138.46,4350.26,4640.51,4094.87,4635.9,4208.72,4239.49,4219.49,4294.87,4607.69,4377.44,0
4318.97,4023.59,4293.33,4132.82,4351.28,4646.67,4090.77,4630.77,4210.26,4244.62,4223.59,4291.79,4612.31,4379.49,0
4315.9,4018.46,4283.08,4128.21,4349.74,4645.64,4087.69,4628.72,4213.33,4249.23,4220.51,4288.21,4610.77,4374.36,0
4312.82,4018.97,4282.05,4130.77,4347.18,4638.97,4092.82,4630.77,4210.26,4247.69,4214.87,4287.69,4609.23,4374.87,0
4317.44,4026.15,4288.21,4132.31,4346.67,4634.87,4093.33,4632.82,4209.23,4244.1,4219.49,4288.72,4614.36,4379.49,0
4320,4022.05,4287.69,4132.31,4346.15,4635.9,4089.23,4633.85,4206.15,4244.1,4225.13,4291.28,4618.46,4382.05,0
4316.41,4013.85,4286.67,4134.36,4346.15,4636.41,4088.72,4631.28,4197.44,4241.54,4222.05,4293.33,4617.95,4386.15,0
4315.9,4017.95,4289.74,4133.85,4351.28,4636.41,4085.13,4627.18,4199.49,4241.54,4224.1,4295.38,4617.95,4381.03,0
4318.46,4025.13,4287.69,4133.33,4354.87,4638.46,4081.54,4624.62,4205.13,4242.05,4226.15,4292.82,4617.95,4370.26,0
4319.49,4025.13,4287.18,4137.95,4352.82,4638.46,4085.13,4626.67,4204.62,4240.51,4220.51,4287.18,4618.46,4376.41,0
4320,4022.56,4289.23,4138.97,4353.85,4638.46,4089.74,4635.9,4211.28,4243.08,4219.49,4286.67,4618.46,4384.62,0
4317.44,4021.54,4284.1,4135.9,4357.44,4642.05,4090.26,4638.46,4215.9,4246.15,4225.64,4287.18,4616.41,4377.95,0
4313.85,4019.49,4277.95,4135.38,4356.41,4639.49,4087.18,4627.18,4203.59,4244.62,4226.15,4288.21,4617.44,4376.92,0
4314.36,4017.44,4279.49,4136.92,4353.85,4633.85,4084.62,4625.13,4202.56,4244.62,4224.62,4291.79,4624.62,4385.64,0
4318.97,4020,4281.54,4138.46,4352.31,4639.49,4085.64,4642.05,4217.95,4249.74,4226.67,4292.31,4626.15,4387.18,0
4318.46,4023.08,4281.03,4140,4354.87,4645.64,4088.72,4646.15,4214.87,4249.74,4221.54,4289.23,4617.95,4380.51,0
4314.36,4024.1,4284.62,4139.49,4357.44,4640.51,4091.79,4636.41,4203.08,4242.56,4212.31,4289.23,4612.31,4376.41,0
4314.36,4022.05,4286.15,4138.46,4354.87,4636.92,4090.77,4633.85,4206.15,4239.49,4210.77,4289.74,4613.85,4375.38,0
4314.87,4020,4282.56,4137.95,4350.77,4637.44,4088.21,4632.31,4206.15,4241.03,4213.33,4286.67,4617.44,4376.92,0
4312.31,4016.92,4280.51,4131.79,4349.23,4633.85,4087.69,4626.15,4197.95,4238.46,4212.31,4285.13,4616.41,4375.38,0
4312.31,4013.85,4282.05,4130.26,4350.77,4633.33,4087.69,4626.67,4202.56,4235.38,4208.72,4289.23,4614.87,4372.31,0
4314.36,4013.85,4282.56,4134.36,4351.28,4635.9,4086.67,4635.9,4215.9,4242.05,4211.79,4297.44,4614.36,4372.31,0
4315.38,4014.36,4278.46,4134.87,4349.23,4635.9,4084.1,4637.95,4218.97,4250.26,4218.46,4300.51,4612.31,4376.92,0
4316.41,4017.44,4278.97,4133.33,4347.69,4637.95,4085.13,4635.9,4215.9,4251.28,4219.49,4296.41,4616.92,4381.54,0
4314.87,4017.44,4279.49,4131.79,4348.72,4638.46,4084.1,4640.51,4213.33,4245.64,4211.28,4289.74,4615.9,4374.36,0
4310.77,4010.77,4269.74,4126.15,4349.74,4630.77,4076.92,4642.05,4209.23,4237.95,4205.64,4287.18,4607.18,4365.64,0
4311.28,4008.72,4261.54,4120.51,4350.77,4626.15,4076.41,4636.92,4207.18,4235.9,4207.18,4287.18,4607.69,4367.18,0
4310.26,4010.26,4263.59,4122.05,4350.26,4633.33,4082.56,4635.9,4204.62,4236.92,4206.67,4285.64,4612.82,4369.74,0
4308.21,4008.72,4267.18,4121.54,4348.21,4636.41,4084.1,4636.41,4198.46,4236.92,4205.64,4285.13,4612.31,4369.23,0
4312.31,4009.74,4267.69,4122.56,4349.74,4632.82,4083.59,4631.79,4194.36,4235.9,4208.72,4287.18,4613.85,4372.31,0
4315.38,4015.38,4267.18,4124.1,4350.26,4633.85,4085.64,4631.79,4198.97,4236.92,4209.74,4289.23,4616.92,4378.46,0
4317.44,4019.49,4271.79,4123.08,4351.79,4636.41,4083.59,4633.33,4206.15,4241.54,4210.77,4291.28,4616.92,4378.97,0
4322.56,4024.1,4277.44,4125.64,4357.44,4634.36,4078.97,4626.67,4205.64,4243.59,4210.77,4290.77,4620.51,4374.87,0
4321.03,4022.05,4277.44,4125.64,4354.36,4634.87,4083.59,4627.18,4206.15,4240,4211.79,4289.23,4622.56,4375.38,0
4316.92,4017.95,4276.41,4122.56,4348.21,4640,4090.26,4640.51,4214.36,4244.62,4212.82,4291.79,4620.51,4383.08,0
4318.46,4020.51,4276.41,4123.08,4351.28,4637.44,4087.18,4645.13,4216.41,4252.31,4210.26,4291.79,4620.51,4382.05,0
4316.41,4021.54,4271.28,4123.59,4352.82,4631.28,4081.54,4640.51,4207.18,4247.18,4207.69,4284.62,4617.95,4374.36,0
4312.31,4018.97,4266.15,4120,4349.23,4631.79,4080.51,4636.92,4203.08,4243.59,4210.26,4285.13,4618.46,4375.9,0
4311.28,4018.97,4264.62,4117.95,4348.21,4635.38,4083.08,4631.79,4203.59,4248.72,4207.18,4289.74,4620,4373.85,0
4305.64,4016.41,4262.05,4116.41,4347.18,4637.44,4086.15,4629.74,4200,4244.62,4197.95,4283.08,4613.33,4363.59,0
4307.18,4015.9,4264.62,4114.87,4349.74,4637.44,4089.23,4632.82,4202.05,4237.95,4200.51,4281.03,4610.26,4367.18,0
4315.38,4024.62,4269.74,4121.03,4355.9,4635.9,4085.64,4631.28,4206.67,4241.03,4210.77,4292.31,4620,4380,0
4314.36,4024.1,4268.21,4121.54,4356.41,4634.87,4082.05,4626.67,4205.64,4246.15,4210.77,4293.85,4625.64,4378.46,0
4307.69,4013.85,4265.13,4111.79,4349.23,4632.82,4083.59,4629.74,4211.28,4247.18,4204.62,4286.15,4617.95,4369.74,0
4307.69,4011.79,4265.64,4110.77,4343.59,4630.77,4083.08,4636.41,4218.97,4248.72,4204.62,4287.69,4611.79,4371.79,0
4307.18,4015.9,4267.69,4121.03,4343.59,4631.28,4080,4635.38,4210.26,4244.62,4206.67,4290.26,4613.85,4375.38,0
4304.1,4012.82,4267.69,4123.08,4344.62,4629.74,4080,4629.23,4198.46,4239.49,4201.03,4285.13,4616.41,4371.79,0
4303.08,4007.18,4265.13,4113.85,4344.1,4628.21,4080.51,4624.1,4192.31,4235.38,4190.77,4280.51,4609.74,4368.72,0
4304.62,4012.31,4266.15,4113.33,4343.59,4630.77,4077.95,4623.08,4192.82,4230.26,4189.23,4278.46,4605.13,4370.77,0
4305.13,4015.9,4267.18,4117.44,4345.13,4630.26,4080,4626.15,4202.05,4232.82,4196.41,4280.51,4610.26,4370.77,0
4301.54,4010.77,4265.64,4111.28,4343.59,4626.67,4083.59,4629.23,4204.62,4237.95,4195.9,4284.1,4610.77,4366.67,0
4297.44,4008.72,4264.1,4107.69,4343.08,4628.21,4083.59,4627.69,4197.44,4232.31,4189.23,4278.97,4602.05,4366.15,0
4303.08,4015.9,4266.67,4118.46,4344.1,4630.26,4081.54,4624.1,4192.31,4227.18,4188.72,4276.41,4602.05,4367.18,0
4312.82,4021.54,4272.82,4126.15,4345.13,4629.23,4078.97,4623.59,4197.95,4233.33,4194.87,4283.59,4612.31,4368.72,0
4312.82,4018.46,4281.03,4121.54,4347.18,4633.85,4082.56,4628.72,4209.74,4239.49,4197.44,4288.72,4614.87,4374.87,0
4306.15,4012.31,4278.46,4120,4348.21,4637.44,4087.18,4631.79,4208.21,4238.46,4194.87,4287.18,4609.23,4374.87,0
4302.05,4009.74,4268.72,4121.54,4346.15,4631.79,4085.64,4626.67,4192.82,4238.97,4192.82,4283.59,4607.18,4367.69,0
4303.59,4017.44,4269.23,4121.54,4346.15,4629.23,4081.03,4624.62,4192.82,4240,4195.38,4282.05,4612.31,4370.26,0
4305.13,4025.64,4272.82,4121.54,4350.77,4632.31,4077.95,4632.31,4210.26,4242.56,4196.41,4282.05,4616.41,4375.9,0
4303.59,4024.1,4266.67,4125.64,4357.44,4635.9,4079.49,4638.97,4210.77,4244.1,4194.36,4283.59,4615.9,4372.31,0
4308.21,4027.18,4264.1,4135.38,4362.05,4641.03,4082.05,4637.44,4205.13,4242.56,4196.92,4286.67,4617.95,4372.82,0
4313.33,4034.36,4268.72,4134.87,4359.49,4643.59,4082.56,4633.33,4206.15,4236.92,4198.46,4286.67,4619.49,4373.85,0
4306.15,4029.23,4265.64,4125.13,4349.74,4638.46,4079.49,4629.23,4201.03,4229.23,4191.28,4278.46,4609.23,4366.67,0
4300.51,4019.49,4262.56,4122.05,4346.15,4634.87,4076.41,4629.74,4203.59,4231.79,4189.74,4278.97,4604.62,4370.26,0
4309.23,4022.05,4268.21,4123.08,4350.26,4635.38,4077.44,4630.77,4211.79,4242.56,4197.95,4289.74,4614.87,4383.59,0
4316.41,4027.69,4268.72,4123.08,4351.28,4636.41,4081.54,4626.67,4205.64,4244.62,4203.59,4292.82,4623.59,4384.62,0
4312.82,4025.64,4265.64,4124.1,4349.23,4632.82,4082.05,4621.03,4192.82,4240.51,4197.44,4288.72,4619.49,4374.87,0
4307.69,4022.56,4265.13,4124.1,4348.21,4627.69,4078.97,4620.51,4194.87,4240,4192.82,4286.67,4611.79,4368.21,0
4305.64,4021.03,4265.64,4120.51,4348.72,4629.74,4077.44,4626.15,4206.67,4241.03,4198.46,4285.64,4611.28,4371.79,0
4304.62,4020.51,4269.74,4119.49,4353.33,4634.87,4078.97,4630.77,4209.23,4240,4200,4286.15,4617.95,4376.41,0
4307.69,4023.08,4273.33,4121.54,4354.36,4633.33,4083.08,4630.77,4210.26,4246.15,4200.51,4291.28,4622.56,4377.95,0
4311.28,4024.1,4270.77,4123.59,4350.77,4634.87,4086.15,4630.77,4215.9,4251.28,4202.56,4294.87,4620.51,4380.51,0
4308.72,4020.51,4268.72,4121.03,4347.69,4640,4085.13,4631.28,4209.23,4245.64,4200,4291.79,4617.44,4381.54,0
4307.18,4018.97,4273.33,4122.56,4349.23,4635.9,4083.08,4628.72,4203.08,4242.56,4198.46,4291.28,4620,4384.1,0
4315.9,4028.21,4278.46,4133.85,4356.41,4632.82,4083.59,4630.26,4212.82,4251.79,4206.15,4298.97,4628.72,4393.85,0
4324.1,4034.87,4280.51,4139.49,4359.49,4640,4082.05,4638.46,4224.62,4261.54,4217.44,4307.18,4637.95,4401.03,0
4322.56,4033.33,4278.97,4136.41,4358.46,4640.51,4078.46,4643.08,4220.51,4264.1,4220,4303.08,4638.97,4396.92,0
4318.97,4031.79,4278.46,4136.41,4361.54,4639.49,4079.49,4640.51,4212.31,4261.54,4214.87,4293.85,4633.85,4388.21,0
4316.92,4029.74,4281.03,4132.82,4362.56,4646.67,4083.59,4638.46,4215.38,4256.92,4208.21,4294.87,4628.21,4382.05,0
4312.82,4026.15,4279.49,4124.62,4354.87,4647.69,4083.08,4643.08,4225.13,4254.87,4208.72,4298.46,4626.15,4382.05,0
4309.74,4027.18,4274.87,4128.72,4348.21,4642.05,4078.46,4644.62,4227.18,4260.51,4211.79,4295.9,4631.28,4387.69,0
4314.36,4034.87,4277.95,4138.46,4353.85,4643.08,4079.49,4637.95,4220,4266.67,4213.85,4297.95,4637.95,4392.82,0
4320.51,4036.92,4281.54,4137.95,4356.92,4646.15,4085.64,4638.46,4221.54,4264.62,4214.36,4305.13,4641.03,4389.23,0
4317.95,4030.77,4280.51,4136.41,4350.77,4638.97,4082.56,4641.54,4222.05,4254.87,4207.18,4301.03,4636.92,4384.62,0
4314.87,4030.26,4279.49,4137.95,4349.23,4631.28,4072.82,4631.28,4202.56,4246.67,4204.62,4294.36,4629.74,4389.23,0
4316.92,4034.87,4280.51,4137.95,4353.85,4631.28,4071.28,4621.54,4193.85,4246.15,4209.23,4296.41,4626.67,4390.77,0
4314.36,4033.85,4279.49,4137.44,4354.36,4637.44,4075.38,4626.67,4204.62,4243.08,4201.03,4291.79,4623.08,4380.51,0
4309.74,4031.79,4277.95,4137.95,4351.28,4638.97,4075.38,4626.15,4207.18,4238.46,4189.74,4284.1,4618.97,4380.51,0
4312.82,4032.82,4278.97,4137.95,4351.28,4634.36,4077.95,4626.15,4206.67,4243.59,4198.97,4289.23,4621.03,4387.18,0
4314.36,4033.85,4280.51,4137.44,4353.33,4636.92,4086.67,4640,4217.44,4251.28,4207.18,4296.41,4626.67,4386.67,0
4312.82,4034.87,4282.56,4138.46,4351.28,4640,4087.69,4642.56,4218.46,4250.77,4200,4293.33,4627.18,4383.59,0
4308.72,4033.85,4278.46,4137.44,4348.72,4635.38,4080,4627.69,4205.64,4242.05,4192.82,4285.64,4624.62,4376.92,0
4296.41,4026.15,4268.21,4133.85,4346.67,4632.82,4076.41,4622.05,4197.95,4234.36,4187.18,4277.44,4616.92,4366.15,0
4289.74,4021.03,4263.59,4129.23,4346.15,4633.33,4074.36,4623.08,4198.46,4230.77,4182.05,4272.31,4605.64,4362.56,0
4292.82,4021.54,4265.64,4128.21,4342.56,4630.26,4066.67,4611.79,4189.74,4223.08,4177.95,4271.79,4597.44,4358.97,0
4291.28,4020.51,4262.05,4123.59,4342.05,4629.23,4063.59,4603.08,4177.44,4213.33,4168.21,4266.67,4589.23,4347.18,0
4288.72,4020,4259.49,4121.03,4345.13,4632.82,4068.72,4609.74,4183.08,4213.85,4162.56,4261.03,4587.69,4350.77,0
4300,4028.72,4267.69,4132.82,4345.13,4632.82,4071.28,4616.92,4194.87,4222.56,4174.87,4268.72,4600.51,4372.82,0
4316.41,4040.51,4277.44,4140,4345.13,4633.85,4072.31,4624.1,4202.56,4229.74,4189.74,4281.54,4615.38,4388.21,0
4330.26,4045.64,4287.18,4137.95,4345.64,4634.36,4074.87,4630.26,4208.21,4236.41,4194.36,4289.23,4620,4396.92,0
4345.13,4055.9,4296.41,4149.23,4345.64,4630.26,4073.33,4624.1,4200.51,4236.41,4194.87,4293.33,4620,4404.1,0
4353.85,4070.77,4293.85,4156.41,4347.69,4629.74,4074.36,4611.79,4184.1,4224.62,4190.26,4290.77,4618.46,4405.13,0
4360.51,4077.44,4290.26,4154.87,4350.26,4633.33,4080.51,4609.74,4186.15,4221.03,4188.72,4288.21,4617.95,4415.38,0
4375.38,4086.15,4298.97,4164.62,4349.23,4632.31,4079.49,4614.87,4194.87,4228.21,4193.85,4296.92,4625.64,4432.82,0
4382.56,4096.92,4300.51,4173.85,4345.13,4626.67,4071.79,4617.95,4193.33,4226.67,4192.31,4301.54,4626.15,4431.79,0
4385.64,4098.97,4293.85,4166.67,4344.62,4627.18,4069.23,4616.92,4191.28,4220.51,4187.18,4293.85,4618.97,4430.26,0
4406.15,4111.28,4302.56,4167.18,4348.72,4628.72,4071.28,4613.85,4189.74,4218.46,4192.31,4296.41,4627.69,4450.77,0
4422.05,4127.18,4313.33,4181.03,4349.74,4626.67,4075.38,4611.79,4186.15,4220.51,4195.9,4305.13,4637.44,4460,0
4414.87,4125.13,4310.77,4186.15,4346.67,4624.62,4078.97,4612.31,4184.62,4224.1,4193.33,4301.03,4634.36,4450.26,0
4413.33,4126.15,4307.18,4183.08,4349.74,4621.54,4075.38,4610.77,4185.13,4225.13,4199.49,4297.44,4638.97,4456.92,0
4424.1,4141.54,4315.38,4184.62,4353.85,4622.56,4071.28,4608.72,4191.28,4224.1,4204.62,4303.59,4644.62,4465.13,0
4427.69,4140,4317.95,4187.18,4351.28,4626.67,4076.92,4615.9,4197.95,4225.13,4197.44,4304.1,4634.87,4457.95,0
4429.23,4126.15,4313.85,4185.13,4349.23,4624.1,4080.51,4622.56,4198.46,4227.18,4196.92,4300,4635.9,4460,0
4437.44,4129.74,4316.92,4183.59,4349.74,4617.95,4073.33,4619.49,4197.44,4232.82,4209.74,4304.1,4653.85,4477.95,0
4446.15,4137.95,4324.62,4185.64,4347.69,4617.44,4066.15,4611.79,4193.33,4237.95,4217.95,4312.31,4662.05,4485.13,0
4448.21,4129.23,4327.18,4186.67,4345.13,4616.41,4066.15,4607.69,4183.59,4233.33,4215.38,4314.87,4662.05,4483.59,0
4441.03,4120,4321.03,4183.59,4349.74,4613.85,4069.74,4607.69,4182.05,4224.62,4211.79,4313.33,4664.1,4484.1,0
4433.85,4120.51,4313.85,4176.41,4356.92,4615.9,4069.74,4611.28,4189.23,4226.15,4211.79,4306.15,4664.1,4479.49,0
4429.23,4118.46,4307.69,4172.31,4355.9,4617.44,4067.69,4611.79,4188.72,4231.79,4212.31,4296.92,4661.03,4472.82,0
4424.1,4107.69,4301.03,4168.21,4351.28,4617.95,4068.72,4604.62,4181.54,4229.23,4207.18,4292.31,4654.87,4469.23,0
4420.51,4102.05,4293.85,4162.05,4350.26,4620.51,4073.85,4603.08,4187.18,4223.59,4205.13,4295.9,4655.38,4470.77,0
4424.1,4104.62,4292.82,4162.56,4352.82,4623.59,4076.92,4612.31,4198.46,4228.21,4214.87,4305.13,4672.82,4478.97,0
4432.82,4103.08,4302.05,4167.69,4357.44,4623.08,4074.87,4615.38,4196.41,4241.54,4230.26,4314.36,4692.82,4491.79,0
4442.05,4101.54,4309.23,4168.72,4360,4619.49,4073.85,4614.36,4196.92,4248.72,4240.51,4319.49,4701.03,4503.08,0
4448.21,4104.62,4313.85,4168.21,4359.49,4615.38,4073.85,4624.1,4213.85,4254.87,4245.13,4322.05,4706.15,4509.23,0
4443.59,4098.97,4310.77,4163.08,4356.92,4615.38,4071.79,4631.79,4218.46,4257.95,4245.13,4322.56,4708.72,4503.08,0
4431.28,4080.51,4298.97,4149.23,4352.31,4620,4069.74,4618.46,4199.49,4252.31,4242.56,4319.49,4705.64,4496.92,0
4425.13,4069.74,4291.79,4138.97,4348.21,4621.03,4068.21,4599.49,4185.64,4247.69,4240,4315.9,4708.72,4498.46,0
4422.05,4068.72,4292.82,4138.46,4349.23,4616.92,4067.18,4597.44,4189.74,4244.62,4237.44,4309.23,4711.79,4493.85,0
4423.59,4070.26,4293.85,4138.97,4355.38,4615.9,4071.28,4611.79,4201.54,4245.64,4242.05,4306.15,4713.85,4494.36,0
4429.23,4068.21,4293.85,4142.05,4358.46,4623.59,4079.49,4622.05,4209.23,4254.36,4251.79,4315.9,4724.62,4507.18,0
4428.72,4061.03,4300,4147.18,4356.92,4630.77,4082.56,4622.56,4210.77,4261.03,4255.9,4326.15,4734.87,4512.31,0
4429.23,4064.1,4311.79,4153.33,4357.44,4626.15,4084.62,4629.74,4218.97,4268.72,4266.67,4333.33,4743.59,4522.05,0
4438.46,4070.26,4319.49,4152.31,4359.49,4622.56,4089.23,4641.54,4229.74,4279.49,4278.97,4342.56,4755.38,4533.33,0
4435.9,4060,4315.38,4143.08,4358.46,4625.64,4086.67,4636.92,4224.62,4277.95,4274.87,4343.08,4755.38,4525.64,0
4426.67,4054.36,4308.72,4142.56,4358.46,4623.59,4077.44,4622.56,4215.38,4271.28,4271.28,4337.44,4750.77,4522.56,0
4428.21,4059.49,4311.28,4148.21,4358.97,4621.03,4076.41,4620,4215.9,4277.95,4280,4342.56,4756.92,4529.74,0
4424.1,4049.23,4311.79,4143.59,4355.38,4626.67,4080,4627.18,4214.36,4277.44,4278.46,4344.1,4757.44,4520.51,0
4411.28,4035.38,4305.13,4134.87,4355.38,4629.23,4079.49,4631.28,4211.28,4266.15,4266.67,4332.82,4747.69,4505.64,0
4403.59,4031.28,4296.92,4134.36,4357.44,4623.08,4077.95,4629.74,4211.28,4263.08,4261.03,4327.69,4740,4504.62,0
4398.97,4026.67,4295.9,4134.87,4355.9,4624.62,4077.95,4628.21,4213.85,4264.1,4262.05,4328.72,4740.51,4505.64,0
4401.54,4029.74,4304.62,4135.38,4358.46,4632.31,4081.03,4632.31,4220.51,4267.18,4269.23,4329.23,4745.64,4506.67,0
4406.15,4038.97,4305.64,4139.49,4356.92,4630.77,4086.67,4634.87,4221.03,4271.79,4270.77,4330.26,4745.64,4504.62,0
4401.03,4037.44,4296.92,4136.41,4349.23,4621.54,4083.59,4628.72,4220,4272.82,4264.62,4328.72,4740.51,4499.49,0
4397.44,4029.74,4300,4132.82,4349.74,4621.54,4070.77,4623.59,4224.62,4273.85,4267.18,4327.69,4743.59,4501.54,1
4404.1,4031.28,4309.74,4136.92,4358.46,4630.26,4069.74,4626.67,4224.1,4278.46,4273.33,4331.28,4749.74,4506.15,1
4409.74,4040,4312.82,4140,4364.1,4632.31,4080,4627.18,4222.56,4284.62,4275.9,4333.85,4754.87,4509.23,1
4406.67,4035.38,4312.82,4139.49,4361.03,4629.23,4085.64,4628.72,4229.23,4289.74,4284.62,4337.44,4757.95,4511.28,1
4400,4022.05,4313.85,4139.49,4356.92,4630.26,4085.64,4637.44,4228.21,4287.18,4286.15,4341.54,4753.33,4506.67,1
4396.92,4020.51,4311.28,4137.44,4355.38,4631.79,4086.67,4641.54,4216.41,4275.38,4273.85,4337.95,4743.59,4498.97,1
4394.87,4020.51,4304.62,4129.74,4353.33,4631.28,4086.67,4635.9,4214.36,4265.13,4267.69,4330.77,4737.44,4493.85,1
4389.23,4011.28,4296.41,4123.59,4347.69,4629.74,4084.62,4632.31,4222.05,4264.1,4262.56,4323.59,4727.69,4485.64,1
4380.51,4005.13,4290.26,4121.54,4350.26,4629.74,4088.21,4632.31,4220.51,4263.08,4252.82,4313.85,4718.46,4474.36,1
4374.87,4006.67,4289.23,4122.05,4356.92,4630.26,4091.79,4626.67,4213.85,4261.54,4252.82,4313.33,4721.03,4474.36,1
4376.41,4010.26,4292.82,4125.13,4357.44,4630.77,4085.13,4624.1,4216.41,4266.67,4258.97,4321.03,4727.18,4480.51,1
4381.03,4013.33,4295.9,4126.67,4357.95,4631.79,4076.92,4627.69,4217.44,4272.82,4264.1,4321.54,4728.21,4482.05,1
4378.46,4007.69,4295.38,4127.69,4357.95,4630.77,4078.97,4629.74,4207.69,4269.23,4268.72,4317.44,4727.69,4478.46,1
4372.82,4003.59,4292.31,4127.18,4357.95,4629.74,4088.72,4633.33,4211.28,4270.26,4267.69,4321.54,4727.69,4476.92,1
4375.9,4009.74,4293.33,4123.59,4359.49,4635.9,4095.9,4645.13,4228.21,4280,4268.72,4329.74,4730.26,4480,1
4370.77,4005.13,4292.31,4121.54,4357.44,4640.51,4100,4651.28,4234.36,4283.08,4273.85,4328.72,4731.79,4478.46,1
4360,3997.44,4290.77,4123.59,4354.36,4636.41,4100,4648.21,4236.92,4282.05,4270.77,4322.05,4726.67,4470.77,1
4362.05,4002.56,4290.26,4123.08,4356.92,4636.92,4098.46,4648.21,4236.41,4281.54,4264.62,4316.92,4719.49,4465.13,1
4364.1,4001.54,4287.18,4121.03,4358.97,4644.62,4100,4646.67,4226.15,4277.95,4263.08,4313.85,4715.38,4464.1,1
4360.51,3994.87,4285.13,4124.1,4360,4645.64,4101.03,4643.59,4224.62,4276.41,4265.13,4315.38,4716.41,4466.67,1
4362.56,3997.95,4290.26,4123.59,4360,4640,4097.44,4645.64,4230.77,4278.97,4268.21,4319.49,4717.95,4469.23,1
4366.15,4004.62,4295.38,4121.54,4359.49,4635.9,4091.79,4642.56,4225.13,4277.95,4268.21,4317.44,4717.44,4465.64,1
4365.13,4008.72,4293.33,4130.26,4361.54,4633.33,4086.67,4631.28,4216.41,4276.92,4268.72,4315.38,4715.9,4462.05,1
4366.67,4014.87,4294.36,4140.51,4363.59,4631.28,4085.13,4631.28,4227.18,4284.62,4272.82,4321.03,4720.51,4467.69,1
4366.15,4013.85,4298.97,4137.44,4361.03,4632.82,4088.21,4643.08,4242.56,4290.77,4272.82,4323.08,4724.1,4468.72,1
4362.05,4005.64,4295.9,4127.69,4357.95,4636.92,4091.79,4648.72,4234.87,4284.1,4264.1,4317.44,4715.38,4457.95,1
4356.92,3997.44,4291.79,4123.59,4358.97,4635.9,4089.74,4643.08,4216.92,4271.28,4258.46,4313.85,4703.08,4448.72,1
4349.23,3993.33,4294.36,4122.05,4358.97,4633.85,4090.77,4640.51,4218.97,4263.08,4253.85,4308.72,4694.87,4447.18,1
4347.18,3996.92,4295.9,4122.56,4358.97,4638.46,4096.92,4648.72,4231.28,4264.62,4247.18,4305.64,4687.18,4444.62,1
4343.59,3998.46,4286.67,4123.59,4360,4638.97,4095.9,4649.23,4222.56,4264.62,4240.51,4301.54,4677.95,4433.85,1
4331.28,3992.31,4275.38,4122.05,4360.51,4634.36,4090.26,4640,4213.85,4259.49,4236.41,4290.26,4674.87,4423.59,1
4328.72,3990.77,4276.41,4120.51,4363.08,4638.97,4092.82,4644.1,4231.79,4264.1,4241.54,4290.26,4680.51,4429.74,1
4339.49,3996.92,4283.08,4122.05,4365.13,4643.08,4095.38,4651.79,4241.03,4278.46,4248.72,4305.64,4686.15,4439.49,1
4341.03,3996.92,4282.05,4123.59,4362.05,4635.38,4090.77,4642.56,4222.05,4278.97,4252.82,4310.77,4687.18,4435.9,1
4332.82,3992.82,4278.46,4121.03,4357.44,4629.23,4089.74,4633.33,4211.28,4270.77,4253.33,4303.59,4685.64,4430.26,1
4334.36,3993.33,4284.1,4121.54,4360,4633.85,4094.87,4638.97,4226.15,4271.79,4250.26,4306.67,4686.15,4434.87,1
4338.46,3997.44,4286.67,4122.56,4361.03,4636.92,4094.87,4645.13,4230.26,4272.31,4246.15,4308.72,4685.13,4432.82,1
4330.26,3993.85,4279.49,4116.92,4356.41,4634.87,4091.28,4640,4218.97,4263.59,4245.13,4301.03,4676.92,4421.54,1
4321.03,3986.15,4276.41,4113.85,4353.85,4634.36,4091.79,4642.05,4219.49,4259.49,4243.59,4298.46,4668.72,4418.46,1
4321.54,3984.1,4280.51,4119.49,4357.95,4640,4094.87,4654.36,4227.18,4264.1,4237.44,4302.56,4670.26,4423.08,1
4325.64,3985.13,4284.1,4122.56,4361.54,4645.13,4094.87,4654.36,4228.21,4267.69,4236.92,4305.13,4674.87,4424.1,1
4327.69,3986.67,4284.62,4121.54,4360.51,4641.03,4091.79,4644.62,4227.69,4266.15,4240.51,4303.59,4671.28,4420,1
4329.74,3984.1,4284.1,4122.56,4357.44,4636.92,4091.28,4643.59,4227.69,4265.13,4240,4301.03,4665.13,4417.44,1
4331.79,3981.54,4288.21,4123.59,4354.87,4638.97,4091.28,4646.15,4228.21,4268.21,4239.49,4304.62,4670.26,4422.56,1
4336.92,3986.67,4295.9,4122.56,4357.44,4638.46,4091.79,4646.67,4231.28,4272.82,4247.18,4313.33,4680,4433.33,1
4340.51,3994.36,4297.44,4127.18,4360.51,4633.85,4094.36,4648.21,4231.28,4273.33,4251.79,4314.87,4682.56,4436.41,1
4338.97,3994.36,4293.33,4136.41,4360,4631.28,4093.85,4647.69,4225.64,4271.28,4248.21,4311.79,4678.97,4430.26,1
4336.92,3994.36,4295.38,4137.95,4360,4631.28,4090.77,4645.13,4226.67,4271.28,4245.13,4309.74,4678.46,4427.18,1
4329.74,3991.79,4294.87,4127.18,4355.9,4633.33,4091.28,4641.03,4219.49,4266.15,4241.03,4301.54,4670.77,4419.49,1
4317.44,3981.03,4283.59,4121.03,4351.28,4635.38,4091.28,4633.85,4210.77,4257.44,4234.87,4295.9,4658.97,4407.18,1
4312.82,3980,4281.03,4124.1,4355.9,4636.41,4089.74,4642.05,4223.59,4257.95,4234.87,4296.92,4657.95,4408.72,1
4315.38,3985.64,4287.18,4124.1,4361.03,4635.38,4091.79,4654.87,4230.77,4263.08,4232.31,4294.87,4660.51,4411.28,1
4313.85,3984.1,4281.54,4122.56,4356.41,4637.44,4092.82,4648.21,4217.95,4262.56,4222.05,4287.69,4652.82,4402.05,1
4306.15,3978.46,4271.79,4122.56,4355.38,4639.49,4088.72,4643.59,4218.97,4258.97,4220,4285.13,4646.67,4394.36,1
4301.03,3978.97,4275.38,4123.08,4360.51,4639.49,4090.26,4653.33,4231.79,4261.54,4227.69,4288.72,4651.28,4398.46,1
4305.64,3981.03,4281.03,4125.13,4360,4639.49,4092.31,4648.21,4222.05,4265.64,4231.79,4294.87,4655.38,4403.08,1
4312.82,3984.62,4280,4125.13,4356.92,4641.03,4089.23,4634.87,4208.72,4264.62,4229.74,4296.41,4654.87,4400.51,1
4308.21,3989.23,4279.49,4129.23,4360,4640,4088.72,4636.92,4215.9,4259.49,4227.18,4291.28,4655.38,4396.92,1
4301.03,3986.67,4278.97,4134.36,4362.05,4637.44,4090.77,4640,4217.95,4255.9,4225.64,4286.15,4652.82,4395.9,1
4303.59,3979.49,4278.97,4128.21,4355.9,4635.9,4086.15,4638.46,4216.92,4258.46,4225.64,4285.64,4648.21,4396.41,1
4304.62,3975.38,4278.97,4118.97,4352.82,4634.36,4080.51,4640.51,4217.95,4258.46,4227.18,4289.74,4650.26,4395.9,1
4300,3971.79,4276.92,4120,4355.38,4634.87,4083.59,4644.1,4215.9,4255.9,4226.15,4291.28,4650.77,4392.82,1
4299.49,3973.85,4276.92,4123.08,4352.82,4636.92,4089.23,4645.64,4218.97,4254.36,4224.1,4289.74,4643.08,4392.31,1
4304.62,3974.87,4279.49,4121.54,4351.79,4632.82,4087.69,4644.1,4219.49,4253.33,4224.62,4290.77,4641.03,4392.31,1
4304.1,3971.79,4275.38,4121.03,4353.85,4630.26,4084.62,4643.59,4213.33,4250.26,4222.05,4288.21,4643.08,4390.26,1
4298.97,3970.77,4266.67,4120.51,4353.33,4631.79,4086.67,4644.1,4214.36,4248.21,4219.49,4281.54,4639.49,4389.74,1
4301.54,3975.38,4266.67,4122.56,4352.82,4631.28,4087.69,4636.92,4215.38,4251.28,4224.1,4283.59,4639.49,4392.31,1
4304.1,3975.9,4269.74,4122.05,4353.33,4630.77,4084.1,4624.62,4202.05,4246.15,4224.62,4288.21,4639.49,4389.74,1
4298.97,3975.9,4267.18,4116.92,4354.87,4633.85,4082.05,4626.15,4204.1,4240,4218.46,4283.08,4632.82,4383.59,1
4302.56,3983.59,4268.72,4120,4362.05,4634.36,4087.18,4642.05,4223.08,4248.72,4220.51,4280.51,4632.31,4385.64,1
4309.23,3986.67,4271.28,4123.08,4364.62,4633.33,4089.74,4648.72,4225.64,4258.97,4226.15,4285.13,4640,4389.74,1
4300.51,3978.97,4264.1,4114.36,4359.49,4635.9,4086.15,4643.08,4213.85,4252.82,4224.62,4285.64,4640,4386.15,1
4294.36,3974.36,4261.03,4106.67,4358.97,4637.44,4087.69,4640.51,4205.64,4246.67,4221.54,4286.15,4635.38,4384.1,1
4299.49,3975.9,4265.64,4108.21,4358.46,4632.82,4089.74,4640.51,4208.21,4249.74,4223.08,4287.18,4635.9,4385.64,1
4297.44,3974.36,4264.1,4108.21,4354.87,4629.74,4085.13,4634.87,4213.33,4249.23,4222.05,4283.08,4637.95,4383.08,1
4295.9,3975.38,4262.56,4107.69,4357.95,4631.28,4083.08,4635.9,4218.46,4248.21,4220.51,4281.54,4641.03,4385.13,1
4304.62,3979.49,4265.13,4107.69,4361.03,4631.28,4087.18,4641.03,4220,4255.9,4225.13,4287.18,4646.15,4396.41,1
4309.74,3978.46,4266.15,4106.67,4358.97,4631.28,4084.1,4629.23,4208.21,4255.9,4234.36,4293.85,4649.74,4402.05,1
4306.67,3980,4265.13,4107.18,4358.97,4632.82,4076.92,4616.41,4194.36,4247.69,4233.85,4295.9,4650.26,4396.92,1
4302.56,3982.05,4264.1,4107.69,4360,4631.79,4078.46,4621.54,4204.1,4248.21,4226.15,4292.31,4647.18,4393.85,1
4304.1,3984.1,4264.62,4106.15,4361.54,4633.33,4086.15,4633.85,4222.56,4255.9,4231.79,4288.21,4649.74,4398.97,1
4308.21,3990.77,4264.1,4108.72,4361.54,4636.41,4090.26,4635.9,4220,4260,4241.54,4289.74,4655.38,4397.44,1
4303.59,3988.72,4262.56,4108.21,4356.41,4632.31,4088.21,4630.26,4209.74,4256.41,4235.9,4291.28,4651.28,4390.77,1
4298.97,3977.95,4268.72,4104.62,4355.9,4630.26,4088.21,4631.28,4213.85,4254.87,4233.33,4292.82,4646.67,4395.38,1
4308.72,3980.51,4278.97,4111.28,4362.56,4637.44,4096.41,4642.05,4227.18,4260,4244.1,4302.05,4652.82,4404.1,1
4312.82,3991.28,4277.95,4117.95,4364.62,4638.97,4096.92,4644.1,4230.77,4263.08,4246.67,4305.13,4658.46,4400.51,1
4307.18,3991.79,4275.38,4115.9,4361.54,4635.9,4091.28,4636.92,4220,4261.54,4236.41,4295.9,4655.9,4396.92,1
4305.13,3985.13,4277.44,4113.33,4359.49,4635.9,4091.28,4635.9,4210.26,4258.46,4231.79,4288.72,4649.74,4395.9,1
4302.56,3982.05,4271.28,4111.28,4360,4635.38,4095.9,4633.33,4211.79,4252.82,4232.31,4290.77,4641.54,4388.72,1
4297.95,3985.13,4267.18,4110.26,4363.59,4636.92,4093.33,4626.15,4209.23,4246.15,4229.74,4287.69,4638.97,4383.08,1
4301.54,3988.21,4271.28,4112.31,4364.62,4637.95,4087.69,4623.59,4201.03,4247.18,4224.62,4281.03,4641.03,4384.62,1
4301.03,3987.18,4276.92,4112.31,4361.03,4637.44,4089.23,4628.72,4208.72,4247.69,4222.05,4285.64,4636.92,4385.13,1
4295.38,3983.59,4276.92,4110.26,4361.03,4637.95,4092.31,4633.85,4218.97,4245.13,4224.62,4291.28,4631.28,4383.59,1
4295.9,3980.51,4270.26,4110.77,4361.03,4636.92,4085.13,4629.74,4207.69,4247.69,4225.64,4286.67,4634.36,4380.51,1
4295.38,3976.92,4268.21,4108.72,4358.97,4633.33,4078.97,4625.64,4202.05,4250.26,4224.1,4284.62,4636.41,4379.49,1
4291.79,3976.92,4272.31,4105.64,4357.95,4631.79,4080.51,4636.92,4222.56,4252.31,4224.1,4288.72,4632.82,4382.05,1
4291.79,3975.9,4267.69,4106.15,4355.9,4631.28,4083.08,4643.08,4223.59,4252.31,4222.56,4287.69,4630.77,4379.49,1
4290.77,3972.31,4260.51,4105.64,4353.33,4634.36,4088.72,4632.31,4198.97,4246.67,4221.03,4283.08,4629.74,4370.77,1
4285.13,3972.82,4264.62,4104.1,4355.38,4638.46,4096.41,4627.69,4196.92,4237.95,4220.51,4283.59,4626.15,4372.31,1
4287.18,3973.85,4266.67,4104.62,4358.97,4634.87,4097.44,4634.36,4214.87,4240,4220,4286.67,4624.62,4382.05,1
4291.79,3972.31,4265.13,4105.64,4356.92,4631.28,4093.85,4633.33,4214.36,4247.69,4223.59,4288.21,4628.21,4382.05,1
4288.21,3971.28,4266.67,4101.03,4355.9,4632.31,4092.31,4627.69,4203.59,4243.08,4221.03,4285.64,4626.15,4374.36,1
4286.15,3971.79,4266.15,4098.97,4357.44,4634.36,4093.33,4626.15,4203.59,4233.85,4212.31,4282.56,4622.05,4372.82,1
4287.18,3972.82,4264.62,4105.13,4355.9,4635.9,4094.36,4630.26,4206.67,4234.87,4214.36,4283.08,4622.56,4371.79,1
4287.69,3971.28,4263.08,4107.18,4355.38,4634.36,4089.74,4632.82,4208.21,4241.54,4218.97,4278.46,4620.51,4368.21,1
4289.23,3971.79,4263.08,4103.08,4355.9,4630.77,4084.62,4631.79,4210.26,4240,4212.31,4273.33,4616.92,4370.77,1
4293.33,3973.85,4266.67,4104.62,4352.82,4634.36,4087.18,4631.28,4210.77,4235.38,4211.28,4279.49,4617.95,4376.41,1
4289.74,3972.82,4267.69,4105.13,4348.72,4634.87,4087.69,4631.28,4209.23,4235.9,4215.38,4282.05,4621.54,4370.77,1
4280,3963.08,4262.05,4095.9,4347.18,4624.62,4083.08,4625.64,4205.64,4234.87,4207.69,4271.79,4618.46,4361.03,1
4275.38,3959.49,4261.03,4094.36,4350.77,4622.56,4082.56,4618.97,4200.51,4232.82,4205.13,4269.23,4616.92,4363.59,1
4276.41,3967.18,4262.05,4102.05,4355.38,4629.74,4087.18,4620.51,4199.49,4233.33,4213.33,4275.9,4617.95,4368.21,1
4273.33,3966.67,4253.85,4100.51,4353.33,4635.9,4091.79,4629.74,4208.72,4235.38,4211.28,4275.9,4614.36,4362.05,1
4269.23,3962.05,4252.31,4096.41,4347.69,4640,4092.82,4637.95,4217.95,4240,4207.69,4273.33,4612.82,4358.97,1
4275.9,3969.74,4261.54,4103.08,4350.26,4638.97,4091.79,4632.31,4210.77,4242.56,4212.82,4273.85,4617.44,4365.64,1
4280.51,3976.41,4265.64,4106.15,4357.44,4631.79,4090.77,4620,4203.08,4240.51,4213.33,4274.87,4620.51,4368.72,1
4280.51,3974.87,4265.13,4107.18,4358.46,4633.33,4092.82,4621.03,4210.77,4240,4210.77,4277.95,4620.51,4370.77,1
4291.79,3982.05,4273.33,4118.46,4359.49,4643.08,4095.38,4629.23,4212.31,4242.05,4218.46,4283.59,4625.64,4380,1
4296.92,3991.28,4277.44,4126.15,4363.08,4641.03,4094.87,4626.67,4203.59,4240,4221.54,4282.56,4627.69,4381.54,1
4289.23,3988.72,4268.72,4119.49,4365.13,4637.44,4097.44,4626.15,4209.23,4234.87,4211.79,4279.49,4617.44,4373.33,1
4282.56,3980,4263.59,4112.82,4364.1,4643.59,4100.51,4635.9,4217.95,4235.9,4206.67,4275.9,4610.26,4366.15,1
4276.92,3970.77,4262.56,4107.69,4363.08,4644.1,4100.51,4634.87,4212.82,4235.9,4205.13,4266.15,4609.23,4361.54,1
4281.54,3975.9,4262.56,4108.21,4364.62,4637.44,4097.95,4628.21,4209.23,4240.51,4205.13,4263.59,4611.79,4369.74,1
4301.03,3995.38,4270.26,4118.46,4365.13,4636.92,4094.87,4632.31,4218.97,4251.79,4216.92,4279.49,4622.56,4387.69,1
4312.31,4001.03,4279.49,4124.62,4362.56,4637.95,4096.41,4638.97,4226.15,4257.95,4229.74,4293.85,4633.85,4395.38,1
4309.74,3992.82,4278.46,4120.51,4359.49,4636.92,4100.51,4633.33,4214.87,4252.82,4228.21,4292.31,4633.33,4390.77,1
4311.28,3998.97,4274.36,4119.49,4361.54,4635.9,4097.95,4624.62,4195.9,4242.56,4222.05,4286.15,4630.77,4393.85,1
4318.97,4014.36,4274.36,4130.77,4367.69,4634.87,4094.36,4625.13,4203.08,4244.1,4224.62,4284.62,4636.41,4401.54,1
4324.62,4020,4277.44,4140,4368.21,4636.92,4099.49,4633.33,4224.62,4255.38,4232.82,4291.28,4644.1,4404.1,1
4326.15,4017.44,4283.08,4137.95,4364.62,4638.97,4102.56,4635.9,4220,4256.41,4232.31,4298.46,4643.59,4402.05,1
4320,4013.85,4283.59,4138.46,4363.08,4633.85,4096.41,4627.18,4201.03,4240.51,4220.51,4290.26,4632.82,4393.33,1
4312.82,4009.23,4277.44,4135.9,4358.46,4629.23,4093.33,4623.59,4204.62,4229.23,4208.21,4278.46,4615.9,4380,1
4310.26,4003.59,4275.9,4123.59,4352.31,4633.33,4093.33,4627.69,4213.33,4229.74,4203.08,4278.46,4603.08,4375.9,1
4309.23,4001.54,4280,4121.03,4352.31,4634.36,4093.85,4627.18,4201.54,4226.15,4202.05,4282.05,4604.1,4382.05,1
4311.28,4001.54,4280,4129.23,4355.38,4630.77,4097.95,4625.64,4192.31,4222.56,4203.59,4281.03,4609.74,4387.69,1
4315.38,4000.51,4277.44,4123.08,4352.31,4632.82,4100,4629.74,4201.54,4227.69,4209.23,4285.13,4611.79,4390.26,1
4322.56,4002.56,4278.97,4121.03,4347.69,4631.28,4095.38,4630.26,4209.74,4236.92,4218.46,4293.85,4620.51,4396.92,1
4329.74,4011.28,4281.54,4133.85,4349.23,4624.1,4090.26,4625.13,4208.72,4243.08,4227.18,4300.51,4635.38,4405.13,1
4328.72,4012.82,4281.54,4136.92,4351.79,4625.64,4091.28,4624.1,4207.18,4244.62,4224.62,4296.41,4637.44,4403.08,1
4323.08,4007.69,4279.49,4131.28,4351.79,4630.26,4094.87,4626.15,4206.15,4239.49,4214.87,4284.1,4627.69,4394.87,1
4322.56,4010.77,4278.97,4134.36,4356.41,4626.67,4095.38,4623.08,4204.1,4235.38,4215.9,4279.49,4628.72,4396.92,1
4327.18,4018.97,4280.51,4138.46,4363.59,4626.15,4093.85,4620,4203.59,4239.49,4224.62,4286.15,4637.44,4404.62,1
4328.72,4025.64,4282.56,4138.46,4364.1,4633.85,4098.46,4627.69,4209.23,4243.08,4224.62,4293.85,4637.95,4402.56,1
4327.69,4025.64,4282.56,4139.49,4362.56,4633.33,4103.08,4637.95,4216.92,4243.08,4220,4295.38,4631.28,4397.95,1
4324.62,4021.54,4280,4140,4362.56,4629.74,4099.49,4634.36,4210.26,4242.05,4218.46,4291.79,4626.67,4397.44,1
4322.05,4022.05,4280.51,4140,4363.08,4634.36,4095.38,4624.1,4202.05,4238.97,4221.54,4290.26,4631.28,4397.95,1
4324.62,4024.1,4287.18,4140,4362.56,4634.87,4097.44,4629.23,4210.77,4242.56,4227.69,4295.9,4636.92,4398.97,1
4328.21,4020,4291.79,4139.49,4360,4631.28,4099.49,4638.97,4217.95,4248.21,4229.23,4302.56,4634.36,4403.59,1
4329.23,4016.41,4291.79,4139.49,4357.44,4631.79,4096.92,4638.46,4213.85,4245.13,4227.18,4299.49,4632.31,4406.67,1
4331.28,4020,4293.85,4139.49,4359.49,4632.82,4094.36,4635.9,4209.74,4238.97,4226.15,4294.87,4634.87,4406.67,1
4330.77,4020.51,4292.31,4139.49,4363.08,4629.74,4092.82,4635.38,4209.23,4239.49,4223.59,4297.44,4630.77,4404.1,1
4328.21,4016.92,4291.28,4140.51,4360.51,4628.72,4091.79,4632.31,4211.79,4242.05,4222.56,4301.54,4625.13,4399.49,1
4328.21,4017.44,4292.82,4143.08,4358.46,4630.77,4092.31,4631.79,4213.33,4244.1,4224.62,4300.51,4628.21,4397.44,1
4325.13,4015.9,4288.21,4142.56,4360.51,4628.21,4095.38,4630.77,4205.13,4239.49,4222.56,4297.44,4627.18,4394.87,1
4318.97,4009.23,4278.97,4140.51,4358.46,4625.64,4097.44,4626.15,4201.54,4229.74,4218.46,4291.79,4620.51,4389.74,1
4315.38,4007.18,4276.92,4135.38,4351.79,4626.67,4094.36,4625.13,4205.64,4230.77,4218.97,4285.64,4620,4387.18,1
4313.33,4009.23,4278.97,4132.82,4350.26,4627.69,4091.79,4626.67,4204.62,4236.92,4220,4288.21,4621.54,4388.21,1
4314.87,4007.18,4277.44,4134.36,4356.41,4629.23,4099.49,4627.18,4203.59,4235.38,4221.54,4291.28,4623.08,4391.28,1
4317.95,4004.62,4272.82,4130.77,4357.95,4630.77,4105.64,4631.79,4209.23,4234.36,4221.03,4285.64,4622.56,4387.69,1
4311.79,4005.13,4265.13,4125.13,4351.79,4630.77,4101.03,4637.95,4210.77,4237.95,4216.92,4281.03,4617.44,4380,1
4304.62,4002.05,4262.05,4124.1,4348.72,4632.31,4102.56,4635.38,4205.64,4238.46,4217.44,4283.59,4617.44,4381.03,1
4310.77,3996.92,4268.21,4121.54,4353.85,4632.31,4106.67,4628.72,4206.15,4236.92,4225.13,4287.69,4623.08,4387.69,1
4313.85,3995.38,4270.26,4117.95,4356.92,4630.26,4105.13,4627.69,4204.62,4237.95,4226.67,4288.21,4621.54,4386.15,1
4306.67,3999.49,4265.64,4120,4356.92,4632.82,4106.67,4627.18,4194.87,4236.92,4221.54,4285.64,4618.46,4382.56,1
4305.64,4004.62,4264.1,4122.05,4357.95,4634.87,4107.18,4623.59,4193.85,4235.9,4221.54,4283.08,4620.51,4384.1,1
4313.85,4006.15,4265.13,4120.51,4357.44,4632.82,4100,4625.13,4204.1,4237.95,4224.62,4282.56,4621.54,4385.13,1
4315.9,4006.67,4263.08,4116.92,4357.44,4631.79,4098.46,4629.74,4211.79,4243.08,4227.18,4286.15,4624.62,4387.69,1
4309.74,4005.13,4261.03,4112.31,4357.95,4632.82,4100.51,4628.72,4209.74,4245.64,4227.69,4291.28,4630.26,4389.74,1
4305.64,3999.49,4262.05,4109.23,4353.85,4630.26,4093.33,4627.69,4207.69,4242.56,4227.18,4289.74,4627.18,4387.18,1
4306.67,3996.41,4263.08,4107.69,4352.31,4629.23,4089.23,4630.77,4206.15,4235.38,4224.1,4284.1,4619.49,4386.15,1
4308.72,4000,4264.1,4106.15,4355.9,4632.31,4094.87,4628.72,4201.03,4233.85,4218.46,4283.08,4615.9,4385.64,1
4309.74,4002.56,4264.62,4110.77,4353.33,4632.31,4098.46,4622.56,4192.82,4232.82,4214.36,4284.1,4613.85,4384.62,1
4307.18,4000.51,4265.64,4116.41,4347.69,4629.74,4095.38,4624.1,4194.87,4227.18,4214.87,4286.15,4613.85,4385.13,1
4308.21,4001.54,4269.23,4114.36,4352.31,4628.72,4093.33,4626.15,4201.03,4230.26,4221.03,4293.33,4617.95,4391.79,1
4316.41,4008.21,4277.44,4116.92,4358.97,4631.28,4095.38,4623.08,4195.9,4240,4226.15,4297.44,4624.62,4398.97,1
4318.46,4012.82,4278.97,4122.56,4359.49,4632.31,4095.38,4624.62,4195.38,4236.92,4227.69,4292.31,4626.67,4393.85,1
4310.77,4008.72,4270.26,4118.46,4359.49,4632.31,4090.77,4628.72,4203.59,4233.33,4223.08,4285.13,4620,4384.1,1
4308.21,4003.59,4264.1,4114.87,4360,4634.36,4090.26,4627.18,4205.64,4236.92,4217.95,4284.1,4615.9,4383.08,1
4312.82,4005.64,4265.13,4121.03,4358.46,4633.85,4095.38,4626.15,4200.51,4237.95,4220.51,4287.18,4620.51,4386.67,1
4312.31,4009.74,4268.21,4122.56,4356.92,4630.77,4098.97,4628.21,4201.03,4238.97,4226.15,4291.28,4625.13,4387.69,1
4310.77,4010.26,4273.33,4117.44,4355.38,4628.72,4101.03,4627.18,4203.59,4243.08,4223.08,4290.77,4623.59,4386.67,1
4307.18,4005.13,4274.36,4113.85,4351.79,4627.18,4100.51,4623.59,4196.92,4233.33,4212.82,4283.59,4614.36,4378.46,1
4299.49,3998.46,4267.18,4107.69,4349.23,4626.67,4097.44,4620,4186.15,4219.49,4204.62,4276.41,4603.59,4369.23,1
4293.33,3997.44,4262.56,4106.15,4352.82,4628.72,4098.97,4616.92,4185.64,4220.51,4203.08,4276.92,4599.49,4368.72,1
4297.44,4006.15,4264.1,4115.9,4358.46,4631.28,4098.46,4617.44,4194.87,4228.21,4207.69,4278.46,4606.15,4374.87,1
4303.59,4010.26,4264.1,4118.97,4361.03,4633.33,4097.44,4621.03,4198.97,4230.26,4211.28,4276.41,4609.74,4376.92,1
4301.54,4001.54,4263.59,4109.23,4358.97,4634.36,4102.56,4627.69,4204.1,4233.33,4211.79,4280,4607.69,4375.38,1
4297.44,3995.38,4263.59,4107.18,4356.41,4632.31,4104.62,4632.31,4213.33,4238.46,4210.77,4282.05,4607.69,4376.92,1
4304.1,4005.64,4266.15,4118.97,4361.54,4629.74,4097.95,4629.23,4212.82,4243.59,4215.38,4283.08,4611.79,4387.69,1
4317.44,4021.54,4275.9,4126.15,4367.18,4628.72,4093.85,4624.62,4203.59,4248.21,4227.18,4292.31,4626.15,4398.46,1
4317.44,4019.49,4278.46,4123.08,4362.05,4626.15,4094.87,4625.13,4205.64,4248.72,4231.28,4297.44,4635.9,4394.36,1
4307.18,4007.18,4269.74,4118.97,4356.92,4625.64,4097.95,4625.13,4212.31,4245.13,4225.13,4287.18,4628.21,4385.13,1
4305.64,4007.69,4268.21,4118.97,4358.46,4629.74,4101.03,4618.46,4201.54,4241.03,4221.03,4281.03,4620.51,4384.1,1
4307.69,4012.31,4270.26,4117.95,4357.44,4629.23,4103.08,4618.46,4195.38,4240.51,4224.1,4287.18,4625.13,4386.15,1
4305.13,4010.77,4268.72,4114.87,4353.85,4626.15,4105.64,4626.15,4206.15,4243.59,4223.59,4287.18,4626.67,4382.56,1
4304.1,4009.23,4271.28,4116.92,4354.36,4629.74,4110.26,4627.18,4203.59,4242.56,4219.49,4279.49,4617.44,4375.9,1
4309.23,4012.31,4277.44,4121.54,4357.44,4631.79,4108.21,4622.56,4197.95,4236.41,4220,4278.46,4616.92,4378.46,1
4316.92,4013.85,4280,4124.62,4361.03,4627.18,4106.15,4626.15,4212.82,4241.03,4226.15,4288.72,4626.67,4390.77,1
4318.97,4010.77,4281.03,4124.1,4361.03,4629.23,4108.72,4634.87,4218.46,4250.26,4231.28,4293.85,4630.77,4388.72,1
4307.69,4006.15,4280.51,4117.44,4357.44,4634.36,4107.69,4631.79,4204.62,4241.54,4223.59,4285.13,4621.54,4373.33,1
4298.97,4004.1,4275.38,4113.85,4357.95,4631.28,4107.18,4625.13,4204.1,4233.33,4214.36,4277.95,4613.33,4373.33,1
4305.13,4006.15,4274.36,4120,4361.54,4630.26,4110.77,4628.21,4211.79,4244.1,4217.44,4280.51,4619.49,4383.59,1
4308.72,4006.67,4277.44,4123.59,4360.51,4633.85,4111.28,4629.74,4208.21,4249.23,4224.1,4284.1,4623.59,4382.56,1
4303.08,4007.69,4276.41,4117.44,4358.46,4632.31,4109.74,4623.08,4203.08,4241.54,4223.59,4284.62,4618.97,4380.51,1
4304.62,4008.72,4274.36,4116.41,4361.54,4630.26,4110.26,4627.69,4211.28,4244.1,4224.1,4286.67,4620,4386.15,1
4313.33,4011.28,4277.95,4122.05,4362.56,4632.31,4111.28,4638.97,4218.97,4250.26,4226.67,4289.23,4626.67,4386.15,1
4311.79,4013.33,4277.95,4123.59,4360.51,4629.74,4107.18,4631.79,4209.74,4244.1,4221.54,4286.67,4622.05,4378.46,1
4302.56,4007.18,4270.77,4116.92,4356.41,4625.64,4101.03,4619.49,4198.97,4234.87,4211.28,4279.49,4612.31,4374.36,1
4299.49,4000,4266.67,4107.69,4351.79,4629.74,4101.03,4624.62,4207.18,4236.41,4209.74,4278.46,4614.87,4377.95,1
4304.1,4003.08,4268.21,4111.28,4352.31,4632.82,4103.08,4628.21,4208.72,4240,4219.49,4284.1,4620,4384.62,1
4305.64,4006.15,4272.82,4117.95,4353.85,4627.18,4099.49,4616.41,4190.77,4233.85,4221.54,4284.1,4616.41,4384.1,1
4301.54,4001.03,4275.9,4113.33,4349.74,4620,4097.95,4611.79,4185.64,4222.56,4213.85,4281.03,4612.82,4377.44,1
4299.49,3998.46,4277.44,4111.79,4349.23,4618.46,4098.97,4617.95,4195.38,4220.51,4210.77,4279.49,4610.26,4371.28,1
4299.49,3997.44,4277.95,4116.92,4353.85,4623.08,4100,4623.59,4202.56,4229.23,4211.79,4278.97,4600,4369.23,1
4297.44,3994.87,4278.97,4115.38,4351.28,4626.67,4104.62,4629.74,4209.74,4232.82,4210.26,4280.51,4598.46,4372.31,1
4297.44,4000.51,4277.44,4113.33,4351.28,4628.21,4108.21,4625.64,4201.03,4227.18,4210.26,4280.51,4610.26,4374.87,1
4305.13,4008.21,4276.92,4119.49,4355.9,4627.18,4103.08,4607.18,4180,4221.54,4209.74,4278.46,4612.82,4374.87,1
4310.77,4006.67,4281.03,4121.54,4353.85,4626.15,4100,4601.54,4182.56,4222.05,4208.72,4279.49,4607.69,4378.46,1
4311.28,4009.23,4282.05,4123.59,4355.9,4629.74,4106.67,4618.46,4204.62,4231.28,4216.92,4285.64,4618.97,4387.18,1
4317.95,4021.03,4282.56,4134.87,4365.64,4632.31,4109.74,4630.77,4214.36,4243.08,4229.74,4292.82,4632.82,4396.92,1
4321.54,4025.13,4284.1,4142.05,4365.13,4629.23,4105.13,4628.21,4211.28,4247.69,4231.79,4295.9,4631.79,4395.38,1
4315.38,4019.49,4281.03,4135.9,4358.46,4627.18,4100.51,4624.1,4206.15,4244.62,4228.72,4291.79,4627.69,4388.21,1
4311.28,4010.77,4276.92,4125.13,4356.41,4627.69,4100,4622.05,4194.87,4238.97,4225.64,4285.64,4627.18,4384.1,1
4306.67,4000.51,4277.44,4121.54,4353.85,4626.15,4101.54,4615.9,4188.21,4230.26,4216.92,4281.54,4616.92,4380,1
4304.62,3998.97,4275.9,4123.08,4350.26,4628.21,4104.62,4616.41,4199.49,4228.72,4211.79,4277.95,4602.05,4375.9,1
4312.82,4006.67,4273.85,4121.54,4351.79,4632.82,4106.15,4625.64,4212.82,4234.87,4218.97,4283.59,4607.18,4386.67,1
4321.03,4011.28,4276.92,4121.03,4350.77,4631.79,4098.97,4625.64,4205.13,4232.31,4223.08,4289.23,4618.46,4397.95,1
4322.05,4014.36,4278.97,4128.72,4348.21,4625.64,4092.31,4616.92,4196.92,4229.23,4218.97,4283.08,4621.54,4398.97,1
4326.67,4022.56,4280,4138.46,4353.85,4622.05,4091.79,4618.46,4209.23,4238.97,4223.59,4285.64,4631.28,4400,1
4332.31,4025.64,4281.54,4138.46,4358.97,4626.15,4095.9,4629.23,4216.41,4244.62,4230.77,4296.41,4635.9,4401.03,1
4332.82,4022.05,4282.05,4137.44,4358.46,4631.79,4100,4631.79,4205.13,4235.9,4228.72,4296.92,4629.23,4403.59,1
4335.38,4024.1,4288.21,4143.59,4359.49,4632.31,4103.08,4627.18,4198.46,4233.85,4228.72,4294.36,4629.74,4409.74,1
4340,4030.26,4295.38,4146.15,4360.51,4631.28,4099.49,4621.54,4198.46,4238.46,4230.26,4298.97,4632.82,4406.67,1
4341.03,4033.85,4295.9,4144.1,4358.97,4630.77,4094.36,4619.49,4195.38,4233.85,4227.69,4300,4624.62,4400,1
4336.41,4032.31,4292.82,4145.13,4357.95,4629.23,4098.46,4626.15,4199.49,4229.23,4226.67,4300.51,4622.05,4401.54,1
4329.23,4025.64,4289.23,4142.05,4354.36,4629.74,4104.1,4629.74,4204.1,4229.23,4224.62,4301.54,4623.59,4400.51,1
4323.08,4018.46,4281.03,4134.87,4349.23,4628.72,4100,4620,4199.49,4227.18,4216.41,4290.77,4616.92,4388.21,1
4323.59,4018.97,4277.44,4135.38,4351.28,4622.56,4093.33,4613.33,4195.9,4228.21,4217.95,4282.56,4615.9,4385.13,1
4329.74,4022.05,4286.67,4144.1,4353.85,4622.56,4092.82,4621.54,4204.62,4237.44,4224.1,4290.26,4624.1,4395.38,1
4335.38,4024.1,4294.87,4150.77,4356.41,4628.21,4098.46,4632.82,4215.38,4245.64,4228.72,4301.03,4630.77,4405.13,1
4337.95,4029.23,4296.41,4152.31,4359.49,4631.28,4098.46,4628.72,4208.72,4244.62,4234.36,4302.56,4634.87,4407.18,1
4336.41,4032.82,4297.95,4152.82,4360,4633.33,4095.9,4615.9,4193.85,4236.92,4232.31,4298.97,4634.87,4402.56,1
4337.95,4030.77,4300,4154.87,4363.59,4635.38,4098.46,4615.9,4196.92,4233.85,4229.23,4299.49,4634.36,4403.59,1
4340.51,4032.31,4299.49,4154.87,4366.67,4636.41,4104.62,4626.67,4209.74,4241.03,4233.33,4303.59,4635.9,4407.18,1
4338.46,4031.79,4296.41,4150.77,4361.54,4637.44,4110.26,4627.69,4212.31,4243.08,4234.36,4303.59,4630.77,4404.62,1
4338.97,4028.21,4296.92,4151.79,4357.95,4636.41,4108.72,4622.05,4208.21,4238.97,4233.33,4300.51,4627.18,4405.13,1
4345.64,4034.87,4300,4157.95,4361.03,4630.77,4103.59,4617.44,4199.49,4237.95,4234.36,4296.41,4631.79,4405.64,1
4343.59,4036.92,4296.41,4156.92,4361.54,4630.77,4103.08,4614.36,4195.38,4235.38,4228.72,4290.26,4630.77,4397.95,1
4330.77,4025.13,4285.13,4147.18,4359.49,4632.31,4103.08,4623.08,4212.82,4238.46,4223.59,4289.74,4624.1,4390.77,1
4322.05,4016.92,4279.49,4140,4356.92,4629.74,4100.51,4631.79,4215.9,4243.59,4226.67,4291.79,4623.59,4389.74,1
4318.46,4015.38,4274.87,4135.38,4348.72,4628.72,4100,4625.13,4193.33,4234.87,4223.59,4286.15,4618.97,4385.13,1
4317.95,4011.79,4268.72,4129.23,4347.69,4627.69,4100,4618.46,4186.67,4223.08,4218.46,4280,4609.23,4380.51,1
4320,4011.79,4274.36,4127.69,4357.95,4627.69,4098.46,4622.05,4201.03,4231.28,4220.51,4284.1,4611.28,4384.1,1
4322.05,4015.9,4280.51,4126.15,4361.54,4635.38,4102.56,4626.15,4212.31,4239.49,4223.59,4291.28,4620,4385.64,1
4322.05,4014.36,4276.92,4126.15,4357.44,4642.05,4109.23,4627.69,4207.18,4230.77,4221.03,4291.28,4612.82,4381.54,1
4320.51,4013.85,4273.85,4134.36,4360,4636.41,4107.69,4623.59,4193.85,4227.69,4217.95,4285.13,4605.64,4381.54,1
4321.54,4018.46,4279.49,4137.44,4363.59,4633.33,4109.74,4618.46,4195.38,4236.41,4224.1,4284.62,4617.95,4386.67,1
4323.08,4020,4279.49,4127.18,4358.97,4634.87,4112.82,4626.15,4213.33,4241.54,4231.28,4292.31,4624.1,4385.64,1
4318.46,4010.77,4272.31,4120,4355.38,4632.82,4110.77,4635.9,4222.05,4244.1,4227.69,4296.92,4612.31,4382.05,1
4315.38,4004.62,4270.77,4122.56,4356.92,4633.85,4111.79,4633.33,4215.38,4246.15,4223.08,4292.82,4611.28,4387.18,1
4320.51,4012.82,4275.38,4123.59,4358.46,4638.46,4113.85,4627.69,4207.18,4242.56,4229.74,4290.77,4627.18,4396.41,1
4326.67,4014.87,4278.46,4122.05,4356.41,4635.9,4111.28,4625.13,4203.08,4240,4235.38,4292.31,4635.38,4396.41,1
4323.59,4001.54,4276.92,4116.92,4351.28,4628.72,4107.69,4622.56,4203.59,4240.51,4228.72,4290.77,4626.15,4390.26,1
4317.95,3995.38,4270.26,4109.23,4347.69,4630.77,4109.23,4625.13,4206.67,4236.92,4220.51,4284.1,4615.9,4388.21,1
4316.41,3997.95,4264.1,4107.69,4349.23,4634.87,4111.79,4629.74,4209.74,4234.36,4221.54,4277.95,4617.44,4387.18,1
4317.44,3992.82,4269.74,4109.74,4348.21,4628.21,4110.26,4622.56,4202.56,4234.87,4222.05,4280.51,4621.54,4385.64,1
4321.03,3986.67,4278.97,4107.18,4343.08,4620.51,4107.18,4609.74,4191.28,4230.26,4217.95,4286.15,4614.36,4388.21,1
4322.05,3986.15,4279.49,4105.64,4343.08,4621.03,4108.72,4612.31,4194.87,4227.69,4220.51,4291.28,4610.26,4389.23,1
4318.46,3982.05,4277.44,4106.67,4346.67,4624.62,4110.77,4620,4203.59,4233.85,4225.64,4296.41,4617.44,4388.21,1
4319.49,3981.54,4278.46,4105.13,4346.15,4624.1,4105.64,4623.08,4204.1,4239.49,4225.64,4295.38,4622.05,4392.31,1
4321.54,3984.62,4276.92,4104.1,4346.15,4624.62,4103.08,4626.67,4204.1,4242.56,4224.1,4288.21,4622.05,4395.38,1
4316.41,3982.05,4271.79,4105.64,4347.18,4629.74,4105.13,4629.74,4210.26,4243.08,4224.62,4287.69,4622.56,4393.33,1
4315.38,3982.05,4271.28,4106.15,4346.15,4630.77,4104.62,4629.74,4211.79,4243.08,4224.62,4291.28,4620,4393.85,1
4322.05,3988.21,4271.28,4106.15,4347.18,4624.62,4100,4623.59,4203.08,4241.03,4224.62,4289.74,4619.49,4397.95,1
4315.9,3988.72,4265.64,4106.67,4345.13,4616.41,4094.87,4615.9,4197.44,4235.38,4225.13,4286.15,4622.56,4391.79,1
4305.13,3981.54,4261.03,4102.56,4338.97,4611.79,4095.9,4614.87,4199.49,4231.28,4217.95,4282.56,4615.38,4379.49,1
4306.15,3975.9,4264.1,4099.49,4340.51,4612.82,4097.95,4613.85,4194.36,4230.26,4213.85,4279.49,4606.67,4378.97,1
4307.69,3975.38,4264.62,4102.56,4348.21,4617.44,4097.44,4609.23,4189.74,4229.74,4220,4282.05,4612.31,4383.59,1
4306.67,3975.38,4262.05,4104.1,4349.74,4620.51,4100.51,4613.33,4201.03,4232.82,4226.15,4286.15,4622.56,4387.69,1
4311.79,3978.97,4272.82,4105.13,4349.74,4619.49,4103.08,4623.08,4212.82,4241.54,4227.18,4289.23,4626.15,4395.38,1
4316.92,3980,4278.97,4106.67,4351.28,4622.56,4103.08,4624.62,4205.13,4239.49,4225.13,4288.72,4621.54,4392.82,1
4315.9,3975.38,4271.28,4106.67,4348.72,4628.21,4104.1,4621.03,4192.82,4225.64,4221.54,4283.59,4610.77,4383.59,1
4313.85,3973.33,4270.26,4105.64,4346.15,4625.13,4103.59,4618.97,4191.28,4222.05,4215.38,4282.56,4604.1,4384.62,1
4313.33,3978.97,4274.36,4108.21,4344.62,4618.97,4096.92,4616.92,4190.26,4223.08,4209.74,4285.13,4606.67,4387.18,1
4309.23,3976.92,4269.74,4106.67,4339.49,4616.92,4093.85,4615.38,4191.28,4218.46,4206.67,4278.46,4602.56,4379.49,1
4307.18,3972.31,4266.67,4103.59,4339.49,4618.97,4100,4615.9,4195.9,4218.46,4207.18,4274.87,4594.87,4376.41,1
4307.69,3974.87,4270.26,4105.64,4344.1,4619.49,4105.64,4615.38,4194.36,4222.05,4208.72,4280,4597.44,4380,1
4306.67,3972.82,4269.74,4105.13,4342.56,4616.92,4104.1,4614.36,4192.31,4222.56,4209.74,4278.46,4601.54,4381.03,1
4308.21,3971.79,4268.21,4103.59,4340.51,4615.9,4098.97,4613.85,4194.87,4222.05,4210.26,4275.9,4602.05,4381.54,1
4311.79,3975.38,4267.18,4107.69,4343.59,4617.95,4100,4614.36,4193.33,4225.13,4209.23,4279.49,4600.51,4381.54,1
4306.15,3973.33,4263.59,4107.18,4343.59,4623.59,4106.15,4616.41,4190.77,4225.13,4206.15,4275.9,4595.9,4376.41,1
4300,3973.85,4264.1,4101.54,4345.13,4628.72,4107.69,4622.05,4204.1,4224.62,4206.67,4271.28,4598.97,4373.85,1
4304.1,3977.44,4265.13,4103.59,4348.72,4629.74,4102.56,4625.13,4209.23,4225.64,4209.74,4274.87,4603.08,4374.36,1
4301.54,3971.28,4261.03,4104.1,4344.1,4629.23,4101.54,4623.59,4198.46,4222.56,4207.18,4272.82,4593.85,4369.23,1
4295.38,3969.74,4261.03,4101.54,4342.05,4629.74,4105.13,4624.62,4204.1,4225.13,4204.62,4270.26,4589.23,4370.26,1
4301.03,3980.51,4265.13,4105.64,4348.72,4624.1,4101.54,4620.51,4206.67,4229.23,4208.21,4275.9,4599.49,4377.95,1
4303.59,3978.97,4261.54,4105.13,4348.21,4617.95,4092.82,4607.18,4188.21,4224.1,4209.74,4274.87,4597.95,4375.38,1
4296.41,3970.77,4254.87,4097.95,4341.03,4620.51,4091.28,4600.51,4176.41,4215.38,4204.1,4270.77,4587.69,4366.15,1
4289.74,3967.18,4251.79,4094.36,4337.44,4622.56,4094.36,4607.18,4183.08,4210.77,4194.36,4268.21,4580.51,4358.97,1
4287.18,3964.62,4250.77,4096.41,4337.95,4617.44,4097.44,4614.36,4189.23,4207.18,4188.21,4261.03,4572.31,4353.85,1
4285.13,3965.13,4254.36,4098.46,4337.95,4613.85,4096.41,4613.85,4191.28,4208.72,4191.79,4256.92,4573.33,4353.85,1
4284.62,3968.72,4254.87,4097.44,4336.92,4615.38,4093.33,4610.26,4189.74,4214.87,4198.97,4264.62,4582.05,4359.49,1
4287.69,3970.26,4252.82,4096.41,4335.9,4615.38,4091.79,4610.26,4186.15,4213.33,4197.44,4265.13,4581.03,4358.46,1
4289.74,3970.26,4254.36,4101.54,4338.46,4616.41,4093.33,4614.36,4191.79,4210.77,4193.85,4260,4576.41,4356.92,1
4286.15,3973.85,4258.46,4105.13,4343.08,4618.97,4096.92,4614.36,4188.72,4208.72,4192.31,4263.59,4576.92,4356.92,1
4285.13,3976.41,4260.51,4103.59,4341.54,4615.38,4094.87,4609.74,4177.44,4204.1,4191.28,4265.64,4574.36,4356.92,1
4293.33,3977.44,4265.64,4108.21,4340,4613.33,4091.28,4609.23,4183.08,4207.18,4198.97,4267.69,4576.92,4364.62,1
4299.49,3980,4268.21,4111.79,4342.05,4617.95,4092.31,4609.74,4190.77,4212.82,4205.64,4273.85,4585.13,4371.28,1
4294.87,3978.46,4263.59,4106.67,4342.05,4619.49,4096.92,4614.36,4196.41,4213.85,4204.1,4275.9,4583.08,4367.18,1
4289.23,3973.85,4261.54,4104.1,4343.59,4618.46,4098.46,4621.54,4204.1,4217.95,4203.59,4269.23,4577.95,4358.97,1
4287.69,3973.85,4260.51,4106.67,4347.18,4621.54,4094.36,4617.95,4195.38,4220,4201.54,4261.54,4581.03,4357.44,1
4289.74,3980.51,4259.49,4109.74,4345.13,4620.51,4091.28,4606.15,4181.54,4212.82,4197.95,4262.56,4582.56,4359.49,1
4289.74,3981.03,4261.54,4108.21,4339.49,4615.38,4093.33,4604.62,4186.15,4211.79,4198.46,4269.23,4580.51,4359.49,1
4284.62,3975.9,4263.08,4105.13,4337.95,4612.82,4094.87,4609.74,4186.15,4213.33,4197.44,4269.23,4578.46,4353.33,1
4278.46,3971.79,4258.97,4104.1,4337.95,4612.31,4091.79,4610.26,4182.05,4208.72,4191.79,4261.54,4574.36,4344.1,1
4273.85,3970.77,4256.92,4105.13,4338.97,4613.33,4092.31,4611.28,4192.31,4208.21,4189.74,4256.41,4567.69,4341.54,1
4273.85,3968.72,4260,4105.13,4342.05,4618.97,4097.95,4617.95,4198.97,4215.9,4187.69,4260,4563.59,4342.05,1
4277.44,3965.64,4260.51,4104.1,4341.03,4622.05,4100.51,4624.62,4196.92,4217.44,4187.69,4266.67,4562.05,4343.59,1
4274.36,3965.13,4259.49,4102.56,4336.41,4617.95,4097.44,4623.59,4196.92,4213.33,4191.79,4266.15,4563.59,4346.67,1
4275.9,3966.15,4263.59,4103.08,4335.9,4615.38,4092.31,4615.38,4193.85,4215.9,4192.82,4265.64,4569.74,4352.82,1
4287.18,3968.21,4266.15,4107.69,4337.44,4614.87,4092.82,4611.28,4189.23,4218.97,4193.33,4270.26,4576.41,4361.54,1
4288.72,3972.82,4261.54,4109.23,4338.97,4615.38,4091.79,4608.21,4186.15,4215.38,4196.92,4270.77,4581.54,4360,1
4281.54,3976.92,4258.46,4108.72,4341.54,4616.41,4087.69,4605.13,4186.15,4210.77,4193.33,4265.13,4578.46,4352.31,1
4280.51,3974.87,4261.03,4111.28,4340.51,4615.9,4089.74,4605.64,4179.49,4206.67,4185.13,4261.54,4567.69,4348.21,1
4282.05,3973.33,4265.13,4113.85,4337.44,4613.33,4093.33,4608.72,4173.85,4202.05,4185.64,4263.59,4565.13,4348.21,1
4285.64,3978.46,4266.15,4117.44,4340.51,4617.44,4091.28,4611.79,4185.64,4205.64,4190.26,4267.18,4571.79,4348.72,1
4288.72,3983.59,4265.64,4123.08,4347.69,4624.62,4091.79,4615.38,4195.38,4211.28,4191.28,4267.18,4573.85,4351.28,1
4286.15,3983.59,4263.59,4123.59,4348.21,4622.05,4091.79,4615.38,4193.33,4211.79,4193.33,4262.56,4573.33,4354.36,1
4287.69,3983.08,4261.54,4120.51,4346.15,4620.51,4086.67,4612.82,4193.85,4213.33,4195.38,4261.03,4581.03,4354.36,1
4290.77,3986.15,4262.56,4123.08,4349.74,4624.1,4087.69,4611.28,4195.9,4217.95,4192.82,4264.1,4585.64,4353.85,1
4285.64,3989.23,4262.05,4126.15,4353.33,4624.62,4092.82,4610.26,4189.74,4217.95,4192.82,4262.56,4584.62,4350.26,1
4284.62,3988.21,4260,4123.59,4352.31,4624.62,4088.72,4609.74,4189.74,4214.87,4193.85,4258.97,4587.18,4350.26,1
4288.21,3984.1,4262.56,4122.05,4350.77,4629.74,4088.21,4616.41,4196.92,4216.92,4196.92,4261.03,4592.31,4355.38,1
4283.08,3980,4267.18,4124.1,4351.79,4632.82,4095.9,4619.49,4195.38,4222.56,4202.05,4270.26,4592.82,4354.87,1
4281.03,3977.44,4266.15,4121.54,4348.21,4629.23,4095.9,4616.92,4198.46,4226.67,4203.59,4272.82,4589.23,4352.31,1
4280.51,3975.9,4261.54,4116.92,4347.18,4626.15,4088.21,4622.05,4207.18,4227.69,4198.46,4266.15,4588.72,4352.31,1
4275.9,3974.87,4260,4117.95,4350.77,4628.21,4090.26,4625.64,4205.64,4227.69,4196.41,4261.03,4590.26,4347.69,1
4276.41,3977.44,4261.54,4120.51,4350.77,4629.23,4092.82,4618.46,4201.03,4230.26,4202.05,4256.41,4589.23,4342.56,1
4281.03,3982.05,4263.59,4123.08,4353.85,4625.13,4085.64,4612.82,4205.64,4233.33,4201.54,4256.92,4590.26,4346.67,1
4282.05,3985.13,4265.13,4126.67,4361.54,4626.67,4085.64,4615.9,4206.15,4229.23,4198.46,4264.62,4593.33,4354.36,1
4285.13,3990.26,4266.15,4127.69,4361.03,4630.26,4089.23,4613.85,4196.41,4225.64,4203.59,4274.36,4594.87,4358.97,1
4289.74,3986.67,4266.67,4121.54,4351.28,4627.18,4086.15,4609.74,4190.26,4228.21,4209.23,4274.36,4592.82,4357.44,1
4284.62,3975.38,4260.51,4114.87,4347.69,4624.1,4085.13,4612.31,4193.33,4226.15,4206.67,4268.72,4589.23,4351.79,1
4281.03,3976.92,4256.41,4115.9,4351.79,4627.69,4091.79,4620,4199.49,4225.64,4205.13,4267.69,4589.74,4351.28,1
4288.21,3986.67,4258.46,4119.49,4352.82,4628.21,4092.82,4623.08,4196.92,4230.77,4209.23,4270.26,4595.9,4357.95,1
4291.79,3983.08,4261.03,4114.87,4349.23,4626.67,4087.69,4620,4195.9,4228.21,4206.67,4268.21,4593.33,4358.46,1
4283.08,3970.77,4260.51,4105.64,4346.67,4631.79,4090.77,4622.05,4207.69,4222.56,4196.41,4260.51,4581.54,4350.26,1
4277.44,3975.38,4252.82,4104.62,4348.72,4631.79,4095.38,4625.64,4210.26,4226.15,4195.9,4258.97,4581.54,4350.77,1
4284.1,3988.72,4248.21,4107.69,4349.23,4623.08,4092.31,4623.08,4202.56,4231.79,4206.15,4263.08,4593.33,4356.92,1
4291.28,3989.23,4255.9,4109.74,4350.26,4623.08,4092.82,4624.1,4206.15,4232.31,4212.31,4265.64,4597.95,4358.97,1
4288.72,3983.08,4259.49,4109.74,4353.33,4631.28,4101.54,4629.23,4209.74,4235.38,4213.33,4267.18,4594.36,4357.44,1
4283.08,3984.1,4249.74,4106.67,4351.79,4632.82,4106.15,4628.72,4206.15,4238.97,4211.79,4263.59,4594.87,4354.87,1
4282.56,3985.64,4248.21,4102.05,4348.21,4628.72,4102.56,4625.64,4207.18,4238.46,4208.72,4263.08,4597.95,4355.38,1
4283.08,3981.54,4253.33,4098.97,4346.15,4627.18,4098.46,4623.08,4205.64,4234.36,4204.62,4263.59,4593.85,4356.41,1
4280.51,3980,4249.23,4096.92,4347.18,4625.13,4093.85,4616.92,4199.49,4228.72,4202.05,4261.54,4590.26,4356.41,1
4283.59,3984.62,4249.74,4101.03,4349.23,4621.54,4090.26,4608.21,4194.36,4225.64,4203.59,4261.54,4590.26,4356.92,1
4288.21,3989.74,4257.95,4108.72,4347.18,4621.03,4092.31,4602.56,4185.64,4225.64,4206.15,4264.62,4588.21,4356.92,1
4280,3986.67,4255.38,4104.62,4341.54,4620,4093.85,4603.59,4179.49,4220,4197.44,4258.97,4579.49,4346.15,1
4268.21,3974.36,4248.72,4091.79,4337.44,4618.46,4090.77,4608.21,4187.18,4209.74,4189.23,4252.31,4571.28,4336.92,1
4267.18,3968.21,4246.15,4085.64,4335.9,4617.95,4093.85,4612.82,4195.38,4208.72,4192.31,4256.92,4571.28,4342.05,1
4269.74,3973.33,4248.72,4092.82,4340.51,4617.95,4094.87,4615.9,4193.33,4218.46,4195.38,4266.67,4576.41,4349.74,1
4271.79,3979.49,4257.44,4103.59,4347.69,4618.97,4092.31,4614.36,4189.74,4220,4195.38,4272.31,4580.51,4352.31,1
4276.92,3983.08,4265.13,4106.15,4348.21,4625.64,4099.49,4616.41,4192.82,4216.41,4197.95,4271.79,4582.05,4351.28,1
4279.49,3983.59,4264.1,4105.64,4347.69,4632.31,4107.69,4623.59,4200,4222.56,4202.56,4271.28,4586.15,4353.85,1
4279.49,3985.13,4262.05,4108.72,4351.79,4631.79,4104.62,4628.72,4204.62,4231.79,4207.69,4275.9,4591.79,4358.46,1
4280.51,3987.69,4264.62,4110.77,4349.74,4631.79,4103.59,4629.23,4204.1,4234.87,4208.72,4280.51,4593.33,4358.97,1
4281.54,3987.18,4265.13,4108.72,4348.72,4633.33,4106.15,4626.15,4202.05,4232.31,4207.69,4279.49,4588.72,4358.46,1
4285.64,3984.62,4268.21,4109.74,4352.82,4632.31,4106.67,4628.21,4208.72,4229.23,4209.23,4281.54,4585.64,4363.59,1
4288.21,3984.62,4269.74,4111.79,4352.82,4634.87,4109.74,4640,4222.56,4233.33,4210.77,4284.62,4591.28,4364.62,1
4281.54,3988.21,4265.13,4108.21,4352.82,4640,4109.74,4645.13,4220,4241.03,4208.72,4279.49,4593.33,4356.41,1
4279.49,3994.87,4264.62,4109.23,4356.92,4638.97,4106.15,4633.33,4209.74,4241.54,4210.77,4273.33,4591.28,4355.9,1
4289.74,3998.97,4267.69,4118.46,4358.97,4639.49,4106.67,4627.18,4211.79,4242.05,4215.9,4273.85,4598.46,4365.13,1
4293.33,3995.9,4266.67,4119.49,4355.9,4639.49,4106.15,4631.79,4217.44,4247.18,4214.87,4280,4606.67,4369.23,1
4285.13,3992.82,4264.1,4111.28,4353.85,4633.33,4101.54,4632.82,4210.26,4241.54,4211.79,4281.54,4597.95,4364.62,1
4283.08,3996.92,4263.59,4114.87,4353.33,4629.23,4098.46,4625.13,4198.46,4229.23,4210.26,4278.97,4589.23,4362.05,1
4287.18,4000,4265.13,4121.03,4353.33,4630.26,4098.97,4616.41,4195.38,4228.21,4208.72,4278.46,4594.36,4365.13,1
4288.72,3998.97,4267.18,4114.36,4354.87,4629.23,4102.05,4618.97,4202.56,4232.82,4208.21,4278.97,4598.46,4367.18,1
4289.23,4001.03,4265.13,4112.31,4355.9,4629.23,4101.54,4625.64,4206.15,4230.26,4210.26,4277.44,4598.46,4365.13,1
4294.87,4007.18,4262.05,4121.03,4360,4632.31,4093.33,4621.54,4201.54,4229.23,4215.38,4276.41,4603.08,4367.69,1
4301.03,4015.38,4268.21,4126.67,4363.59,4633.85,4092.82,4620,4213.33,4244.1,4222.56,4283.59,4610.77,4377.95,1
4302.05,4020,4272.31,4127.18,4362.56,4631.79,4102.05,4629.74,4227.18,4254.87,4227.18,4287.18,4614.87,4377.44,1
4291.79,4012.82,4262.56,4122.05,4357.95,4631.79,4102.56,4627.69,4209.74,4245.13,4222.56,4276.41,4608.21,4362.05,1
4277.95,4001.03,4253.85,4115.38,4351.28,4630.77,4092.31,4617.44,4193.33,4236.92,4214.36,4264.62,4597.95,4353.33,1
4280,3996.92,4253.85,4111.79,4347.69,4625.13,4087.18,4617.44,4200,4238.97,4210.77,4265.13,4596.92,4358.46,1
4288.72,3996.41,4257.95,4109.23,4346.15,4622.56,4090.26,4621.54,4206.15,4234.36,4211.28,4273.33,4601.03,4365.13,1
4286.67,3993.33,4261.54,4108.72,4346.67,4623.59,4093.33,4621.03,4201.54,4229.23,4213.33,4273.85,4600.51,4363.59,1
4279.49,3992.31,4259.49,4109.23,4346.15,4623.59,4094.87,4618.46,4198.46,4232.82,4212.31,4268.21,4596.92,4356.92,1
4277.44,3993.33,4256.41,4110.26,4343.08,4625.13,4094.87,4613.33,4192.82,4231.79,4208.21,4266.15,4591.79,4353.33,1
4281.03,3994.87,4260.51,4112.82,4343.59,4622.56,4091.28,4608.21,4190.77,4224.1,4204.62,4269.23,4588.21,4354.87,1
4285.13,3998.46,4265.64,4117.95,4347.69,4619.49,4086.67,4608.21,4194.87,4222.56,4207.69,4273.33,4591.79,4356.92,1
4283.59,3997.95,4262.56,4116.41,4346.67,4622.05,4086.67,4613.33,4195.38,4229.23,4209.23,4270.77,4597.95,4354.36,1
4280,3994.87,4259.49,4113.85,4344.62,4622.05,4086.15,4615.9,4190.77,4229.23,4205.13,4267.18,4593.85,4350.77,1
4282.05,3995.38,4261.03,4115.38,4345.64,4616.41,4084.62,4613.33,4188.72,4223.08,4202.05,4265.13,4586.15,4350.77,1
4287.18,4003.08,4266.15,4120,4348.21,4616.92,4089.23,4615.38,4198.97,4228.21,4204.62,4267.69,4591.79,4361.54,1
4291.79,4009.23,4269.23,4126.15,4354.36,4622.56,4092.82,4621.03,4208.21,4238.97,4212.82,4275.9,4604.1,4371.79,1
4292.31,4011.28,4265.64,4128.72,4357.44,4623.08,4087.69,4622.56,4204.1,4236.41,4212.82,4273.85,4599.49,4364.1,1
4285.13,4008.72,4262.56,4124.62,4348.72,4620.51,4080.51,4617.95,4196.92,4222.56,4204.1,4264.1,4588.21,4352.31,1
4280.51,4004.1,4262.56,4118.46,4345.13,4621.03,4079.49,4613.33,4196.41,4221.03,4200.51,4264.62,4588.72,4355.38,1
4283.08,4002.05,4263.59,4119.49,4351.28,4624.1,4083.59,4613.85,4198.46,4229.74,4205.64,4271.79,4593.33,4360.51,1
4286.15,4004.62,4265.13,4123.59,4350.26,4628.72,4087.69,4615.9,4198.46,4235.38,4209.23,4273.33,4593.85,4362.56,1
4289.74,4007.18,4265.64,4124.62,4343.59,4629.74,4087.18,4617.95,4194.87,4233.85,4210.26,4275.38,4595.9,4365.64,1
4287.18,4006.67,4263.08,4122.56,4343.08,4628.72,4083.59,4618.46,4188.72,4225.64,4209.23,4275.38,4595.38,4361.54,1
4279.49,4001.54,4260.51,4116.92,4345.64,4627.69,4083.08,4618.97,4195.9,4221.54,4207.69,4271.28,4591.79,4358.97,1
4283.59,4002.05,4264.1,4116.92,4347.18,4626.15,4084.62,4623.08,4211.28,4231.28,4213.33,4274.87,4598.46,4368.72,1
4290.26,4007.18,4268.72,4123.08,4347.18,4624.1,4080.51,4624.62,4204.62,4238.97,4215.9,4278.46,4606.67,4368.72,1
309231,5500.51,6880.51,5416.41,5454.87,4002.05,2086.15,4770.26,265641,3914.87,6823.08,2257.95,152308,5022.56,1
4269.74,3991.28,4260.51,4107.69,4339.49,4620,4080,4611.79,4200.51,4221.03,4203.08,4267.18,4586.15,4347.69,1
4268.72,3987.69,4258.97,4106.15,4336.41,4620,4086.15,4620,4207.18,4223.08,4202.56,4267.69,4585.64,4348.72,1
4273.33,3993.33,4259.49,4113.85,4337.95,4621.54,4087.69,4618.97,4194.36,4226.15,4200.51,4266.15,4585.13,4347.69,1
4277.95,3995.38,4259.49,4115.38,4340.51,4623.59,4086.67,4614.36,4192.31,4226.67,4201.54,4263.59,4585.13,4349.23,1
4278.46,3993.85,4260,4115.38,4343.08,4622.05,4086.15,4621.03,4204.62,4228.21,4203.59,4261.54,4587.18,4353.85,1
4279.49,3995.38,4261.03,4121.03,4344.62,4624.62,4088.72,4629.74,4209.74,4232.31,4208.21,4264.1,4594.36,4363.08,1
4284.1,3993.33,4261.03,4121.03,4343.59,4628.72,4088.72,4627.18,4208.21,4239.49,4214.36,4272.31,4602.56,4368.72,1
4290.26,3993.33,4265.13,4117.95,4346.15,4623.59,4083.59,4620.51,4208.21,4243.08,4217.44,4275.38,4603.08,4367.69,1
4297.95,4006.15,4273.85,4129.74,4349.74,4618.97,4082.56,4616.41,4207.18,4240,4220,4276.41,4601.54,4370.26,1
4297.44,4014.36,4271.79,4135.9,4346.67,4625.13,4086.15,4615.38,4197.44,4232.31,4217.95,4276.41,4600,4368.72,1
4289.74,4011.79,4261.54,4127.69,4344.62,4628.72,4086.67,4613.33,4187.18,4225.13,4208.72,4272.31,4593.33,4360.51,1
4293.33,4021.03,4263.08,4130.26,4353.85,4624.1,4088.21,4611.28,4188.72,4225.13,4205.64,4270.26,4590.26,4362.05,1
4305.13,4036.41,4269.74,4142.56,4360,4625.13,4091.79,4612.82,4194.87,4227.69,4212.82,4273.85,4599.49,4371.28,1
4309.74,4037.95,4269.74,4146.15,4355.38,4629.74,4091.28,4614.87,4197.44,4230.77,4214.87,4273.85,4606.15,4375.9,1
4308.21,4031.28,4267.18,4142.56,4351.79,4632.82,4091.28,4616.41,4195.38,4232.82,4211.28,4272.82,4601.03,4374.87,1
4302.05,4025.13,4265.13,4138.97,4351.28,4633.85,4095.38,4614.36,4195.9,4226.15,4208.72,4272.31,4592.31,4365.64,1
4294.87,4020.51,4262.56,4135.38,4350.77,4632.31,4092.31,4611.79,4198.97,4220,4202.56,4266.67,4586.15,4356.92,1
4294.87,4017.44,4263.59,4136.92,4349.23,4626.67,4082.56,4609.23,4194.87,4224.1,4195.9,4258.97,4585.64,4357.95,1
4294.87,4014.36,4263.08,4136.92,4346.67,4621.54,4081.54,4606.15,4183.59,4223.59,4198.46,4257.95,4587.18,4358.97,1
4296.92,4017.44,4262.56,4134.36,4346.15,4622.56,4091.28,4611.79,4190.26,4220,4205.13,4263.59,4588.72,4361.03,1
4309.74,4028.21,4271.28,4142.05,4351.28,4624.62,4091.79,4619.49,4203.59,4226.15,4207.69,4274.36,4591.28,4370.77,1
4321.54,4043.08,4282.56,4157.95,4358.46,4620.51,4082.05,4610.26,4192.82,4230.26,4209.23,4282.05,4594.36,4374.87,1
4323.08,4054.87,4283.59,4168.72,4361.03,4621.54,4080,4597.95,4182.05,4224.62,4207.69,4275.38,4589.74,4367.69,1
4317.95,4051.79,4276.41,4163.59,4360.51,4626.67,4078.46,4601.54,4189.74,4220.51,4198.46,4266.15,4578.46,4359.49,1
4312.82,4043.08,4275.9,4154.36,4360,4626.15,4073.85,4604.1,4190.77,4220.51,4193.85,4264.1,4575.38,4356.41,1
4307.18,4037.95,4277.95,4153.33,4356.41,4623.59,4078.97,4596.41,4177.44,4214.36,4197.44,4269.23,4577.44,4355.9,1
4300,4030.77,4271.79,4148.21,4351.28,4621.54,4083.59,4596.92,4173.33,4204.1,4193.33,4268.21,4568.21,4352.31,1
4295.9,4024.1,4263.59,4136.41,4351.79,4617.44,4080,4601.54,4182.05,4204.62,4188.72,4261.54,4562.56,4349.23,1
4295.9,4024.62,4259.49,4133.85,4353.33,4616.92,4081.54,4602.05,4185.13,4213.85,4191.28,4261.54,4569.74,4351.28,1
4300,4029.23,4259.49,4137.95,4348.21,4620.51,4086.67,4601.54,4180,4212.82,4191.28,4261.54,4568.72,4351.79,1
4304.1,4032.31,4260.51,4132.82,4342.56,4622.05,4083.59,4602.05,4184.1,4209.23,4192.82,4262.05,4564.62,4353.85,1
4303.08,4029.23,4256.92,4124.62,4343.08,4621.03,4081.54,4601.03,4190.26,4217.44,4199.49,4265.64,4572.31,4354.87,1
4297.44,4021.03,4249.74,4121.03,4344.1,4616.92,4084.62,4599.49,4184.1,4222.05,4198.46,4263.08,4573.33,4349.74,1
4297.95,4024.1,4252.82,4122.56,4344.62,4614.87,4080,4601.03,4183.59,4221.03,4195.38,4260.51,4567.18,4349.23,1
4307.69,4033.33,4262.05,4129.23,4348.72,4616.92,4077.44,4606.67,4197.95,4224.1,4203.59,4268.72,4573.85,4361.03,1
4310.77,4033.33,4261.54,4130.77,4352.82,4620.51,4085.64,4614.36,4199.49,4228.72,4211.79,4273.85,4583.59,4365.13,1
4304.62,4031.79,4257.95,4128.72,4357.44,4628.72,4092.82,4615.38,4190.77,4233.33,4207.18,4266.15,4581.03,4357.95,1
4303.08,4036.41,4262.56,4129.74,4358.97,4633.33,4092.31,4611.28,4192.31,4233.33,4201.03,4261.03,4578.97,4356.92,1
4305.64,4033.85,4262.56,4128.21,4354.36,4623.59,4087.69,4605.64,4185.64,4225.13,4200,4261.54,4579.49,4358.46,1
4299.49,4024.1,4253.85,4122.56,4350.26,4614.87,4083.08,4601.03,4174.36,4217.44,4196.41,4260,4573.33,4355.9,1
4295.9,4021.03,4253.33,4118.97,4350.26,4618.97,4084.62,4605.64,4184.62,4218.46,4191.79,4258.97,4570.26,4356.41,1
4308.21,4027.69,4264.1,4126.67,4353.33,4622.05,4090.26,4614.36,4198.97,4224.62,4196.41,4265.13,4575.38,4362.56,1
4315.9,4034.36,4269.23,4135.9,4356.41,4618.46,4090.26,4614.87,4198.97,4228.21,4204.1,4269.74,4579.49,4366.67,1
4312.82,4033.33,4267.18,4131.28,4355.38,4621.54,4087.18,4613.33,4197.95,4231.79,4205.13,4266.67,4580.51,4368.21,1
4313.85,4029.23,4267.69,4126.67,4354.87,4628.21,4088.72,4618.46,4200.51,4236.41,4204.1,4272.31,4583.59,4369.74,1
4313.85,4025.64,4267.69,4130.26,4353.85,4631.28,4092.82,4624.1,4193.33,4232.31,4201.03,4279.49,4581.54,4363.59,1
4306.67,4025.13,4266.15,4129.23,4350.77,4630.77,4094.87,4624.62,4192.31,4223.08,4195.9,4272.31,4575.9,4357.44,1
4300,4025.13,4266.67,4124.1,4350.26,4627.69,4088.21,4621.03,4197.44,4226.67,4197.95,4264.1,4578.46,4356.92,1
4296.92,4020.51,4264.1,4124.1,4351.28,4624.1,4081.54,4615.9,4190.26,4229.74,4196.92,4265.64,4580.51,4353.33,1
4294.87,4017.95,4258.97,4124.1,4348.72,4622.05,4082.56,4611.79,4184.62,4222.56,4190.77,4262.56,4574.36,4350.26,1
4293.33,4021.54,4256.92,4122.05,4346.67,4624.1,4084.1,4610.77,4191.28,4222.56,4191.79,4256.41,4573.33,4353.85,1
4292.31,4023.08,4258.46,4121.54,4348.21,4628.21,4082.05,4611.79,4194.36,4224.62,4194.36,4260,4576.92,4357.95,1
4300,4021.54,4262.56,4125.64,4348.72,4627.18,4083.08,4614.36,4191.79,4223.08,4193.85,4263.59,4578.46,4362.05,1
4311.79,4028.21,4268.72,4135.9,4351.28,4624.62,4083.59,4612.82,4190.26,4226.67,4194.36,4262.56,4580,4366.15,1
4309.23,4031.28,4268.21,4136.92,4352.31,4629.74,4084.62,4611.28,4188.72,4225.64,4195.38,4263.08,4579.49,4363.08,1
4299.49,4020.51,4260.51,4125.64,4348.21,4635.38,4090.77,4617.95,4192.31,4217.95,4193.85,4268.21,4578.97,4362.56,1
4302.56,4016.92,4263.08,4124.62,4346.67,4628.21,4092.31,4622.56,4199.49,4225.13,4198.97,4272.31,4587.18,4372.31,1
4312.31,4024.1,4270.26,4132.31,4348.21,4617.95,4084.1,4617.44,4200,4237.95,4210.26,4276.92,4592.31,4375.9,1
4309.23,4027.18,4267.18,4130.77,4347.69,4620,4077.95,4613.85,4193.33,4233.85,4209.74,4275.38,4586.67,4367.18,1
4298.97,4024.62,4262.05,4124.1,4347.18,4627.69,4076.41,4614.87,4188.21,4225.64,4202.05,4265.64,4585.13,4363.08,1
4299.49,4018.97,4267.69,4124.1,4344.62,4626.67,4076.41,4612.31,4190.77,4225.64,4202.56,4267.18,4587.69,4368.72,1
4307.18,4016.92,4274.36,4127.18,4345.64,4624.1,4076.92,4608.72,4188.72,4223.59,4204.62,4275.9,4584.62,4375.9,1
4305.64,4021.03,4270.26,4128.21,4350.77,4627.18,4074.36,4608.21,4181.54,4218.46,4196.41,4273.33,4578.46,4371.79,1
4299.49,4024.62,4263.59,4131.79,4353.33,4627.18,4074.87,4611.28,4186.15,4222.05,4193.33,4266.15,4581.03,4364.1,1
4300.51,4026.15,4265.13,4136.92,4352.82,4625.13,4082.05,4616.41,4197.44,4227.18,4202.56,4267.18,4588.72,4365.64,1
4304.1,4033.33,4267.18,4137.95,4357.44,4626.15,4086.15,4615.38,4194.36,4226.15,4203.59,4263.59,4587.18,4367.18,1
4305.13,4035.38,4266.15,4137.44,4360,4626.15,4083.08,4609.74,4187.18,4226.15,4195.9,4260.51,4582.56,4365.13,1
4301.54,4028.21,4264.1,4133.33,4354.87,4621.54,4074.87,4603.59,4182.56,4224.1,4193.33,4265.13,4585.13,4364.1,1
4295.38,4023.08,4257.44,4126.15,4349.23,4617.44,4067.18,4598.97,4177.95,4214.87,4193.33,4264.1,4586.15,4360,1
4288.72,4023.08,4248.21,4123.59,4347.69,4615.38,4064.62,4605.64,4187.18,4215.38,4189.74,4254.36,4581.03,4353.85,1
4288.21,4023.59,4245.64,4123.08,4348.72,4617.95,4065.64,4615.38,4192.82,4227.69,4192.31,4248.72,4581.54,4353.33,1
4289.74,4021.54,4246.15,4122.56,4348.72,4622.05,4069.23,4610.77,4180.51,4227.69,4195.9,4249.74,4581.54,4351.79,1
4286.67,4018.46,4242.56,4121.54,4346.15,4621.54,4070.77,4598.97,4176.41,4218.46,4191.28,4250.77,4576.92,4349.23,1
4282.56,4017.44,4241.03,4117.95,4344.62,4615.9,4070.26,4601.54,4188.72,4217.95,4188.72,4254.36,4578.97,4349.74,1
4285.13,4017.95,4246.15,4119.49,4347.69,4615.9,4073.33,4610.26,4192.31,4222.56,4191.28,4255.9,4580.51,4352.82,1
4290.26,4017.44,4249.74,4122.56,4350.77,4622.05,4080,4612.82,4187.69,4225.13,4195.38,4253.85,4577.44,4354.36,1
4288.72,4016.92,4247.69,4121.54,4347.69,4621.54,4082.05,4611.28,4188.21,4225.64,4194.87,4250.77,4578.46,4350.77,1
4291.79,4020.51,4248.21,4122.05,4345.64,4614.36,4075.38,4602.56,4180.51,4223.59,4193.85,4251.28,4583.08,4354.36,1
4299.49,4024.1,4255.38,4127.69,4349.23,4612.31,4068.72,4591.28,4171.28,4223.08,4196.92,4256.41,4587.18,4364.1,1
4298.46,4023.59,4255.9,4128.72,4349.23,4616.41,4070.77,4594.36,4173.33,4222.05,4195.38,4256.41,4584.62,4360,1
4293.85,4020,4249.23,4123.08,4345.13,4619.49,4078.46,4607.69,4178.46,4217.44,4186.15,4253.33,4577.44,4349.74,1
4292.31,4016.41,4247.18,4120.51,4343.08,4617.44,4080.51,4611.28,4180.51,4215.38,4183.08,4248.21,4571.79,4351.28,1
4290.26,4016.92,4249.74,4121.03,4343.59,4613.85,4077.44,4609.23,4187.18,4220.51,4191.28,4248.72,4577.95,4354.36,1
4288.21,4020,4249.74,4124.1,4346.67,4615.38,4080.51,4614.36,4194.36,4226.67,4196.92,4253.33,4587.69,4352.82,1
4289.74,4019.49,4248.72,4125.13,4349.74,4623.08,4090.26,4620,4195.38,4227.18,4195.9,4256.41,4586.15,4354.36,1
4290.26,4017.44,4250.77,4124.62,4347.69,4622.05,4085.64,4614.36,4191.28,4225.64,4195.9,4252.82,4580.51,4353.85,1
4286.15,4019.49,4248.72,4123.59,4344.62,4612.82,4070.77,4603.59,4178.97,4222.56,4193.85,4245.64,4580.51,4345.13,1
4285.13,4023.59,4246.67,4127.18,4348.72,4614.36,4070.77,4600.51,4174.36,4219.49,4189.23,4247.18,4581.54,4347.69,1
4293.85,4026.15,4256.41,4135.9,4351.79,4622.56,4079.49,4602.05,4184.62,4221.03,4191.28,4256.92,4584.62,4363.59,1
4301.03,4028.21,4268.21,4140,4350.26,4621.54,4078.46,4605.13,4190.26,4225.64,4198.46,4261.54,4591.28,4367.18,1
4296.41,4024.62,4267.18,4134.87,4347.18,4615.9,4074.87,4611.79,4184.62,4223.08,4197.95,4258.97,4591.79,4355.38,1
4290.77,4018.97,4262.56,4128.21,4345.13,4616.41,4076.92,4615.38,4183.59,4214.36,4188.72,4256.41,4582.56,4350.77,1
4293.33,4016.92,4263.08,4127.69,4341.03,4618.46,4079.49,4612.31,4186.67,4215.38,4186.67,4258.46,4578.97,4356.41,1
4297.44,4014.36,4266.15,4128.72,4340.51,4618.46,4082.05,4612.31,4189.74,4220.51,4192.82,4260.51,4583.08,4356.41,1
4289.23,4007.18,4265.64,4124.62,4340.51,4620.51,4085.13,4618.46,4194.87,4216.41,4190.26,4257.44,4579.49,4346.15,1
4281.03,4004.1,4261.03,4120,4334.87,4620.51,4082.05,4616.92,4190.77,4209.23,4181.03,4249.23,4570.77,4340.51,1
4290.77,4011.28,4264.1,4126.67,4336.92,4615.38,4076.92,4606.15,4181.54,4215.9,4182.56,4251.28,4576.92,4354.36,1
4306.15,4023.59,4273.33,4136.41,4345.64,4613.33,4077.44,4604.1,4186.15,4229.23,4200,4264.62,4593.33,4371.79,1
4303.59,4024.62,4271.79,4139.49,4345.13,4614.87,4078.97,4612.82,4194.36,4231.28,4208.21,4272.82,4597.44,4370.77,1
4297.44,4017.44,4264.62,4135.9,4341.54,4616.41,4076.92,4617.44,4193.33,4225.64,4197.95,4266.15,4589.74,4363.08,1
4297.95,4018.97,4262.05,4128.21,4345.64,4617.95,4076.92,4614.87,4188.72,4223.59,4190.77,4255.9,4588.21,4356.41,1
4291.79,4020.51,4257.44,4127.18,4347.69,4619.49,4078.46,4607.69,4183.08,4223.08,4191.28,4252.31,4586.67,4345.13,1
4283.59,4010.77,4253.85,4130.26,4344.62,4621.54,4081.54,4603.08,4178.97,4220.51,4188.21,4252.82,4581.03,4342.05,1
4289.23,4009.74,4261.03,4127.69,4346.67,4625.64,4082.05,4605.13,4183.08,4217.44,4188.72,4255.38,4578.97,4349.74,1
4292.31,4013.85,4263.59,4120.51,4345.64,4626.15,4080.51,4607.69,4190.77,4213.85,4194.87,4259.49,4582.05,4352.82,1
4283.59,4009.74,4255.38,4120.51,4343.08,4626.15,4081.54,4611.79,4192.31,4215.9,4192.82,4257.95,4585.13,4349.74,1
4284.1,4010.77,4255.38,4130.26,4346.15,4629.23,4084.1,4617.95,4196.41,4225.64,4192.31,4254.36,4586.15,4350.26,1
4292.31,4018.97,4267.18,4138.46,4347.69,4628.72,4085.64,4617.44,4201.03,4231.28,4197.44,4257.95,4587.18,4352.82,1
4293.85,4018.46,4277.44,4138.46,4344.1,4621.54,4086.67,4609.23,4191.28,4227.18,4195.9,4267.18,4584.62,4355.9,1
4295.9,4016.92,4281.54,4137.95,4344.62,4616.41,4085.64,4605.13,4181.03,4222.56,4194.36,4274.87,4588.21,4361.54,1
4295.9,4017.95,4277.44,4138.46,4346.67,4618.46,4078.46,4602.05,4178.97,4218.97,4194.36,4273.33,4589.23,4359.49,1
4285.64,4010.26,4265.64,4133.85,4342.05,4619.49,4068.21,4595.38,4169.23,4206.15,4182.56,4257.95,4574.87,4345.13,1
4283.08,4007.69,4260.51,4132.31,4341.54,4616.92,4067.18,4591.79,4164.62,4194.36,4174.87,4246.67,4565.64,4340.51,1
4292.31,4017.95,4265.13,4136.92,4347.69,4616.92,4072.31,4598.46,4181.03,4203.59,4188.21,4254.36,4577.44,4353.85,1
4295.38,4021.54,4267.18,4137.95,4349.74,4619.49,4072.31,4609.74,4197.95,4222.56,4201.54,4266.67,4588.21,4359.49,1
4291.79,4016.41,4265.64,4133.33,4348.72,4616.92,4070.77,4610.77,4189.23,4225.13,4196.41,4265.13,4586.15,4351.28,1
4288.21,4013.85,4264.62,4130.26,4348.21,4616.92,4076.41,4604.62,4174.87,4211.79,4188.72,4256.92,4584.1,4348.21,1
4290.77,4014.87,4264.62,4129.23,4347.69,4620,4080.51,4608.21,4182.05,4208.72,4191.28,4260.51,4583.59,4353.85,1
4297.44,4016.92,4266.67,4128.21,4344.1,4617.95,4076.41,4611.28,4193.85,4219.49,4196.41,4268.72,4580.51,4355.9,1
4293.85,4016.92,4265.13,4123.08,4343.59,4615.9,4077.95,4600.51,4185.13,4220,4196.92,4265.64,4580,4349.74,1
4287.69,4011.79,4260,4115.9,4345.13,4618.97,4082.56,4594.87,4172.31,4212.31,4194.87,4262.56,4583.59,4348.21,1
4291.79,4008.72,4260,4114.36,4343.08,4618.46,4083.59,4603.59,4179.49,4213.33,4192.82,4263.08,4585.13,4354.36,1
4296.41,4011.79,4259.49,4117.95,4342.05,4615.9,4084.1,4609.23,4189.23,4214.87,4194.87,4260,4582.56,4355.9,1
4298.46,4017.44,4253.33,4121.54,4347.69,4619.49,4081.54,4607.18,4190.26,4216.41,4201.03,4261.54,4588.21,4356.92,1
4302.56,4024.62,4254.87,4121.54,4352.82,4623.08,4080.51,4608.72,4189.23,4224.1,4206.15,4269.23,4595.9,4362.56,1
4303.59,4025.13,4262.05,4122.05,4351.28,4623.08,4083.59,4612.31,4186.67,4223.08,4205.13,4268.72,4591.28,4361.54,1
4297.44,4018.97,4262.56,4123.59,4347.18,4619.49,4077.44,4605.13,4188.21,4217.95,4200.51,4263.08,4587.69,4357.44,1
4293.33,4018.46,4255.9,4118.97,4347.18,4613.85,4065.13,4597.44,4192.31,4222.56,4196.92,4256.92,4594.36,4356.92,1
4292.31,4023.08,4250.26,4112.82,4349.23,4614.36,4068.21,4602.05,4193.33,4226.15,4199.49,4250.26,4594.36,4355.9,1
4293.33,4021.54,4252.82,4114.36,4348.72,4619.49,4077.95,4605.64,4191.79,4226.67,4205.13,4254.36,4592.31,4359.49,1
4293.33,4017.44,4257.95,4118.46,4346.15,4618.46,4077.95,4602.05,4192.31,4229.74,4205.64,4264.62,4597.95,4363.08,1
4291.79,4015.9,4253.33,4114.36,4347.18,4616.41,4071.79,4603.08,4189.74,4227.18,4200,4258.46,4597.44,4352.82,1
4291.79,4017.95,4245.13,4110.26,4349.74,4622.05,4069.74,4606.67,4183.59,4219.49,4193.33,4243.59,4587.18,4344.62,1
4293.33,4023.08,4249.74,4115.38,4350.26,4624.62,4072.31,4605.13,4184.62,4220.51,4191.79,4244.62,4588.21,4352.82,1
4293.85,4024.1,4253.33,4122.05,4352.31,4623.59,4072.31,4605.64,4192.82,4226.67,4195.38,4250.77,4598.46,4358.46,1
4290.77,4017.95,4249.23,4118.46,4352.82,4624.1,4070.26,4603.08,4192.31,4227.18,4199.49,4249.74,4597.44,4355.38,1
4287.18,4015.9,4249.74,4110.26,4349.74,4622.56,4072.31,4595.38,4187.18,4227.18,4202.05,4253.85,4592.82,4355.9,1
4288.21,4020.51,4250.77,4108.21,4347.69,4621.03,4076.92,4595.38,4189.74,4229.74,4201.03,4261.54,4594.87,4356.41,1
4290.26,4023.08,4249.23,4110.77,4349.74,4625.13,4077.44,4596.41,4187.69,4225.64,4196.41,4257.44,4595.9,4354.87,1
4289.74,4022.05,4249.23,4110.26,4350.77,4629.74,4078.97,4596.92,4182.05,4217.95,4193.33,4251.28,4592.82,4352.31,1
4291.79,4020.51,4250.77,4107.18,4349.23,4628.21,4081.03,4609.74,4194.87,4222.56,4196.41,4256.92,4596.41,4354.87,1
4296.41,4022.05,4250.26,4110.77,4350.77,4625.64,4078.97,4620.51,4206.15,4235.38,4205.13,4265.13,4605.13,4363.59,1
4296.41,4024.1,4252.82,4116.92,4352.31,4627.69,4080,4616.41,4200.51,4235.9,4210.26,4267.18,4606.15,4365.64,1
4294.87,4022.56,4255.9,4113.85,4350.26,4633.33,4084.1,4614.36,4195.9,4227.69,4207.18,4266.67,4603.59,4362.56,1
4295.38,4021.54,4259.49,4110.77,4348.72,4633.85,4082.05,4614.87,4195.9,4227.69,4205.13,4266.15,4603.08,4365.13,1
4296.41,4023.59,4261.03,4113.85,4348.72,4628.21,4075.9,4606.67,4187.69,4228.21,4205.64,4262.05,4599.49,4366.67,1
4296.92,4023.59,4254.36,4115.38,4348.72,4628.72,4077.95,4602.56,4185.64,4223.08,4196.92,4256.41,4593.33,4360.51,1
4294.36,4022.05,4251.28,4114.87,4347.18,4632.82,4082.05,4608.21,4193.85,4223.08,4192.82,4250.77,4591.79,4352.31,1
4289.74,4021.54,4255.9,4114.87,4347.18,4630.26,4079.49,4611.79,4199.49,4227.18,4195.38,4246.67,4592.31,4350.26,1
4291.28,4024.1,4259.49,4115.9,4349.23,4629.23,4073.85,4612.82,4199.49,4227.69,4193.33,4249.23,4591.28,4358.97,1
4297.44,4027.18,4258.46,4119.49,4349.74,4632.82,4073.33,4611.28,4192.31,4227.18,4197.95,4257.95,4596.92,4368.72,1
4296.41,4026.67,4254.87,4120,4351.28,4633.85,4081.54,4608.21,4187.69,4226.15,4207.18,4260,4600,4363.08,1
4295.9,4026.67,4256.92,4117.44,4354.87,4633.33,4085.64,4607.69,4192.31,4224.62,4206.15,4256.41,4596.92,4360.51,1
4304.62,4031.79,4268.21,4123.08,4357.44,4634.87,4083.08,4610.77,4198.46,4229.74,4203.08,4263.08,4599.49,4372.82,1
4312.82,4035.38,4273.85,4132.82,4358.97,4635.38,4083.59,4616.41,4199.49,4235.38,4207.69,4268.21,4607.69,4380,1
4313.33,4036.41,4266.67,4135.9,4357.44,4634.36,4082.05,4616.92,4198.97,4232.82,4209.74,4265.64,4611.28,4376.92,1
4305.64,4035.9,4263.59,4132.31,4354.87,4632.31,4075.38,4610.77,4199.49,4228.21,4204.62,4265.13,4600,4366.15,1
4293.85,4024.1,4260,4122.05,4348.21,4631.79,4077.95,4611.28,4200.51,4226.15,4196.41,4261.03,4585.13,4354.87,1
4289.74,4013.33,4256.92,4118.46,4345.64,4630.26,4083.08,4615.38,4198.46,4226.15,4193.85,4256.92,4592.31,4362.05,1
4298.97,4018.46,4263.08,4122.56,4350.77,4627.69,4076.92,4605.13,4186.67,4228.21,4205.13,4262.05,4615.9,4378.46,1
4307.69,4023.08,4265.64,4122.05,4354.36,4629.74,4073.85,4601.54,4189.74,4228.21,4219.49,4270.26,4627.69,4384.1,1
4313.33,4024.1,4263.59,4128.72,4356.41,4634.87,4080,4615.9,4208.72,4235.9,4228.21,4278.46,4635.9,4394.36,1
4318.46,4026.67,4269.23,4136.92,4361.03,4634.87,4080.51,4618.46,4206.67,4246.15,4232.31,4284.1,4646.67,4404.1,1
4314.36,4020.51,4273.85,4128.21,4358.97,4630.77,4081.03,4609.74,4192.82,4243.59,4229.23,4282.05,4643.59,4396.41,1
4306.67,4010.77,4268.72,4118.97,4353.33,4631.28,4087.69,4614.87,4202.05,4241.03,4224.62,4278.97,4637.44,4390.26,1
4306.67,4008.72,4263.08,4121.54,4355.9,4637.44,4091.79,4624.1,4215.38,4245.64,4222.56,4276.92,4637.95,4388.72,1
4304.62,4008.72,4263.08,4123.59,4360,4637.44,4087.18,4618.46,4208.21,4246.67,4220,4267.69,4633.33,4381.54,1
4296.92,4005.13,4262.05,4119.49,4354.87,4627.69,4081.03,4612.82,4206.15,4243.59,4218.46,4261.54,4628.21,4378.97,1
4297.44,4008.21,4260.51,4118.97,4351.28,4624.1,4077.44,4618.97,4211.79,4242.05,4222.05,4269.23,4634.36,4386.15,1
4310.26,4017.95,4267.18,4128.72,4357.95,4631.79,4078.46,4622.56,4211.79,4249.74,4233.85,4281.54,4644.62,4398.97,1
4321.03,4024.1,4278.97,4138.46,4362.05,4634.36,4080,4617.95,4203.08,4252.31,4235.38,4285.13,4645.13,4400.51,1
4319.49,4017.95,4282.05,4131.79,4351.28,4628.21,4078.97,4608.21,4189.74,4236.92,4219.49,4278.46,4632.82,4388.72,1
4313.33,4009.23,4280,4123.08,4350.77,4631.28,4081.54,4605.64,4192.31,4230.26,4215.38,4279.49,4627.69,4389.74,1
4317.95,4015.38,4284.62,4133.85,4370.26,4643.59,4092.82,4616.41,4209.74,4248.72,4231.79,4291.28,4641.54,4406.15,1
4329.23,4028.72,4292.31,4147.18,4381.54,4650.26,4103.59,4630.26,4221.54,4266.67,4239.49,4291.28,4655.38,4409.23,1
4336.92,4036.92,4298.97,4152.31,4380,4652.82,4107.69,4640.51,4231.28,4271.28,4242.05,4288.21,4657.95,4407.69,1
4344.1,4042.56,4309.23,4161.54,4383.59,4653.85,4108.72,4645.64,4241.03,4275.38,4254.87,4303.59,4665.64,4422.05,1
4352.31,4049.74,4320.51,4171.28,4390.26,4655.9,4111.79,4647.69,4239.49,4279.49,4267.18,4326.15,4677.95,4436.41,1
4354.36,4054.87,4327.69,4172.31,4392.31,4665.64,4120,4648.21,4235.38,4278.97,4269.23,4331.28,4677.44,4435.38,1
4350.26,4052.82,4326.15,4168.21,4391.28,4674.87,4124.62,4648.72,4236.41,4272.31,4261.03,4322.56,4670.77,4427.69,1
4349.23,4052.82,4322.56,4171.79,4394.87,4672.82,4120.51,4643.08,4227.69,4267.69,4257.95,4319.49,4671.79,4427.18,1
4354.87,4058.97,4322.56,4180,4403.08,4672.31,4117.95,4641.54,4226.15,4276.92,4265.13,4323.59,4680,4434.36,1
4362.56,4065.13,4327.69,4183.59,4409.23,4677.44,4121.54,4652.31,4246.15,4290.77,4276.41,4330.77,4690.26,4442.56,1
4366.15,4065.64,4334.87,4183.59,4406.67,4676.92,4124.1,4661.54,4260.51,4297.44,4283.08,4336.41,4694.87,4445.64,1
4365.13,4061.03,4336.92,4177.95,4402.56,4677.95,4128.72,4669.74,4265.64,4298.46,4283.59,4336.92,4692.31,4444.1,1
4360.51,4054.36,4333.33,4174.87,4403.08,4681.03,4134.36,4679.49,4269.74,4300.51,4281.03,4334.87,4688.72,4436.41,1
4358.46,4055.38,4334.36,4180.51,4405.64,4679.49,4133.33,4674.36,4262.05,4299.49,4276.41,4334.36,4684.62,4431.79,1
4366.67,4066.67,4343.08,4187.18,4409.23,4677.44,4131.28,4658.97,4247.69,4289.74,4274.36,4340,4681.03,4443.08,1
4375.9,4073.85,4349.23,4190.77,4410.26,4681.54,4134.36,4660,4250.26,4286.67,4278.46,4347.69,4688.72,4460,1
4379.49,4072.82,4353.33,4196.41,4411.79,4686.15,4136.41,4666.15,4252.31,4292.31,4283.59,4350.77,4697.95,4465.64,1
4382.05,4071.28,4356.41,4201.03,4412.82,4687.69,4135.9,4659.49,4235.38,4285.13,4281.03,4347.18,4693.85,4458.46,1
4381.54,4071.79,4351.79,4199.49,4408.72,4687.69,4136.92,4661.03,4234.36,4272.82,4271.28,4342.05,4683.08,4449.23,1
4375.9,4071.28,4345.13,4194.36,4407.18,4686.67,4136.41,4670.77,4255.9,4277.44,4267.18,4338.97,4680,4446.67,1
4371.79,4069.74,4341.54,4187.69,4411.28,4688.21,4137.44,4673.33,4267.69,4290.77,4271.79,4337.95,4687.69,4448.21,1
4372.82,4068.72,4338.97,4185.64,4415.9,4691.28,4141.54,4680,4267.69,4296.92,4280,4342.56,4693.33,4448.21,1
4375.9,4071.79,4342.05,4194.36,4419.49,4693.85,4142.05,4690.77,4276.92,4304.1,4283.59,4345.64,4696.41,4452.31,1
4383.08,4080,4351.79,4201.03,4421.03,4693.85,4142.05,4687.18,4279.49,4312.31,4286.67,4346.15,4703.59,4460.51,1
4389.23,4087.69,4358.97,4205.64,4423.08,4691.79,4145.64,4676.92,4268.21,4311.28,4293.85,4353.85,4709.74,4466.15,1
4392.31,4088.72,4364.62,4213.33,4426.15,4695.38,4149.23,4683.08,4269.74,4307.69,4298.46,4364.1,4709.74,4472.82,1
4395.38,4091.79,4367.18,4214.36,4427.18,4701.03,4150.26,4691.79,4277.95,4311.28,4298.46,4368.72,4711.79,4476.41,1
4391.79,4092.31,4357.95,4210.77,4426.15,4703.59,4149.23,4685.13,4271.79,4312.31,4293.85,4361.03,4712.82,4466.67,1
4383.08,4082.56,4347.18,4210.26,4428.72,4706.15,4153.33,4677.95,4264.1,4305.64,4286.15,4347.18,4705.13,4456.41,1
4385.13,4078.46,4348.21,4211.28,4431.28,4707.69,4158.97,4682.56,4269.23,4304.1,4285.13,4346.15,4703.59,4460.51,1
4391.28,4079.49,4354.87,4213.33,4427.18,4704.1,4154.87,4690.77,4275.38,4307.18,4292.31,4357.44,4705.64,4464.62,1
4388.21,4072.31,4356.92,4212.31,4424.1,4701.54,4146.15,4688.21,4271.28,4304.62,4294.87,4355.9,4700.51,4458.46,1
4385.64,4066.67,4356.92,4206.67,4427.69,4703.59,4146.15,4683.59,4269.23,4302.56,4291.28,4347.69,4698.46,4455.9,1
4388.21,4071.79,4356.92,4208.21,4431.28,4706.67,4148.72,4686.15,4275.9,4308.21,4292.31,4350.77,4703.08,4462.05,1
4386.15,4074.87,4352.31,4208.72,4430.77,4708.72,4147.69,4688.72,4277.44,4314.36,4294.87,4354.36,4702.05,4463.08,1
4384.1,4073.33,4348.21,4207.69,4431.28,4707.18,4149.23,4688.72,4273.85,4312.82,4294.36,4353.33,4702.05,4461.03,1
4389.74,4075.9,4352.31,4210.77,4435.38,4704.1,4153.33,4688.21,4272.82,4312.31,4295.38,4356.92,4711.28,4462.05,1
4392.31,4078.97,4353.33,4210.26,4435.38,4704.1,4152.82,4687.69,4270.77,4314.87,4296.92,4353.33,4711.28,4458.97,1
4382.56,4075.9,4344.1,4201.54,4428.72,4705.13,4151.79,4686.67,4271.28,4311.28,4290.26,4342.56,4698.97,4450.77,1
4373.85,4070.26,4336.92,4192.82,4425.13,4706.15,4154.87,4688.21,4275.38,4307.69,4288.21,4342.05,4697.95,4452.31,1
4377.44,4071.28,4340.51,4190.77,4428.72,4704.1,4153.85,4685.64,4269.74,4310.26,4296.41,4347.69,4705.64,4458.97,1
4381.54,4073.33,4342.05,4189.74,4429.23,4700,4147.18,4679.49,4265.13,4308.21,4295.9,4346.67,4700.51,4454.87,1
4382.05,4070.77,4339.49,4187.69,4425.13,4698.97,4142.56,4676.92,4268.21,4303.08,4291.28,4344.62,4696.41,4453.85,1
4387.18,4071.79,4342.05,4187.18,4426.15,4703.08,4146.67,4674.87,4261.54,4304.62,4299.49,4350.26,4707.18,4464.1,1
4391.79,4074.36,4345.64,4190.26,4426.67,4703.08,4152.82,4673.85,4254.36,4304.1,4303.08,4355.38,4711.79,4466.67,1
4389.23,4066.67,4344.1,4187.69,4422.05,4697.95,4153.85,4674.87,4254.87,4297.95,4295.38,4354.36,4701.03,4458.97,1
4386.67,4062.05,4341.03,4182.05,4421.54,4698.46,4153.33,4674.87,4253.33,4295.38,4289.23,4350.26,4693.85,4455.38,1
4386.67,4069.74,4342.05,4186.15,4424.62,4701.03,4153.85,4675.9,4258.46,4297.44,4288.72,4349.23,4695.38,4459.49,1
4390.26,4075.9,4342.56,4188.21,4425.13,4699.49,4153.85,4680,4270.26,4304.1,4291.79,4353.85,4698.46,4464.62,1
4393.85,4071.28,4343.59,4186.67,4426.15,4698.46,4154.87,4681.54,4274.36,4311.79,4300,4356.92,4703.08,4467.18,1
4390.26,4064.1,4341.03,4186.15,4427.18,4699.49,4153.85,4681.03,4275.38,4314.87,4301.54,4350.77,4704.1,4462.56,1
4386.15,4066.15,4336.41,4184.1,4426.67,4700,4149.74,4682.56,4281.03,4315.38,4291.79,4342.56,4698.97,4457.44,1
4388.21,4071.28,4336.92,4185.13,4429.23,4702.56,4150.26,4686.15,4284.1,4318.97,4292.82,4342.56,4700,4458.97,1
4384.62,4068.72,4337.44,4186.15,4429.23,4705.13,4155.9,4690.26,4282.56,4319.49,4297.95,4342.05,4703.08,4453.85,1
4377.95,4063.59,4336.41,4184.62,4423.59,4703.08,4156.41,4692.31,4278.46,4315.38,4294.36,4338.97,4697.44,4447.18,1
4380.51,4062.05,4340.51,4182.56,4423.59,4702.05,4155.9,4688.21,4274.87,4314.36,4293.33,4343.08,4693.33,4453.85,1
4385.64,4062.56,4347.18,4183.59,4427.18,4702.56,4160,4680.51,4268.72,4311.79,4296.92,4349.23,4698.46,4461.54,1
4389.74,4066.15,4350.77,4186.67,4429.23,4702.56,4162.05,4681.54,4266.67,4308.21,4297.95,4352.82,4702.56,4462.05,1
4394.87,4071.79,4351.79,4188.72,4430.77,4705.13,4158.46,4689.23,4275.38,4314.36,4302.05,4360.51,4708.21,4466.67,1
4393.85,4068.72,4351.79,4188.21,4429.74,4704.1,4154.87,4686.67,4280,4323.08,4308.72,4363.08,4713.85,4467.69,1
4388.72,4061.03,4346.67,4186.15,4422.05,4697.44,4152.82,4676.92,4269.74,4318.46,4302.05,4352.82,4708.21,4458.46,1
4384.1,4056.41,4342.56,4184.1,4414.36,4695.38,4152.82,4677.44,4265.13,4306.67,4291.79,4343.08,4700,4456.41,1
4380,4055.38,4342.56,4183.08,4414.36,4697.95,4156.41,4686.15,4275.9,4307.69,4290.77,4344.62,4698.97,4460.51,1
4378.97,4054.36,4343.59,4186.67,4419.49,4697.44,4161.03,4689.74,4279.49,4313.85,4291.79,4346.67,4695.38,4458.46,1
4382.05,4054.36,4344.62,4188.21,4423.08,4700,4160.51,4686.15,4268.72,4311.28,4293.33,4345.64,4692.82,4455.9,1
4383.08,4060.51,4348.72,4188.21,4425.64,4704.1,4160.51,4681.54,4266.15,4309.23,4297.44,4348.72,4702.56,4457.44,1
4386.15,4064.62,4351.79,4194.36,4427.69,4704.1,4163.59,4683.08,4272.31,4312.31,4302.05,4352.31,4708.72,4457.95,1
4388.72,4060,4349.23,4192.31,4425.64,4703.59,4163.59,4686.67,4269.74,4306.67,4296.41,4349.23,4700,4455.9,1
4385.64,4058.97,4346.67,4187.18,4423.08,4701.54,4155.9,4680.51,4265.64,4298.46,4290.26,4345.13,4695.38,4455.9,1
4382.56,4061.54,4342.56,4190.26,4425.13,4697.44,4151.79,4674.87,4270.26,4301.03,4291.79,4346.15,4700,4454.36,1
4382.05,4056.41,4341.54,4191.28,4424.1,4700,4161.03,4679.49,4270.77,4304.62,4291.28,4347.18,4699.49,4451.28,1
4382.56,4054.87,4349.23,4188.72,4422.05,4705.13,4165.64,4683.08,4266.67,4305.13,4291.79,4349.23,4696.92,4454.87,1
4382.56,4055.9,4353.85,4189.74,4422.56,4701.03,4159.49,4682.56,4266.67,4307.18,4296.41,4353.85,4697.95,4456.41,1
4381.03,4049.23,4346.67,4188.72,4418.97,4694.87,4155.9,4684.1,4265.64,4305.64,4299.49,4352.82,4700,4452.31,1
4378.97,4047.69,4341.03,4184.1,4416.41,4696.92,4159.49,4683.08,4261.54,4302.56,4295.38,4345.64,4697.44,4451.28,1
4379.49,4051.79,4342.05,4185.64,4420.51,4701.54,4163.59,4681.54,4262.05,4301.54,4289.23,4345.64,4691.79,4453.33,1
4378.97,4051.79,4345.13,4186.67,4422.56,4701.03,4165.13,4686.15,4268.72,4300.51,4288.72,4348.21,4691.28,4453.33,1
4378.97,4053.85,4344.62,4185.13,4419.49,4693.85,4162.05,4689.74,4272.82,4303.59,4293.33,4346.67,4696.92,4455.38,1
4384.62,4055.38,4343.59,4188.21,4422.05,4693.85,4160.51,4688.21,4272.82,4309.23,4299.49,4350.77,4701.54,4462.05,1
4389.23,4053.85,4350.77,4191.28,4424.1,4703.59,4167.18,4690.77,4275.38,4310.77,4304.62,4360.51,4703.08,4465.13,1
4389.74,4054.36,4359.49,4188.72,4419.49,4702.56,4166.67,4694.87,4276.41,4311.28,4306.67,4364.1,4705.13,4465.64,1
4390.77,4055.38,4356.41,4190.77,4418.46,4692.31,4155.38,4690.77,4274.36,4314.36,4303.08,4360.51,4705.64,4467.69,1
4390.26,4054.87,4349.23,4194.87,4420.51,4692.82,4154.36,4687.69,4272.82,4314.36,4300,4355.9,4703.59,4463.59,1
4384.1,4055.9,4346.67,4191.28,4421.03,4699.49,4158.46,4688.72,4265.13,4307.69,4294.87,4349.74,4696.92,4452.31,1
4378.46,4056.41,4346.67,4191.28,4417.95,4695.9,4155.38,4683.08,4253.33,4297.44,4288.21,4345.64,4686.67,4446.15,1
4378.46,4056.41,4344.62,4193.33,4414.36,4691.28,4153.33,4676.41,4256.41,4293.33,4286.15,4346.15,4683.08,4449.23,1
4377.44,4056.92,4341.54,4185.13,4416.92,4696.92,4154.87,4683.08,4270.26,4297.95,4289.74,4347.18,4688.21,4450.77,1
4378.46,4058.97,4343.08,4185.64,4422.05,4699.49,4153.85,4692.31,4274.36,4305.13,4296.41,4350.77,4695.9,4454.87,1
4384.62,4063.59,4348.21,4200,4423.08,4694.87,4153.33,4690.77,4271.79,4311.28,4300.51,4353.85,4702.05,4459.49,1
4386.67,4063.08,4346.67,4202.56,4420.51,4695.9,4152.82,4689.23,4281.03,4318.97,4302.56,4355.9,4704.62,4458.97,1
4381.03,4056.92,4341.54,4194.36,4421.54,4697.44,4151.28,4695.9,4287.69,4319.49,4301.03,4357.44,4702.05,4456.92,1
4380,4055.9,4342.05,4191.28,4421.03,4695.9,4150.77,4693.85,4274.87,4309.23,4298.46,4353.85,4696.41,4454.87,1
4377.44,4056.92,4339.49,4187.18,4416.92,4696.41,4149.23,4680.51,4253.85,4297.44,4290.77,4345.13,4691.28,4444.62,1
4368.21,4053.33,4332.82,4184.62,4413.85,4695.38,4149.74,4672.82,4251.28,4294.87,4284.1,4341.03,4688.21,4437.44,1
4372.31,4051.28,4337.44,4189.23,4416.41,4690.77,4150.77,4674.36,4261.03,4301.54,4288.72,4346.15,4691.79,4447.69,1
4392.31,4062.56,4352.31,4200.51,4427.69,4697.44,4151.28,4680,4268.21,4307.69,4299.49,4357.95,4701.54,4463.08,1
4398.46,4073.33,4356.92,4207.18,4434.87,4707.69,4151.79,4685.13,4269.23,4307.69,4303.08,4366.15,4708.72,4465.13,1
4385.64,4064.1,4347.69,4202.56,4425.13,4701.03,4150.77,4686.15,4264.62,4303.08,4293.85,4357.95,4701.03,4452.31,1
4379.49,4051.28,4341.54,4199.49,4415.9,4691.28,4147.18,4685.13,4268.21,4301.54,4285.64,4344.62,4688.72,4445.64,1
4386.15,4058.46,4347.18,4203.08,4419.49,4696.41,4145.13,4682.56,4269.23,4305.13,4289.74,4347.18,4690.77,4452.82,1
4391.28,4068.21,4352.82,4203.59,4423.08,4700.51,4144.62,4675.38,4258.97,4304.1,4296.41,4355.38,4698.46,4457.95,1
4388.21,4059.49,4348.72,4202.56,4417.95,4695.38,4145.13,4672.82,4253.33,4301.03,4293.85,4354.87,4697.95,4453.85,1
4381.54,4053.85,4343.59,4199.49,4414.36,4692.82,4145.64,4678.97,4259.49,4301.54,4290.77,4351.79,4692.31,4448.21,1
4373.85,4053.85,4337.95,4190.77,4411.79,4696.92,4148.72,4677.95,4263.08,4299.49,4285.64,4346.67,4684.1,4440.51,1
4367.18,4045.64,4329.74,4183.08,4407.69,4696.92,4151.79,4677.44,4265.13,4292.82,4275.9,4333.85,4674.36,4428.21,1
4366.67,4040.51,4327.18,4184.62,4408.21,4692.82,4152.31,4688.21,4272.82,4293.33,4275.38,4328.72,4673.85,4428.21,1
4369.74,4044.1,4331.28,4184.62,4412.31,4690.77,4150.26,4690.26,4273.33,4302.56,4284.62,4340.51,4681.54,4438.97,1
4372.31,4049.74,4337.95,4186.15,4416.92,4692.31,4146.15,4674.87,4262.05,4306.67,4291.28,4352.31,4688.21,4445.13,1
4377.95,4055.38,4347.69,4197.44,4420,4695.9,4143.59,4668.72,4255.9,4300,4290.26,4351.79,4689.74,4442.56,1
4383.08,4057.95,4354.87,4204.1,4418.46,4698.46,4148.21,4679.49,4259.49,4291.79,4284.1,4347.69,4684.62,4439.49,1
4381.03,4056.41,4351.79,4201.03,4415.38,4696.92,4149.23,4677.44,4256.92,4289.74,4277.44,4344.62,4679.49,4440,1
4377.44,4056.41,4345.13,4201.54,4413.33,4690.77,4138.46,4661.03,4246.67,4288.21,4278.46,4340,4681.54,4440.51,1
4373.33,4057.44,4341.54,4203.59,4412.31,4685.13,4133.33,4656.92,4247.69,4285.64,4280,4339.49,4684.1,4434.87,1
4368.72,4052.31,4340,4200,4409.74,4685.64,4136.41,4667.18,4257.95,4286.67,4278.46,4344.1,4680.51,4430.77,1
4369.23,4048.72,4344.1,4198.97,4412.31,4687.69,4135.9,4679.49,4268.21,4293.85,4280.51,4345.13,4677.44,4432.31,1
4369.74,4052.31,4344.1,4200,4417.44,4690.77,4140,4685.64,4275.38,4301.03,4278.97,4337.44,4678.97,4429.23,1
4364.1,4053.33,4335.38,4198.97,4413.85,4690.77,4143.08,4681.03,4268.72,4300,4273.33,4331.28,4678.46,4426.15,1
4362.56,4049.74,4330.77,4198.46,4407.69,4687.69,4135.38,4666.67,4247.18,4288.72,4272.82,4332.31,4676.41,4428.72,1
4368.72,4051.79,4333.33,4200.51,4409.23,4686.67,4133.33,4661.03,4240,4280.51,4278.46,4332.82,4679.49,4431.28,1
4371.28,4057.44,4336.92,4202.05,4411.28,4686.15,4137.95,4664.62,4253.33,4282.05,4282.05,4332.82,4683.08,4432.31,1
4367.18,4054.87,4335.9,4199.49,4408.72,4681.54,4136.92,4662.56,4258.97,4286.67,4279.49,4333.85,4683.08,4430.77,1
4364.1,4048.72,4333.85,4198.97,4409.23,4676.41,4126.67,4658.46,4249.23,4288.21,4277.44,4330.77,4684.62,4430.77,1
4367.69,4052.82,4337.95,4200.51,4413.33,4678.46,4124.62,4659.49,4248.72,4289.23,4280,4331.79,4686.15,4433.85,1
4370.77,4056.92,4344.1,4202.56,4414.87,4685.64,4134.87,4667.18,4261.03,4291.79,4282.56,4340.51,4683.08,4433.33,1
4366.15,4047.69,4337.95,4202.56,4413.85,4687.69,4141.54,4671.28,4258.97,4290.77,4277.44,4341.03,4681.03,4426.15,1
4358.97,4040,4326.15,4197.44,4411.79,4686.15,4139.49,4668.72,4250.26,4285.13,4273.33,4329.74,4677.95,4419.49,1
4356.92,4042.05,4324.62,4188.21,4407.69,4684.1,4138.97,4670.26,4251.79,4283.08,4270.77,4321.54,4670.26,4416.41,1
4358.97,4042.05,4326.15,4183.59,4406.67,4683.59,4143.08,4680,4257.44,4283.08,4267.18,4322.56,4664.62,4415.38,1
4361.54,4041.54,4324.62,4190.26,4412.82,4682.56,4141.03,4678.46,4254.87,4284.1,4269.74,4327.18,4669.74,4417.95,1
4362.56,4047.18,4324.1,4193.33,4416.41,4684.1,4135.9,4661.03,4243.59,4283.08,4273.85,4332.31,4674.87,4417.44,1
4357.44,4048.21,4320.51,4186.15,4412.31,4690.77,4140.51,4656.41,4243.08,4276.41,4267.18,4327.18,4668.21,4412.82,1
4352.82,4042.56,4316.41,4182.05,4409.74,4689.74,4144.62,4665.13,4251.28,4275.38,4262.56,4316.41,4663.59,4410.77,1
4355.9,4042.56,4317.44,4184.62,4412.82,4682.05,4137.44,4661.03,4248.72,4286.15,4270.77,4316.92,4674.36,4410.26,1
4361.54,4045.13,4319.49,4181.54,4412.31,4678.46,4133.33,4652.82,4248.21,4291.28,4277.44,4324.62,4681.03,4412.82,1
4361.54,4043.59,4319.49,4176.41,4408.72,4680,4144.1,4664.62,4263.08,4288.21,4282.05,4328.72,4673.85,4418.46,1
4360.51,4043.08,4324.1,4182.56,4407.69,4684.62,4150.77,4676.92,4263.59,4289.74,4283.08,4330.77,4674.36,4420.51,1
4362.56,4046.15,4329.74,4184.62,4407.69,4685.64,4148.72,4677.44,4257.95,4292.31,4281.03,4333.33,4679.49,4420,1
4357.44,4046.15,4320.51,4173.33,4408.21,4683.59,4149.74,4682.05,4270.26,4293.33,4281.54,4328.21,4673.85,4418.46,1
4354.87,4041.03,4310.77,4167.69,4408.21,4682.05,4148.21,4683.08,4266.15,4293.85,4281.03,4321.03,4668.72,4417.44,1
4361.03,4038.97,4315.9,4174.36,4407.69,4682.05,4141.03,4671.28,4246.15,4288.72,4276.92,4324.62,4672.31,4420.51,1
4362.56,4041.54,4320.51,4172.82,4406.15,4680.51,4136.41,4665.64,4248.21,4283.08,4271.28,4329.23,4675.38,4426.15,1
4363.08,4045.64,4319.49,4167.69,4406.67,4683.59,4139.49,4675.9,4262.05,4286.67,4273.85,4329.74,4680,4429.23,1
4369.23,4051.79,4324.62,4175.9,4410.77,4690.77,4146.67,4683.08,4268.21,4296.92,4282.05,4335.9,4688.72,4434.36,1
4373.33,4057.44,4327.69,4184.62,4411.79,4689.23,4150.77,4685.13,4273.33,4302.05,4283.59,4341.03,4691.79,4441.03,1
4371.79,4056.41,4320.51,4182.56,4407.69,4683.59,4149.23,4684.62,4269.74,4296.92,4274.36,4335.9,4688.21,4436.41,1
4372.82,4053.85,4317.44,4183.59,4407.18,4681.03,4147.18,4673.85,4259.49,4289.23,4265.13,4330.26,4684.1,4430.26,1
4370.77,4049.74,4320,4182.05,4407.18,4681.54,4149.74,4667.18,4258.46,4288.72,4262.05,4330.26,4680,4429.23,1
4363.59,4040.51,4314.87,4171.28,4403.59,4679.49,4147.18,4668.72,4256.41,4286.15,4254.87,4324.62,4674.36,4422.05,1
4363.08,4039.49,4310.26,4172.31,4404.1,4674.87,4139.49,4665.13,4245.13,4278.97,4250.77,4318.97,4667.69,4414.36,1
4368.72,4054.36,4316.92,4185.64,4409.74,4676.41,4140,4664.1,4244.1,4280.51,4252.82,4319.49,4668.21,4419.49,1
4375.9,4062.05,4326.67,4186.67,4408.72,4683.08,4147.69,4675.9,4258.97,4288.21,4257.44,4325.64,4676.92,4431.79,1
4382.05,4058.46,4334.87,4185.13,4407.18,4683.59,4148.21,4682.56,4268.72,4292.31,4263.08,4337.95,4684.1,4440,1
4387.18,4062.56,4339.49,4189.74,4411.79,4680.51,4141.03,4676.41,4265.64,4291.28,4264.62,4346.15,4685.13,4439.49,1
4388.21,4063.59,4333.33,4188.21,4410.77,4683.08,4143.59,4676.41,4258.97,4288.21,4260.51,4342.56,4681.54,4432.82,1
4383.59,4057.95,4325.64,4184.62,4409.23,4687.69,4153.33,4682.56,4261.54,4289.74,4261.03,4337.44,4682.05,4433.85,1
4382.05,4063.08,4329.23,4188.21,4412.82,4688.72,4153.33,4682.56,4270.26,4298.46,4267.69,4342.56,4687.69,4437.44,1
4380.51,4062.56,4331.79,4187.69,4410.26,4688.21,4150.26,4680,4273.33,4300,4267.18,4343.08,4686.67,4431.79,1
4374.87,4048.21,4329.74,4182.05,4409.23,4689.23,4150.77,4677.95,4266.67,4292.82,4258.97,4336.92,4681.03,4430.26,1
4377.95,4052.31,4334.87,4184.62,4414.36,4688.72,4148.21,4673.85,4258.97,4291.28,4255.9,4336.92,4679.49,4435.38,1
4385.13,4068.21,4337.44,4188.72,4412.31,4685.13,4141.54,4670.26,4255.9,4292.82,4250.77,4337.95,4673.85,4431.79,1
4378.46,4063.08,4327.69,4184.62,4404.1,4681.03,4133.85,4672.31,4256.41,4288.21,4241.54,4332.31,4659.49,4419.49,1
4367.18,4051.28,4320,4181.03,4402.05,4674.87,4129.23,4673.85,4256.41,4278.97,4236.41,4322.05,4650.77,4411.79,1
4373.33,4057.44,4323.59,4185.64,4403.59,4669.74,4126.67,4668.72,4248.21,4276.92,4236.41,4319.49,4652.82,4415.9,1
4382.05,4069.23,4327.18,4187.18,4402.56,4668.72,4127.69,4660.51,4241.03,4277.95,4236.92,4321.54,4654.36,4423.59,1
4381.54,4073.33,4325.13,4185.64,4402.05,4673.33,4134.36,4657.95,4241.54,4276.92,4237.44,4322.56,4652.31,4426.67,1
4383.59,4072.82,4328.72,4186.67,4401.54,4678.46,4139.49,4662.56,4246.15,4277.44,4237.44,4326.15,4651.79,4427.18,1
4387.69,4069.74,4334.36,4187.18,4398.97,4676.41,4138.97,4670.26,4252.82,4278.97,4239.49,4330.26,4649.74,4427.18,1
4392.31,4075.9,4333.85,4190.26,4397.95,4669.74,4138.97,4670.26,4254.87,4280,4241.54,4329.74,4649.74,4430.77,1
4400.51,4090.26,4337.95,4199.49,4405.64,4669.23,4141.03,4660,4245.64,4283.59,4241.54,4330.26,4658.46,4435.38,1
4405.13,4096.41,4344.62,4203.08,4412.82,4675.38,4138.97,4657.44,4245.64,4289.23,4243.59,4334.87,4666.15,4435.38,1
4402.05,4090.26,4340,4199.49,4407.69,4677.95,4138.46,4668.21,4259.49,4290.26,4246.15,4337.44,4664.62,4435.38,1
4396.92,4078.46,4333.33,4197.95,4402.05,4674.36,4138.46,4672.82,4253.85,4282.56,4240,4334.87,4658.46,4434.87,1
4396.41,4074.87,4335.38,4196.41,4405.13,4669.74,4134.87,4665.64,4244.62,4274.36,4231.28,4330.77,4652.82,4432.31,1
4400.51,4077.44,4338.46,4193.33,4407.69,4667.18,4130.77,4661.54,4249.74,4270.77,4232.31,4331.28,4646.67,4431.28,1
4398.46,4075.38,4334.87,4189.74,4402.56,4662.56,4126.15,4661.03,4247.69,4266.15,4228.72,4328.21,4637.95,4424.62,1
4387.18,4066.67,4327.69,4183.08,4397.95,4661.03,4123.08,4660.51,4236.92,4258.46,4218.46,4318.46,4632.31,4417.44,1
4387.69,4068.21,4329.74,4186.67,4402.05,4668.72,4126.67,4657.95,4229.74,4254.87,4217.95,4318.46,4634.36,4424.62,1
4404.62,4084.1,4344.62,4201.03,4405.64,4671.28,4134.36,4658.46,4237.95,4257.95,4225.13,4331.79,4633.85,4434.36,1
4414.87,4093.85,4355.38,4207.18,4401.03,4664.62,4135.38,4665.13,4255.38,4266.15,4227.18,4344.1,4633.33,4436.92,1
4414.87,4093.85,4352.31,4202.56,4402.05,4666.67,4130.77,4665.13,4254.36,4275.9,4231.28,4347.69,4644.1,4441.03,1
4413.33,4087.69,4346.67,4200.51,4407.69,4672.82,4131.28,4661.03,4243.59,4282.56,4238.97,4346.15,4656.41,4441.03,1
4409.23,4077.95,4344.62,4200,4403.08,4670.77,4135.38,4667.18,4252.31,4282.05,4236.92,4341.54,4655.38,4434.87,1
4403.08,4076.92,4342.56,4200,4397.44,4665.13,4132.31,4669.74,4254.36,4274.87,4227.18,4333.33,4647.69,4431.79,1
4400,4083.08,4338.46,4201.54,4404.1,4662.56,4123.08,4660.51,4236.92,4267.18,4220,4326.67,4642.05,4430.26,1
4400,4080,4335.38,4201.03,4407.18,4663.08,4116.92,4654.87,4235.9,4265.64,4218.46,4327.18,4640.51,4425.64,1
4397.44,4069.74,4332.82,4192.31,4401.54,4662.05,4117.44,4655.38,4240.51,4266.15,4217.95,4325.13,4636.92,4421.03,1
4391.28,4062.05,4328.21,4185.13,4395.38,4661.54,4119.49,4654.36,4235.38,4258.97,4213.85,4321.03,4628.72,4414.87,1
4386.15,4059.49,4326.15,4188.21,4395.38,4666.15,4124.1,4657.44,4236.41,4257.95,4208.21,4323.59,4627.18,4412.31,1
4393.33,4066.15,4330.26,4198.97,4403.59,4670.26,4129.74,4665.13,4249.74,4272.31,4217.95,4331.28,4638.46,4428.21,1
4407.69,4081.54,4337.95,4208.21,4409.23,4669.74,4132.31,4673.85,4265.64,4289.74,4239.49,4341.03,4654.87,4446.15,1
4411.28,4086.15,4340,4208.72,4404.62,4669.23,4132.31,4678.46,4268.72,4294.87,4242.05,4344.1,4658.46,4440.51,1
4402.05,4078.46,4334.36,4201.54,4402.05,4669.74,4131.79,4676.92,4262.56,4288.21,4229.74,4334.36,4646.15,4426.67,1
4395.38,4074.36,4332.31,4197.95,4404.1,4671.79,4133.85,4676.41,4258.97,4282.56,4224.62,4327.69,4634.36,4424.62,1
4396.41,4071.79,4337.44,4203.08,4403.08,4678.46,4138.97,4678.46,4260,4280.51,4218.97,4331.79,4627.69,4422.56,1
4392.82,4062.56,4336.41,4199.49,4397.44,4680.51,4140,4678.46,4256.41,4278.46,4208.21,4332.31,4618.46,4412.31,1
4383.08,4053.85,4327.69,4186.67,4395.9,4676.41,4136.41,4676.92,4252.31,4271.79,4204.62,4329.74,4610.26,4408.21,1
4382.56,4054.36,4324.1,4182.56,4398.46,4673.85,4135.9,4673.85,4252.82,4271.28,4210.26,4331.28,4615.38,4412.31,1
4386.67,4054.36,4326.15,4186.15,4398.46,4672.82,4134.36,4670.26,4254.36,4275.9,4213.33,4330.26,4626.15,4412.82,1
4384.62,4052.31,4327.69,4187.69,4394.36,4667.69,4126.67,4669.74,4255.38,4272.82,4210.77,4327.18,4625.13,4409.74,1
4376.92,4047.69,4322.05,4186.67,4390.77,4661.03,4122.56,4668.21,4252.82,4264.62,4204.62,4323.59,4612.31,4403.59,1
4366.67,4038.46,4310.77,4181.54,4389.23,4665.64,4128.72,4665.64,4247.18,4263.08,4203.08,4317.95,4607.18,4395.9,1
4362.56,4035.38,4304.62,4177.95,4391.28,4672.31,4133.33,4662.56,4238.97,4266.67,4204.62,4314.87,4614.36,4394.87,1
4366.15,4040,4308.72,4181.54,4393.33,4667.18,4126.67,4653.33,4229.74,4264.1,4199.49,4312.82,4613.85,4394.87,1
4368.72,4042.56,4318.97,4185.64,4390.77,4662.05,4124.1,4650.77,4231.79,4257.44,4195.38,4314.87,4602.56,4390.26,1
4371.28,4043.08,4326.15,4191.79,4389.23,4665.13,4129.74,4667.18,4246.67,4259.49,4199.49,4324.62,4604.62,4392.82,1
4378.46,4047.18,4328.72,4200,4392.31,4665.13,4129.74,4677.44,4256.41,4270.77,4211.28,4331.79,4623.59,4406.15,1
4385.13,4049.23,4330.26,4200.51,4393.85,4662.05,4126.67,4670.77,4257.95,4278.46,4220.51,4331.28,4631.28,4414.36,1
4387.18,4046.67,4336.92,4196.41,4392.82,4663.08,4131.79,4668.21,4256.41,4277.44,4217.44,4331.79,4624.62,4414.36,1
4387.69,4045.64,4338.97,4200.51,4395.9,4662.56,4130.77,4667.18,4247.69,4272.31,4213.85,4334.87,4624.1,4414.87,1
4386.15,4045.13,4334.36,4202.56,4400.51,4662.56,4121.54,4657.95,4239.49,4268.21,4207.18,4331.28,4625.13,4410.26,1
4375.9,4035.38,4326.15,4190.77,4399.49,4668.72,4122.05,4656.92,4236.41,4258.97,4194.87,4318.97,4611.28,4394.36,1
4365.13,4026.15,4314.87,4182.05,4398.46,4674.87,4127.18,4663.08,4236.41,4248.72,4194.36,4312.82,4604.1,4387.18,1
4366.67,4035.38,4313.85,4186.67,4401.54,4674.87,4125.13,4662.05,4241.03,4256.41,4207.18,4316.92,4616.92,4395.9,1
4373.85,4042.56,4323.59,4190.77,4398.97,4670.26,4120,4656.92,4243.08,4266.67,4206.67,4319.49,4619.49,4396.92,1
4377.44,4034.87,4329.74,4188.21,4392.31,4667.69,4119.49,4661.54,4244.1,4265.13,4201.54,4322.56,4611.79,4398.46,1
4379.49,4031.28,4329.23,4187.69,4391.28,4671.79,4122.05,4671.79,4254.87,4269.23,4215.9,4331.28,4622.05,4409.23,1
4374.87,4029.74,4323.59,4185.64,4391.79,4675.38,4124.1,4673.33,4257.44,4277.95,4225.13,4330.77,4633.85,4407.69,1
4367.18,4026.15,4318.97,4183.08,4389.23,4670.77,4125.64,4666.15,4242.05,4275.38,4216.41,4321.54,4623.59,4396.41,1
4375.38,4030.26,4324.1,4184.1,4389.74,4662.56,4124.62,4661.54,4242.56,4270.26,4211.28,4325.13,4617.95,4400.51,1
4384.1,4033.33,4332.82,4180,4391.28,4663.08,4120.51,4664.1,4253.33,4270.26,4215.9,4332.31,4626.67,4408.72,1
4373.85,4024.62,4324.1,4168.72,4389.74,4668.21,4121.54,4668.21,4250.26,4270.26,4214.36,4326.15,4622.05,4398.46,1
4361.54,4020,4305.64,4159.49,4387.69,4668.72,4125.13,4668.21,4243.08,4270.77,4205.13,4315.38,4607.69,4386.67,1
4358.46,4018.97,4296.92,4153.85,4388.72,4668.21,4122.05,4662.05,4241.54,4264.62,4202.05,4309.74,4605.64,4386.15,1
4357.44,4013.33,4298.97,4151.28,4389.74,4669.23,4120,4660,4243.59,4259.49,4205.13,4310.77,4610.26,4389.74,1
4356.41,4011.28,4300,4151.79,4389.74,4666.67,4120.51,4662.56,4241.54,4264.62,4204.62,4314.36,4610.77,4390.77,1
4354.87,4014.87,4294.36,4151.79,4387.69,4662.56,4116.41,4658.97,4235.38,4265.13,4202.56,4308.21,4609.74,4387.18,1
4349.74,4011.28,4292.31,4151.28,4384.1,4664.1,4110.77,4654.36,4230.77,4256.41,4203.59,4296.41,4607.18,4380,1
4347.18,4006.67,4296.92,4151.79,4384.62,4666.67,4111.28,4654.36,4232.82,4253.33,4201.54,4299.49,4604.1,4378.46,1
4354.36,4016.41,4306.15,4153.85,4389.74,4661.54,4112.82,4657.95,4243.08,4260,4203.59,4311.79,4610.26,4390.77,1
4366.15,4030.26,4316.41,4162.05,4391.79,4657.95,4113.33,4662.05,4250.26,4268.72,4214.87,4318.46,4622.05,4403.08,1
4375.38,4037.95,4326.15,4169.23,4392.82,4663.59,4115.9,4665.64,4248.21,4275.38,4223.08,4321.54,4630.77,4405.64,1
4375.38,4038.46,4327.69,4172.82,4397.95,4668.21,4121.03,4665.13,4244.1,4275.9,4222.05,4324.62,4632.82,4404.1,1
4367.69,4031.28,4318.97,4168.21,4397.95,4666.15,4123.59,4663.08,4245.64,4274.87,4219.49,4322.05,4631.28,4402.56,1
4356.92,4022.05,4310.26,4157.95,4390.26,4668.72,4125.64,4666.67,4248.72,4275.38,4214.87,4315.38,4628.21,4395.9,1
4349.74,4020.51,4308.21,4150.77,4388.21,4674.87,4129.74,4673.85,4249.74,4270.26,4208.21,4312.82,4622.05,4390.77,1
4349.74,4020.51,4312.31,4152.82,4392.82,4673.85,4129.23,4677.44,4252.82,4266.67,4208.72,4313.85,4617.44,4391.79,1
4348.72,4015.38,4308.72,4154.87,4389.23,4665.13,4117.44,4674.36,4250.26,4269.74,4209.23,4312.82,4617.95,4391.28,1
4344.1,4012.31,4300.51,4150.26,4385.64,4658.46,4105.13,4661.54,4238.46,4268.21,4209.23,4311.28,4620.51,4391.79,1
4345.13,4017.44,4299.49,4151.79,4387.69,4658.97,4105.13,4648.72,4232.82,4261.03,4211.79,4312.82,4621.03,4394.87,1
4350.26,4023.08,4301.03,4156.41,4384.1,4660,4111.79,4652.82,4237.44,4265.64,4210.77,4314.87,4622.56,4394.87,1
4349.74,4022.56,4304.1,4155.9,4379.49,4656.92,4112.82,4662.56,4243.59,4272.31,4209.74,4314.87,4625.64,4395.9,1
4345.64,4015.38,4304.1,4148.72,4381.03,4654.87,4112.31,4662.56,4245.13,4269.74,4212.82,4313.33,4624.62,4394.87,1
4338.97,4011.28,4297.95,4143.59,4379.49,4657.44,4115.38,4658.46,4240.51,4266.15,4209.23,4311.79,4620,4386.67,1
4336.92,4016.41,4294.36,4148.21,4380,4658.97,4115.9,4657.44,4236.92,4261.54,4201.54,4307.69,4617.44,4382.05,1
4344.62,4023.59,4302.56,4153.33,4383.08,4658.97,4112.82,4661.03,4241.54,4261.03,4205.13,4305.64,4618.97,4389.74,1
4349.23,4022.05,4309.74,4154.36,4379.49,4658.46,4108.72,4659.49,4238.97,4264.62,4210.77,4308.21,4621.54,4392.31,1
4342.56,4015.9,4304.62,4151.79,4376.41,4656.92,4106.15,4649.74,4225.64,4258.46,4202.05,4309.23,4617.95,4385.13,1
4336.41,4012.82,4297.95,4148.21,4378.97,4657.95,4104.62,4646.15,4225.64,4248.21,4194.36,4304.1,4610.26,4378.97,1
4334.87,4009.74,4294.36,4149.74,4380.51,4659.49,4104.1,4649.23,4232.31,4250.26,4197.44,4302.05,4610.26,4377.44,1
4332.82,4010.26,4304.62,4153.85,4380,4655.9,4105.64,4648.72,4229.74,4254.87,4202.05,4305.64,4616.92,4381.03,1
4332.82,4013.33,4312.82,4151.79,4376.41,4652.82,4108.72,4648.21,4225.13,4250.26,4197.95,4309.23,4615.38,4383.59,1
4330.26,4009.74,4304.1,4142.56,4371.79,4656.41,4113.33,4649.23,4226.67,4246.67,4193.85,4305.64,4610.77,4377.95,1
4327.69,4006.15,4292.82,4141.54,4375.38,4658.97,4118.97,4654.36,4238.46,4250.77,4201.03,4300.51,4615.9,4374.36,1
4328.21,4011.28,4292.31,4149.23,4381.54,4662.05,4121.54,4662.05,4242.05,4255.9,4206.67,4303.59,4619.49,4377.95,1
4329.23,4017.95,4298.97,4153.33,4381.03,4661.03,4115.38,4659.49,4230.77,4255.38,4206.15,4305.64,4617.44,4380.51,1
4334.36,4018.97,4304.62,4152.31,4377.44,4653.33,4108.21,4650.77,4230.77,4250.26,4202.56,4305.13,4618.46,4381.54,1
4332.31,4013.85,4305.64,4147.69,4374.36,4651.79,4109.74,4652.31,4238.97,4247.18,4200.51,4305.64,4619.49,4379.49,1
4322.05,4007.18,4296.41,4140,4375.38,4655.9,4111.79,4652.31,4230.26,4246.15,4201.54,4304.62,4614.36,4377.44,1
4318.97,4002.56,4287.18,4136.41,4377.44,4654.36,4109.74,4644.62,4220,4246.67,4203.08,4302.56,4613.33,4374.87,1
4320,4004.1,4283.59,4138.46,4376.92,4650.77,4106.15,4644.62,4228.72,4246.67,4197.95,4302.05,4611.79,4369.23,1
4317.44,4004.62,4285.64,4140.51,4373.85,4648.72,4102.56,4649.23,4232.82,4245.64,4192.31,4298.97,4607.69,4367.69,1
4317.95,4003.08,4289.74,4139.49,4371.79,4647.69,4102.05,4647.18,4227.69,4245.64,4194.36,4297.44,4609.23,4372.82,1
4320,4003.59,4285.13,4138.46,4376.92,4653.33,4106.15,4645.13,4229.23,4243.08,4195.38,4302.05,4610.77,4372.31,1
4315.38,4004.62,4278.97,4137.44,4379.49,4658.97,4112.31,4652.31,4234.36,4242.56,4195.38,4299.49,4609.23,4367.18,1
4316.92,4006.15,4285.64,4136.41,4375.38,4655.9,4109.74,4655.38,4230.77,4244.62,4195.38,4294.87,4609.23,4371.28,1
4328.72,4010.77,4296.92,4141.54,4374.87,4655.9,4104.1,4648.72,4223.59,4243.08,4193.33,4300,4612.31,4374.87,1
4326.15,4012.82,4297.95,4145.13,4378.46,4659.49,4110.26,4649.23,4227.18,4236.92,4191.28,4297.44,4610.77,4365.64,1
4314.36,4011.28,4291.79,4140.51,4378.97,4655.9,4116.92,4649.74,4231.79,4232.82,4188.21,4285.13,4604.62,4361.03,1
4316.41,4014.36,4290.77,4143.08,4383.08,4652.31,4109.23,4640,4224.62,4238.46,4189.23,4284.62,4606.67,4371.28,1
4327.18,4018.46,4297.95,4153.85,4389.23,4655.9,4105.64,4642.56,4225.13,4249.74,4197.95,4297.95,4618.97,4383.59,1
4330.26,4016.41,4305.64,4155.38,4386.15,4658.46,4113.33,4656.41,4240,4258.97,4207.69,4309.23,4630.26,4384.1,1
4325.13,4015.38,4305.13,4151.28,4380,4656.41,4114.36,4657.95,4241.54,4259.49,4209.23,4307.69,4626.15,4377.95,1
4324.1,4016.92,4302.05,4153.33,4382.56,4661.03,4115.38,4653.85,4236.41,4252.31,4204.62,4300,4617.44,4378.97,1
4325.64,4017.44,4299.49,4153.85,4388.72,4667.69,4120.51,4660.51,4246.67,4253.33,4203.59,4300.51,4621.54,4384.62,1
4328.21,4019.49,4296.92,4151.28,4388.72,4664.62,4115.9,4663.08,4246.67,4260.51,4207.18,4304.1,4627.69,4385.13,1
4329.23,4023.08,4299.49,4153.33,4383.59,4658.97,4110.26,4657.44,4235.9,4257.95,4208.21,4302.56,4625.64,4383.08,1
4329.74,4025.13,4307.69,4157.44,4382.05,4658.97,4113.85,4653.85,4234.87,4254.36,4208.21,4306.67,4626.15,4386.67,1
4331.79,4024.1,4312.82,4158.46,4384.1,4662.56,4118.46,4653.33,4237.95,4261.54,4213.33,4314.87,4634.87,4392.31,1
4332.82,4027.18,4306.15,4156.92,4388.21,4665.13,4118.97,4656.92,4241.54,4270.26,4217.44,4314.87,4639.49,4392.31,1
4331.28,4030.26,4295.9,4155.38,4387.69,4663.08,4116.41,4660,4244.62,4264.1,4212.82,4308.21,4634.87,4385.64,1
4326.67,4028.21,4293.33,4153.85,4383.08,4660,4111.79,4657.44,4240.51,4254.87,4206.67,4303.08,4630.77,4380.51,1
4324.1,4025.64,4295.38,4158.97,4383.59,4660,4108.72,4654.87,4236.41,4255.9,4208.21,4301.03,4629.23,4382.56,1
4327.69,4026.67,4295.38,4165.13,4386.15,4661.03,4109.23,4652.82,4236.41,4256.41,4210.77,4301.03,4628.72,4383.59,1
4330.26,4026.15,4294.87,4161.54,4384.1,4660,4106.67,4649.23,4233.85,4254.87,4209.74,4299.49,4628.21,4381.03,1
4325.13,4023.08,4293.85,4153.85,4383.08,4659.49,4102.56,4651.28,4236.41,4256.92,4208.72,4298.97,4628.21,4381.54,1
4317.95,4023.08,4293.33,4154.36,4384.62,4657.95,4100.51,4652.82,4236.92,4257.95,4210.26,4301.03,4626.67,4377.95,1
4315.9,4021.54,4294.36,4157.95,4380.51,4654.36,4101.54,4644.62,4229.74,4252.82,4206.15,4297.44,4619.49,4370.26,1
4314.36,4015.38,4293.33,4154.87,4376.41,4654.87,4105.64,4643.08,4226.15,4247.69,4195.38,4291.79,4614.36,4368.72,1
4315.38,4015.9,4292.31,4152.82,4381.03,4661.54,4104.1,4646.15,4228.21,4248.72,4195.38,4292.82,4617.44,4373.33,1
4317.95,4020.51,4293.33,4158.97,4384.62,4667.18,4100.51,4644.62,4236.41,4252.82,4205.13,4295.38,4624.62,4375.9,1
4318.46,4022.56,4294.87,4163.59,4383.59,4665.13,4106.15,4649.74,4242.05,4256.41,4207.69,4298.97,4629.74,4378.97,1
4320.51,4019.49,4297.44,4162.05,4380.51,4659.49,4110.26,4654.87,4236.41,4257.44,4207.69,4307.18,4633.85,4385.13,1
4324.1,4020.51,4297.95,4163.59,4377.44,4654.87,4104.62,4649.74,4234.36,4256.41,4213.33,4307.18,4635.38,4385.13,1
4325.13,4025.64,4295.9,4167.69,4376.41,4650.77,4100,4645.64,4237.44,4255.38,4210.77,4298.97,4634.36,4380.51,1
4326.67,4027.18,4299.49,4167.69,4378.97,4650.26,4102.05,4646.67,4230.26,4252.31,4203.08,4303.59,4632.31,4382.56,1
4332.82,4030.77,4307.18,4168.21,4381.54,4652.31,4102.05,4645.13,4227.69,4252.31,4213.33,4315.38,4636.92,4394.87,1
4336.41,4038.46,4312.82,4172.82,4381.03,4652.82,4097.44,4644.1,4235.38,4254.87,4223.59,4318.46,4644.62,4401.03,1
4334.36,4036.92,4311.79,4171.28,4382.05,4656.41,4100,4647.69,4237.95,4254.87,4215.38,4313.85,4644.62,4394.87,1
4329.23,4028.72,4304.1,4167.69,4384.1,4663.08,4104.62,4649.74,4238.46,4255.38,4206.67,4308.21,4637.95,4387.69,1
4322.56,4029.23,4296.92,4166.15,4380.51,4661.54,4100,4642.56,4233.33,4249.74,4203.59,4297.44,4630.26,4377.95,1
4315.38,4031.79,4291.28,4168.72,4379.49,4653.85,4094.36,4631.79,4217.44,4237.95,4195.9,4287.18,4619.49,4367.18,1
4311.79,4029.74,4289.23,4169.74,4381.54,4650.26,4096.41,4631.79,4216.92,4236.41,4194.36,4287.18,4617.44,4369.74,1
4314.87,4026.67,4292.82,4169.23,4377.95,4647.69,4100.51,4641.03,4228.21,4242.05,4204.1,4294.87,4626.15,4378.46,1
4317.44,4023.08,4296.41,4167.69,4372.82,4646.15,4099.49,4641.03,4223.59,4240.51,4206.67,4298.97,4626.67,4377.95,1
4318.46,4025.13,4295.38,4166.67,4374.87,4648.72,4096.41,4635.9,4218.46,4237.95,4203.59,4296.92,4623.08,4377.95,1
4322.56,4032.82,4296.92,4170.77,4378.97,4651.79,4098.97,4643.08,4228.21,4240.51,4206.67,4297.44,4629.23,4382.56,1
4328.21,4035.38,4298.46,4174.36,4380,4651.79,4102.56,4647.69,4230.26,4241.03,4212.31,4305.13,4634.87,4386.67,1
4333.33,4038.97,4297.44,4173.33,4382.05,4651.28,4100,4642.05,4222.05,4241.03,4217.95,4310.77,4636.92,4392.31,1
4333.33,4043.08,4296.92,4172.82,4381.54,4651.28,4098.97,4642.56,4230.77,4248.21,4219.49,4307.18,4638.46,4392.31,1
4328.21,4036.92,4294.36,4171.79,4375.38,4647.69,4103.08,4644.1,4232.82,4248.21,4213.33,4296.41,4632.82,4383.59,1
4318.97,4027.18,4291.79,4163.08,4372.82,4644.62,4102.56,4633.33,4212.82,4240,4209.23,4289.23,4627.18,4378.46,1
4316.92,4027.69,4289.74,4156.92,4379.49,4648.21,4102.56,4631.79,4216.41,4243.59,4217.95,4292.82,4637.44,4388.21,1
4321.54,4029.74,4286.15,4155.38,4384.62,4653.33,4106.15,4650.77,4244.1,4258.46,4227.18,4303.08,4647.69,4394.87,1
4317.95,4023.59,4276.92,4142.05,4378.46,4651.79,4102.56,4660.51,4245.13,4259.49,4223.08,4302.56,4641.03,4386.15,1
4311.28,4018.97,4269.74,4132.82,4373.33,4647.18,4093.85,4649.23,4228.72,4249.23,4216.92,4295.38,4635.9,4384.1,1
4317.95,4025.64,4275.9,4143.59,4377.44,4645.64,4092.82,4643.08,4233.85,4252.82,4221.03,4300,4644.62,4394.87,1
4328.21,4032.31,4285.13,4148.21,4379.49,4648.72,4098.97,4648.21,4241.03,4258.46,4224.62,4304.62,4643.59,4396.92,1
4326.15,4030.26,4283.08,4141.54,4376.41,4648.72,4102.56,4650.26,4231.79,4254.87,4224.1,4299.49,4636.41,4391.79,1
4320,4031.28,4277.95,4143.08,4377.95,4648.21,4102.56,4644.62,4228.21,4255.9,4229.23,4297.95,4643.08,4394.36,1
4316.92,4032.31,4282.56,4144.1,4380.51,4649.74,4103.59,4645.13,4238.97,4261.03,4231.79,4300,4649.74,4392.31,1
4311.28,4024.1,4279.49,4137.44,4377.44,4648.72,4104.1,4653.33,4247.18,4260.51,4224.62,4294.87,4642.56,4383.59,1
4304.1,4020,4268.21,4133.85,4376.41,4646.67,4103.08,4652.31,4233.85,4258.46,4222.05,4289.23,4639.49,4381.54,1
4301.03,4020.51,4270.26,4133.85,4378.97,4651.28,4101.54,4638.46,4217.95,4248.21,4221.54,4288.21,4639.49,4380.51,1
4306.15,4017.95,4275.38,4130.77,4378.97,4651.79,4097.44,4637.95,4226.67,4242.56,4216.41,4286.15,4635.9,4381.03,1
4313.33,4022.05,4270.26,4130.26,4380,4648.72,4093.85,4654.87,4242.56,4256.41,4222.05,4288.21,4642.05,4388.72,1
4312.31,4032.31,4269.23,4135.9,4383.08,4651.79,4097.95,4658.97,4238.97,4266.67,4230.26,4290.77,4650.77,4390.77,1
4310.26,4031.28,4278.97,4140,4380.51,4654.87,4105.13,4654.87,4235.9,4263.08,4228.72,4292.82,4651.28,4387.18,1
4316.92,4025.13,4287.69,4139.49,4375.9,4651.79,4107.18,4661.54,4246.15,4264.62,4226.15,4297.95,4649.74,4391.79,1
4327.69,4027.18,4293.33,4138.46,4372.82,4649.23,4103.59,4662.56,4246.67,4269.23,4232.31,4307.18,4651.28,4402.05,1
4331.28,4027.18,4298.46,4140,4371.79,4649.74,4100.51,4653.33,4240.51,4267.69,4237.95,4314.36,4654.36,4402.56,1
4324.1,4022.05,4295.38,4137.95,4373.33,4654.36,4106.67,4653.85,4238.97,4261.54,4231.28,4309.74,4653.33,4393.85,1
4313.33,4021.03,4286.67,4135.9,4375.9,4657.44,4110.26,4656.92,4238.46,4254.87,4223.08,4298.97,4643.59,4384.1,1
4307.69,4023.08,4280.51,4137.95,4381.54,4656.92,4104.1,4649.74,4231.28,4250.26,4216.92,4289.23,4632.82,4375.38,1
4304.62,4024.1,4277.44,4137.44,4388.21,4656.92,4103.08,4647.69,4228.21,4253.85,4212.82,4282.56,4632.31,4371.28,1
4303.59,4029.74,4275.38,4138.97,4392.82,4661.03,4107.18,4655.9,4236.41,4262.56,4214.87,4282.05,4642.05,4378.46,1
4306.67,4037.95,4273.33,4144.1,4391.28,4660,4104.1,4657.44,4243.59,4271.28,4225.13,4288.72,4650.26,4388.72,1
4311.79,4040.51,4278.46,4150.77,4388.21,4655.38,4103.08,4661.03,4246.15,4275.38,4232.82,4297.44,4652.82,4393.85,1
4320,4046.67,4291.28,4153.33,4388.21,4660,4113.33,4672.82,4254.87,4279.49,4236.92,4305.64,4656.92,4397.44,1
4330.26,4051.79,4303.08,4154.36,4385.13,4665.64,4117.95,4678.97,4266.67,4286.15,4242.56,4313.33,4665.13,4403.08,1
4333.33,4046.15,4305.64,4155.9,4376.92,4656.41,4111.79,4677.44,4265.13,4286.67,4242.56,4316.41,4670.26,4406.15,1
4330.26,4039.49,4303.59,4153.85,4373.33,4652.31,4108.72,4674.36,4252.31,4280.51,4238.46,4310.26,4667.18,4400.51,1
4328.21,4040.51,4304.62,4147.18,4376.41,4662.05,4108.72,4668.21,4246.15,4276.41,4236.92,4307.69,4663.08,4395.38,1
4322.05,4036.92,4302.05,4141.54,4375.38,4663.08,4108.21,4666.67,4255.38,4275.38,4233.85,4311.28,4659.49,4390.26,1
4306.15,4024.1,4288.21,4138.97,4369.74,4654.87,4109.23,4670.77,4253.33,4269.74,4225.64,4302.05,4648.21,4376.41,1
4293.85,4020,4274.36,4135.38,4369.74,4650.26,4105.13,4663.59,4237.44,4263.08,4217.95,4285.64,4636.41,4364.1,1
4290.77,4028.72,4272.31,4135.38,4376.41,4650.26,4098.97,4654.87,4235.9,4263.59,4217.95,4285.64,4634.87,4365.64,1
4290.26,4034.87,4274.87,4140,4381.54,4650.77,4100.51,4656.92,4238.46,4264.62,4216.92,4290.26,4637.95,4366.67,1
4287.69,4032.82,4272.31,4141.03,4378.97,4648.72,4104.1,4660,4235.38,4260,4212.82,4284.62,4635.38,4362.05,1
4289.74,4032.31,4274.87,4142.05,4377.95,4649.74,4106.15,4664.1,4245.13,4263.08,4216.41,4287.69,4634.87,4367.18,1
4302.56,4041.03,4287.18,4151.28,4383.08,4654.87,4108.21,4669.23,4251.28,4273.33,4226.15,4299.49,4646.67,4376.92,1
4313.33,4046.15,4291.28,4155.9,4385.13,4654.36,4107.18,4664.62,4235.9,4274.36,4227.69,4302.05,4655.9,4376.41,1
4305.64,4034.87,4285.64,4143.59,4381.03,4652.31,4110.77,4661.03,4237.44,4270.77,4226.15,4300.51,4650.26,4372.31,1
4295.38,4026.15,4282.56,4133.85,4380,4657.44,4116.41,4669.23,4256.92,4277.44,4232.31,4303.59,4648.72,4373.85,1
4304.1,4043.59,4282.05,4145.13,4386.15,4660,4112.31,4675.9,4257.44,4282.56,4233.33,4304.1,4654.87,4375.9,1
4315.38,4065.64,4280.51,4156.92,4385.64,4656.92,4107.18,4672.31,4246.67,4273.33,4223.08,4297.95,4645.13,4370.77,1
4309.23,4062.05,4280.51,4153.33,4377.95,4652.31,4108.72,4667.18,4245.64,4263.59,4216.92,4291.79,4629.74,4365.13,1
4307.69,4057.95,4283.08,4149.74,4380,4647.69,4105.13,4661.03,4242.56,4262.56,4221.54,4295.38,4637.95,4372.31,1
4316.92,4068.21,4285.13,4156.92,4386.15,4646.15,4099.49,4657.95,4233.33,4260.51,4226.15,4300.51,4646.67,4377.95,1
4308.21,4064.62,4282.56,4155.38,4381.54,4649.74,4098.97,4657.95,4225.64,4253.33,4216.41,4295.38,4633.33,4361.03,1
4291.28,4049.23,4278.46,4145.64,4375.38,4651.79,4102.56,4652.82,4221.54,4246.67,4204.1,4287.18,4617.95,4345.64,1
4293.33,4046.15,4278.97,4145.13,4377.95,4649.23,4102.05,4646.67,4221.03,4248.21,4205.13,4285.64,4614.36,4352.31,1
4301.54,4054.36,4285.13,4154.36,4380,4647.18,4100,4650.26,4225.13,4255.38,4214.87,4291.79,4622.05,4358.97,1
4300.51,4056.92,4289.23,4155.9,4379.49,4649.74,4101.03,4659.49,4235.9,4260.51,4220,4298.97,4630.77,4356.92,1
4300,4052.82,4286.15,4151.79,4380.51,4651.79,4103.59,4660,4241.03,4262.05,4217.95,4297.95,4623.08,4357.44,1
4300,4047.69,4280.51,4149.74,4380.51,4654.87,4103.08,4656.41,4233.85,4260,4216.92,4291.28,4612.31,4357.95,1
4292.82,4042.56,4277.95,4147.18,4383.08,4658.97,4101.03,4655.9,4228.72,4256.41,4217.95,4290.77,4623.08,4354.36,1
4286.15,4041.03,4277.95,4142.05,4384.1,4656.92,4102.56,4651.79,4226.15,4255.38,4217.95,4294.36,4637.95,4352.31,1
4283.08,4040.51,4277.95,4141.03,4380,4650.77,4101.54,4645.13,4221.54,4253.33,4213.33,4289.74,4629.23,4348.72,1
4282.56,4039.49,4278.97,4147.18,4383.08,4649.23,4096.92,4648.72,4229.23,4254.36,4211.28,4285.64,4622.05,4344.62,1
4281.03,4042.05,4278.97,4152.82,4389.74,4653.33,4099.49,4657.44,4238.97,4262.56,4215.9,4288.21,4626.67,4342.56,1
4279.49,4046.67,4279.49,4154.87,4389.23,4657.44,4106.15,4657.95,4230.26,4262.56,4214.87,4290.77,4623.08,4342.05,1
4282.56,4049.74,4288.72,4160,4387.18,4657.95,4107.69,4657.44,4226.67,4254.87,4213.33,4293.85,4619.49,4343.59,1
4286.15,4050.77,4294.87,4162.56,4388.72,4653.85,4105.64,4657.95,4234.36,4255.9,4216.41,4298.97,4623.59,4345.64,1
4285.13,4051.28,4287.69,4156.92,4389.23,4654.36,4107.69,4653.33,4227.18,4254.87,4215.9,4296.41,4621.54,4341.03,1
4277.95,4047.69,4278.46,4154.36,4385.13,4656.92,4109.23,4648.72,4210.26,4241.03,4203.08,4284.1,4610.77,4328.72,1
4269.23,4042.56,4277.44,4154.36,4378.46,4651.79,4105.13,4647.69,4210.77,4232.82,4194.36,4277.44,4603.08,4322.05,1
4269.74,4042.56,4278.97,4151.79,4374.36,4648.21,4106.67,4652.82,4223.08,4238.46,4201.03,4282.56,4602.05,4324.1,1
4272.31,4041.03,4281.03,4151.79,4376.41,4652.31,4112.82,4657.95,4227.18,4242.05,4204.62,4287.69,4605.13,4325.13,1
4265.13,4038.46,4283.08,4153.33,4377.95,4653.85,4109.74,4655.38,4222.05,4241.03,4198.46,4287.18,4604.62,4321.54,1
4258.97,4033.85,4281.54,4150.77,4381.54,4655.38,4106.67,4656.41,4228.72,4242.56,4193.85,4287.18,4597.95,4321.03,1
4262.56,4022.05,4280.51,4148.21,4385.64,4663.59,4117.44,4668.72,4245.13,4249.23,4199.49,4292.31,4595.38,4323.08,1
4264.1,4020,4282.56,4148.72,4383.59,4668.21,4124.1,4674.87,4247.18,4255.38,4207.69,4294.87,4600,4322.05,1
4266.15,4038.97,4282.05,4151.79,4382.05,4662.05,4114.36,4664.1,4233.33,4251.79,4202.56,4290.26,4601.54,4322.56,1
4275.9,4054.36,4281.54,4156.41,4383.59,4654.36,4106.15,4652.31,4222.05,4240,4194.36,4283.08,4597.44,4323.08,1
4280.51,4052.31,4284.62,4159.49,4383.08,4648.72,4107.69,4649.23,4222.56,4233.85,4193.85,4283.59,4593.85,4323.59,1
4274.36,4051.79,4284.62,4159.49,4383.08,4648.72,4108.21,4648.21,4222.56,4238.46,4195.38,4285.64,4592.82,4323.08,1
4265.64,4054.87,4281.54,4161.03,4386.67,4653.85,4107.69,4647.69,4214.87,4238.46,4194.36,4278.46,4591.79,4315.38,1
4262.05,4051.28,4278.97,4163.08,4389.23,4657.44,4110.26,4649.74,4213.85,4233.33,4194.36,4276.41,4590.77,4308.21,1
4264.62,4049.74,4281.03,4163.08,4388.21,4657.44,4107.18,4653.33,4224.1,4233.33,4195.38,4280.51,4589.74,4310.26,1
4264.62,4052.31,4279.49,4163.59,4387.18,4657.44,4102.05,4656.41,4227.69,4237.95,4195.38,4280,4589.23,4308.72,1
4260,4054.36,4270.26,4166.15,4387.18,4656.92,4103.08,4652.82,4221.03,4237.95,4192.82,4278.97,4590.77,4303.08,1
4259.49,4054.36,4268.72,4166.67,4389.23,4658.46,4104.1,4648.21,4222.05,4238.46,4193.85,4277.95,4595.38,4308.21,1
4263.59,4054.87,4278.46,4167.18,4390.77,4661.54,4102.05,4652.31,4229.74,4242.05,4196.92,4277.44,4599.49,4311.79,1
4266.67,4057.95,4283.59,4170.77,4390.26,4660.51,4101.03,4652.82,4222.56,4238.97,4195.9,4279.49,4595.9,4306.15,0
4266.67,4059.49,4282.05,4170.26,4392.82,4658.46,4101.54,4644.1,4211.79,4233.85,4193.33,4278.97,4589.23,4306.67,0
4266.15,4057.95,4280.51,4170.77,4395.38,4662.56,4102.56,4641.54,4213.85,4237.95,4194.87,4276.92,4590.77,4314.87,0
4267.69,4056.92,4285.13,4172.82,4395.38,4665.13,4106.15,4644.62,4221.03,4236.92,4196.92,4281.54,4596.92,4317.44,0
4270.26,4056.92,4292.82,4172.31,4394.87,4662.05,4110.26,4648.21,4224.1,4229.23,4195.38,4285.13,4596.41,4315.38,0
4269.23,4055.38,4290.77,4170.77,4395.9,4661.54,4109.23,4652.82,4226.67,4233.85,4195.38,4283.08,4593.33,4314.87,0
4265.64,4049.23,4281.03,4167.18,4395.38,4663.08,4108.72,4652.82,4222.56,4239.49,4195.38,4282.56,4594.87,4310.26,0
4260,4041.03,4277.44,4164.1,4391.28,4658.46,4109.74,4644.1,4213.33,4230.26,4192.82,4277.95,4593.85,4305.64,0
4264.62,4043.59,4281.03,4166.67,4390.26,4650.77,4103.08,4634.36,4212.31,4226.15,4192.82,4275.9,4593.85,4312.31,0
4271.28,4051.79,4281.03,4168.72,4390.26,4650.77,4094.87,4630.77,4208.72,4228.72,4195.38,4278.97,4597.44,4316.41,0
4263.59,4047.18,4271.28,4160,4383.08,4650.26,4091.79,4629.23,4196.92,4222.05,4193.33,4273.33,4594.36,4306.67,0
4252.31,4036.41,4260,4150.26,4375.38,4643.59,4089.23,4627.18,4198.46,4216.92,4187.18,4261.03,4584.62,4298.46,0
4251.28,4038.46,4260,4150.26,4377.44,4641.03,4085.64,4628.72,4211.79,4226.67,4188.21,4261.03,4588.72,4303.08,0
4255.38,4042.56,4263.59,4152.31,4385.13,4646.67,4090.77,4633.33,4214.87,4233.33,4194.87,4265.64,4599.49,4306.67,0
4258.97,4039.49,4261.54,4149.74,4389.74,4653.85,4097.95,4631.28,4208.21,4228.21,4195.9,4263.59,4596.92,4307.18,0
4260,4043.08,4262.05,4148.21,4390.26,4653.85,4095.9,4630.26,4213.33,4226.67,4193.33,4262.05,4591.79,4307.18,0
4258.97,4048.21,4264.1,4151.79,4387.69,4646.67,4090.77,4630.77,4215.9,4230.26,4191.79,4263.08,4591.79,4303.59,0
4258.97,4045.13,4261.54,4148.21,4381.03,4644.62,4094.87,4627.18,4208.21,4226.15,4192.31,4262.05,4589.74,4298.97,0
4258.97,4043.08,4262.56,4138.97,4380.51,4649.74,4101.54,4629.23,4208.21,4225.13,4194.36,4264.1,4586.67,4303.08,0
4259.49,4044.1,4261.03,4136.92,4385.13,4649.74,4097.44,4634.36,4213.33,4228.72,4194.87,4267.69,4590.26,4304.62,0
4257.44,4041.03,4252.31,4137.44,4383.59,4645.64,4091.79,4631.79,4211.79,4225.64,4192.31,4264.1,4591.79,4298.97,0
4249.74,4036.92,4247.18,4135.9,4377.95,4646.15,4091.79,4625.64,4203.08,4222.56,4189.23,4257.95,4589.23,4298.97,0
4249.74,4035.9,4247.69,4134.36,4378.97,4646.15,4089.74,4622.56,4199.49,4223.59,4191.28,4257.95,4589.74,4303.08,0
4257.95,4036.92,4249.74,4131.28,4381.03,4648.21,4086.15,4625.64,4205.64,4222.56,4193.33,4262.56,4593.33,4307.69,0
4260.51,4038.97,4257.95,4130.26,4378.97,4648.72,4086.67,4629.74,4209.23,4223.59,4194.36,4268.21,4596.41,4314.87,0
4261.54,4038.97,4264.62,4135.9,4378.46,4640.51,4087.69,4624.1,4202.05,4231.28,4197.95,4266.67,4598.97,4318.46,0
4264.1,4040.51,4263.08,4138.46,4380,4641.03,4088.72,4622.05,4202.05,4229.23,4199.49,4268.72,4598.97,4317.44,0
4262.05,4043.59,4264.1,4136.41,4383.08,4652.82,4095.38,4633.85,4214.87,4227.18,4200.51,4275.38,4597.95,4316.41,0
4262.56,4042.56,4266.15,4137.95,4382.05,4653.33,4095.38,4638.97,4214.36,4234.87,4203.08,4274.36,4600,4320.51,0
4267.18,4040.51,4264.1,4136.92,4376.41,4643.59,4088.21,4631.28,4204.1,4234.36,4201.03,4268.21,4605.13,4324.1,0
4264.62,4039.49,4265.64,4134.87,4373.33,4642.56,4087.18,4627.69,4206.15,4229.74,4195.9,4267.18,4596.92,4315.9,0
4257.95,4034.36,4265.64,4137.44,4375.38,4647.18,4088.72,4629.74,4211.79,4228.72,4191.79,4269.23,4581.54,4307.18,0
4256.92,4031.79,4258.46,4133.85,4375.38,4647.69,4088.21,4630.26,4208.72,4228.21,4192.82,4265.64,4591.28,4318.46,0
4256.41,4029.23,4256.92,4124.62,4370.77,4647.18,4090.77,4635.38,4211.79,4232.31,4202.05,4266.67,4616.41,4331.28,0
4254.36,4021.03,4262.05,4124.62,4370.77,4647.69,4093.33,4636.92,4213.33,4233.85,4207.69,4273.33,4618.46,4329.74,0
4260.51,4023.59,4265.64,4134.36,4375.38,4645.13,4091.28,4624.62,4202.56,4229.74,4203.08,4272.82,4610.26,4329.74,0
4268.21,4035.38,4265.64,4138.46,4376.92,4643.08,4088.21,4615.38,4202.05,4230.26,4205.64,4272.31,4614.87,4333.33,0
4265.13,4033.85,4264.1,4136.92,4375.38,4645.13,4084.1,4622.56,4207.69,4231.79,4211.28,4273.85,4617.44,4327.69,0
4262.56,4027.18,4265.13,4137.44,4378.46,4649.23,4085.64,4628.21,4205.13,4231.28,4208.72,4274.87,4611.28,4325.64,0
4265.64,4027.69,4266.67,4137.44,4377.44,4648.72,4091.79,4627.69,4209.23,4236.92,4208.21,4274.87,4610.77,4329.74,0
4263.59,4024.62,4264.62,4134.87,4372.82,4647.18,4094.36,4634.36,4220,4239.49,4211.28,4276.41,4612.82,4331.79,0
4264.62,4023.08,4265.13,4133.85,4373.85,4648.72,4094.87,4640,4215.38,4233.33,4209.74,4278.97,4613.85,4332.31,0
4271.79,4026.15,4273.85,4134.87,4374.36,4648.72,4098.97,4644.1,4220,4234.36,4209.23,4282.05,4616.41,4335.38,0
4278.46,4026.67,4279.49,4135.9,4373.85,4646.67,4098.46,4652.31,4235.38,4246.15,4216.41,4287.18,4620.51,4344.1,0
4278.97,4027.69,4277.95,4137.44,4375.9,4646.15,4095.9,4646.15,4224.62,4252.82,4223.59,4290.26,4624.62,4352.31,0
4278.46,4031.79,4279.49,4139.49,4377.44,4646.67,4095.9,4635.38,4210.26,4250.77,4225.13,4288.72,4628.21,4352.82,0
4279.49,4034.36,4279.49,4141.03,4377.95,4648.21,4092.31,4639.49,4218.97,4250.77,4225.13,4284.1,4632.31,4349.74,0
4279.49,4031.28,4272.31,4139.49,4378.97,4649.23,4091.79,4647.18,4224.1,4249.23,4223.59,4280,4630.77,4345.64,0
4276.41,4026.67,4265.13,4137.44,4376.41,4647.69,4098.97,4648.72,4220.51,4244.62,4222.56,4280,4625.64,4344.1,0
4275.38,4021.54,4265.13,4132.82,4371.79,4645.13,4096.41,4647.69,4218.97,4243.59,4218.46,4278.46,4621.03,4340,0
4272.31,4016.41,4264.62,4125.64,4369.74,4643.59,4087.69,4646.15,4216.92,4244.62,4214.87,4276.92,4618.97,4336.41,0
4268.21,4014.87,4262.05,4120.51,4371.28,4645.13,4090.26,4644.1,4217.44,4241.54,4217.95,4278.97,4619.49,4339.49,0
4268.21,4018.97,4260.51,4124.62,4373.33,4649.23,4096.92,4645.13,4220,4238.97,4216.92,4276.92,4616.92,4337.44,0
4270.77,4025.13,4261.54,4134.87,4374.87,4648.72,4092.82,4644.1,4218.97,4239.49,4211.79,4273.85,4613.85,4333.85,0
4272.82,4027.18,4267.18,4137.44,4375.9,4641.54,4086.15,4640.51,4221.03,4241.54,4215.9,4282.05,4616.41,4343.59,0
4276.41,4025.64,4275.9,4135.38,4372.82,4638.97,4087.69,4641.03,4224.1,4244.1,4223.08,4290.77,4619.49,4353.33,0
4281.03,4027.69,4278.46,4137.95,4373.33,4647.18,4092.82,4644.62,4221.03,4247.69,4221.54,4287.69,4620.51,4349.74,0
4283.59,4030.26,4279.49,4140,4379.49,4650.77,4093.85,4646.67,4216.41,4248.21,4222.56,4286.67,4624.62,4349.23,0
4283.59,4026.15,4275.9,4137.44,4376.41,4647.69,4096.41,4646.15,4215.38,4243.08,4224.62,4288.21,4626.67,4351.79,0
4281.03,4022.05,4270.77,4135.9,4371.28,4648.21,4099.49,4642.05,4213.33,4238.97,4224.62,4285.64,4626.15,4346.67,0
4278.46,4026.15,4270.77,4136.92,4373.85,4647.69,4097.44,4638.46,4210.77,4242.05,4227.18,4284.1,4628.21,4346.67,0
4280,4029.74,4270.26,4137.95,4373.33,4644.62,4092.82,4642.56,4215.9,4248.21,4225.64,4285.13,4627.69,4349.74,0
4281.03,4033.33,4269.74,4137.95,4370.77,4645.13,4091.28,4648.21,4225.64,4248.72,4223.08,4284.1,4626.67,4349.74,0
4282.05,4036.92,4275.38,4139.49,4374.36,4646.67,4091.79,4646.67,4224.62,4246.15,4222.56,4283.59,4629.23,4354.36,0
4285.13,4035.38,4281.03,4145.64,4376.92,4648.21,4093.33,4643.59,4217.44,4244.62,4222.05,4287.18,4629.23,4360.51,0
4288.72,4033.33,4282.05,4149.74,4376.41,4653.33,4095.9,4645.13,4217.44,4247.18,4221.03,4290.77,4629.23,4357.95,0
4294.87,4041.03,4287.18,4153.33,4380.51,4657.95,4098.46,4648.72,4221.54,4250.77,4224.1,4295.9,4638.46,4356.92,0
4297.44,4038.97,4291.28,4154.36,4378.97,4658.46,4103.08,4655.38,4227.69,4255.38,4228.21,4296.92,4643.59,4360.51,0
4287.69,4020,4285.13,4142.05,4371.79,4657.95,4105.13,4661.03,4228.21,4256.41,4228.72,4293.33,4631.79,4358.46,0
4284.1,4024.62,4282.56,4142.05,4373.85,4654.36,4097.95,4653.85,4218.97,4244.62,4223.08,4291.28,4620.51,4354.36,0
4299.49,4053.85,4289.23,4161.03,4380,4648.72,4091.79,4642.05,4209.74,4234.36,4215.9,4291.28,4620.51,4356.92,0
4312.31,4066.15,4292.31,4164.62,4377.95,4648.21,4092.82,4635.9,4204.62,4232.82,4213.33,4289.23,4620,4362.56,0
4316.41,4062.05,4290.77,4158.46,4374.36,4649.23,4089.74,4633.85,4200.51,4229.74,4210.77,4283.08,4609.74,4365.13,0
4324.1,4069.23,4291.79,4167.69,4375.38,4647.18,4087.69,4635.38,4198.97,4222.56,4208.21,4282.56,4599.49,4368.72,0
4334.36,4080.51,4295.9,4172.82,4376.41,4646.67,4088.21,4629.23,4193.85,4218.46,4207.18,4289.74,4602.05,4374.36,0
4335.38,4078.46,4299.49,4168.21,4374.87,4647.69,4085.13,4621.54,4187.69,4216.92,4207.18,4297.95,4606.67,4378.46,0
4333.33,4069.74,4301.03,4168.72,4376.41,4648.21,4090.26,4631.28,4198.97,4219.49,4210.26,4301.54,4607.18,4381.03,0
4328.21,4059.49,4290.26,4162.05,4373.85,4649.74,4102.05,4646.67,4217.44,4227.18,4213.33,4298.46,4605.13,4372.82,0
4315.38,4052.82,4278.46,4149.74,4366.67,4648.72,4103.59,4650.26,4222.05,4228.21,4207.18,4292.31,4598.97,4360,0
4309.74,4052.82,4285.13,4155.38,4369.23,4646.67,4100,4649.74,4221.54,4230.26,4206.15,4292.82,4598.97,4362.56,0
4319.49,4057.44,4296.41,4171.28,4379.49,4651.28,4101.54,4649.74,4218.46,4240.51,4216.92,4305.13,4611.28,4373.33,0
4321.03,4056.41,4296.92,4170.26,4380,4653.33,4103.08,4646.67,4210.26,4240,4223.08,4308.72,4615.9,4371.28,0
4311.79,4050.77,4293.85,4160.51,4374.87,4648.21,4100.51,4644.1,4211.28,4232.82,4219.49,4301.03,4612.82,4365.64,0
4312.82,4053.33,4294.87,4163.08,4378.46,4648.72,4093.85,4642.05,4215.38,4235.38,4217.44,4298.97,4614.87,4367.18,0
4319.49,4056.92,4295.9,4169.74,4381.54,4654.36,4089.23,4643.59,4211.79,4241.54,4221.03,4302.05,4615.9,4368.72,0
4315.9,4054.36,4291.28,4169.23,4375.9,4654.87,4092.31,4647.18,4207.18,4235.9,4219.49,4298.46,4612.31,4364.1,0
4305.13,4048.72,4282.05,4163.59,4373.33,4650.77,4095.9,4643.59,4204.62,4224.62,4211.28,4293.33,4608.21,4354.36,0
4297.95,4042.56,4277.44,4155.38,4372.31,4649.74,4097.44,4647.18,4209.74,4221.03,4209.74,4293.85,4603.59,4350.26,0
4302.05,4041.03,4285.64,4155.38,4367.18,4650.77,4098.46,4653.85,4218.46,4227.69,4213.85,4295.9,4605.64,4357.95,0
4311.79,4047.69,4293.33,4167.69,4367.69,4650.77,4096.41,4648.72,4214.36,4232.31,4212.31,4295.9,4612.31,4362.56,0
4309.23,4048.72,4290.26,4169.23,4368.72,4647.69,4093.33,4645.64,4207.18,4227.18,4206.67,4292.82,4607.69,4352.82,0
4303.08,4042.56,4287.69,4158.46,4364.62,4642.05,4091.79,4645.64,4206.67,4217.44,4205.13,4290.77,4594.36,4346.67,0
4308.21,4045.64,4294.36,4161.03,4369.74,4642.05,4089.23,4635.9,4206.15,4217.95,4204.62,4294.87,4596.92,4354.87,0
4309.74,4050.26,4296.41,4167.69,4377.44,4647.69,4085.64,4632.82,4206.67,4228.72,4206.67,4296.41,4608.21,4358.46,0
4299.49,4044.1,4284.1,4158.46,4371.28,4647.69,4085.13,4641.54,4209.74,4229.23,4206.67,4288.21,4606.67,4350.77,0
4297.95,4040.51,4280,4155.9,4366.67,4646.67,4092.31,4646.15,4215.38,4223.08,4208.72,4287.18,4599.49,4351.79,0
4307.18,4045.64,4291.28,4170.77,4369.74,4652.31,4099.49,4651.79,4218.46,4228.72,4210.77,4294.87,4602.56,4355.9,0
4304.1,4043.59,4290.77,4169.23,4365.13,4652.31,4095.38,4652.31,4212.31,4230.26,4208.72,4292.31,4606.15,4347.18,0
4293.33,4034.87,4281.03,4154.36,4363.08,4647.69,4091.28,4646.15,4211.79,4227.18,4205.64,4284.1,4602.56,4340,0
4290.26,4031.79,4272.82,4152.82,4364.62,4647.18,4095.38,4649.74,4221.03,4231.28,4202.05,4280.51,4596.92,4340.51,0
4291.79,4032.82,4268.21,4154.87,4362.56,4643.59,4095.38,4648.72,4207.69,4226.67,4196.41,4278.46,4593.33,4336.92,0
4291.79,4033.33,4271.28,4152.82,4366.15,4638.97,4093.85,4636.92,4190.77,4216.92,4195.38,4276.92,4593.33,4334.87,0
4288.72,4032.31,4274.87,4155.38,4372.31,4642.56,4097.44,4635.9,4201.03,4214.36,4195.9,4274.36,4590.26,4335.38,0
4286.67,4030.26,4267.18,4154.36,4368.21,4642.05,4097.95,4638.97,4203.08,4210.77,4192.31,4271.28,4588.21,4334.36,0
4290.77,4028.72,4260.51,4143.08,4359.49,4631.79,4091.79,4636.41,4194.87,4210.26,4193.85,4272.82,4588.72,4334.36,0
4293.85,4028.21,4261.03,4134.87,4358.46,4634.36,4090.77,4643.59,4205.13,4215.9,4196.92,4278.46,4590.26,4335.9,0
4293.33,4031.79,4262.05,4139.49,4364.1,4645.64,4099.49,4657.95,4217.44,4221.03,4201.03,4279.49,4595.9,4342.05,0
4302.56,4044.1,4274.87,4152.82,4370.26,4647.18,4102.56,4658.46,4218.46,4231.28,4215.9,4282.05,4607.18,4351.28,0
4310.77,4048.21,4282.05,4156.41,4370.26,4643.59,4097.44,4650.77,4214.87,4235.9,4221.54,4288.21,4611.28,4352.31,0
4301.54,4034.87,4269.23,4141.03,4362.56,4645.64,4098.46,4656.41,4213.33,4229.74,4213.33,4286.15,4605.13,4349.74,0
4296.41,4031.28,4267.18,4137.44,4363.59,4648.72,4099.49,4671.79,4214.36,4232.82,4213.33,4284.1,4606.15,4349.74,0
4305.13,4041.03,4278.97,4150.26,4371.79,4642.05,4094.87,4671.79,4210.26,4234.36,4217.44,4286.15,4608.21,4347.69,0
4307.18,4041.03,4279.49,4150.26,4372.82,4633.33,4092.31,4661.03,4199.49,4224.62,4211.79,4286.15,4604.1,4348.21,0
4304.62,4034.87,4276.41,4146.67,4368.21,4633.85,4091.79,4664.62,4205.64,4225.13,4210.77,4286.67,4604.62,4356.41,0
4310.77,4032.82,4280.51,4147.18,4366.67,4638.97,4091.79,4674.87,4218.97,4233.85,4219.49,4292.82,4608.72,4356.92,0
4313.85,4032.82,4281.54,4143.59,4368.21,4641.54,4093.33,4672.82,4210.77,4233.33,4221.54,4296.92,4609.74,4350.26,0
4309.23,4039.49,4280,4145.64,4370.77,4642.05,4092.31,4668.21,4205.64,4232.82,4220.51,4293.33,4611.79,4352.31,0
4308.72,4041.03,4281.54,4150.26,4369.23,4641.54,4091.28,4667.18,4211.79,4232.31,4217.44,4288.72,4611.79,4356.41,0
4310.26,4032.31,4276.92,4143.59,4360.51,4641.03,4092.31,4661.54,4204.1,4227.69,4210.77,4286.67,4606.15,4355.38,0
4308.21,4026.67,4273.33,4138.46,4357.95,4639.49,4091.79,4664.1,4199.49,4226.15,4210.26,4288.21,4608.21,4353.33,0
4304.1,4026.67,4277.95,4141.03,4364.62,4634.36,4091.79,4672.31,4207.18,4226.15,4214.36,4288.21,4612.82,4349.74,0
4304.1,4027.18,4280.51,4144.62,4364.62,4633.33,4093.33,4664.62,4200.51,4220,4207.69,4281.54,4604.1,4343.59,0
4302.56,4029.23,4276.41,4146.67,4362.56,4636.41,4091.28,4654.36,4191.79,4215.9,4198.46,4275.9,4595.9,4340,0
4297.95,4033.85,4273.85,4146.67,4364.1,4633.85,4090.26,4660.51,4206.15,4220.51,4204.62,4276.41,4599.49,4338.46,0
4297.95,4031.79,4275.9,4147.69,4365.64,4632.82,4093.33,4666.15,4211.79,4228.21,4210.77,4279.49,4604.1,4340.51,0
4303.08,4027.18,4278.46,4152.82,4364.62,4637.95,4096.41,4662.05,4201.54,4232.31,4208.72,4283.08,4606.15,4347.18,0
4309.23,4029.74,4278.97,4152.31,4364.62,4642.56,4097.95,4664.62,4206.67,4234.36,4212.31,4288.72,4610.26,4352.82,0
4313.33,4034.87,4281.03,4149.74,4366.15,4643.08,4102.56,4674.36,4215.38,4235.38,4218.46,4289.74,4614.36,4353.85,0
4314.36,4036.41,4281.54,4154.87,4364.1,4640,4104.1,4674.36,4211.28,4235.38,4217.44,4289.74,4615.9,4351.28,0
4310.77,4032.31,4278.97,4152.82,4363.08,4638.46,4102.56,4666.67,4206.67,4235.9,4213.33,4291.28,4613.85,4348.21,0
4304.62,4025.64,4276.41,4144.1,4366.15,4646.15,4103.08,4666.15,4207.18,4237.95,4210.77,4289.23,4608.21,4349.74,0
4301.03,4024.62,4275.38,4145.13,4366.15,4648.72,4103.59,4668.21,4206.67,4231.28,4206.15,4283.59,4602.56,4352.31,0
4302.56,4031.79,4275.38,4151.28,4364.62,4640,4099.49,4664.62,4207.69,4227.18,4208.72,4281.54,4601.54,4349.23,0
4309.23,4037.95,4277.95,4153.33,4370.26,4637.44,4096.92,4660.51,4209.74,4234.87,4216.41,4284.62,4607.69,4350.26,0
4312.82,4039.49,4280.51,4158.46,4377.44,4642.05,4099.49,4659.49,4206.15,4234.36,4215.9,4287.69,4612.82,4356.92,0
4312.82,4040.51,4280.51,4162.05,4374.36,4641.54,4103.08,4664.62,4207.69,4226.15,4212.82,4288.72,4610.26,4356.41,0
4312.31,4038.46,4282.05,4155.38,4370.26,4641.54,4102.56,4672.31,4215.38,4234.87,4215.9,4288.21,4609.74,4356.41,0
4313.85,4033.85,4283.08,4152.82,4370.77,4644.62,4100.51,4669.74,4212.31,4245.64,4220,4290.77,4616.92,4362.56,0
4314.36,4035.38,4281.54,4155.9,4369.74,4644.62,4097.95,4665.13,4209.74,4240.51,4221.03,4295.38,4623.08,4365.13,0
4311.28,4037.95,4278.46,4152.82,4366.15,4645.13,4098.97,4674.36,4220,4241.54,4223.59,4293.33,4622.56,4362.05,0
4312.31,4037.44,4277.95,4151.28,4366.67,4646.15,4103.08,4681.54,4226.15,4250.77,4227.69,4291.79,4622.05,4363.08,0
4317.44,4034.87,4281.03,4155.9,4369.23,4642.56,4104.62,4674.87,4223.59,4253.33,4231.28,4293.33,4629.23,4368.21,0
4314.36,4031.28,4281.54,4151.79,4365.64,4636.92,4099.49,4667.18,4219.49,4248.72,4230.26,4291.79,4629.74,4364.62,0
4304.1,4024.62,4276.92,4141.03,4360.51,4635.38,4091.28,4660.51,4204.62,4234.87,4216.92,4283.59,4613.85,4352.31,0
4304.1,4020,4273.33,4140,4359.49,4635.9,4092.31,4653.85,4194.36,4223.08,4204.1,4275.9,4602.56,4345.64,0
4313.85,4026.15,4276.92,4150.26,4364.1,4638.46,4100,4663.59,4210.77,4227.69,4212.31,4280,4609.74,4357.95,0
4321.54,4034.87,4288.72,4160,4372.82,4646.15,4102.56,4676.92,4221.54,4241.54,4222.56,4292.82,4617.95,4369.23,0
4323.59,4042.56,4296.41,4163.59,4374.36,4649.23,4096.92,4667.18,4206.67,4241.54,4216.92,4294.87,4616.92,4366.15,0
4320,4038.46,4289.23,4158.46,4366.15,4647.18,4092.31,4654.87,4204.62,4236.92,4215.38,4288.72,4615.38,4362.05,0
4311.79,4019.49,4281.03,4148.72,4364.1,4649.74,4096.41,4666.15,4223.08,4244.1,4222.05,4290.26,4611.28,4360.51,0
4306.67,4020.51,4281.03,4148.21,4374.36,4655.38,4101.03,4680,4231.28,4249.74,4220.51,4292.82,4607.69,4359.49,0
4308.21,4051.28,4282.05,4160.51,4381.54,4653.33,4097.44,4674.87,4221.03,4245.13,4214.87,4286.15,4609.23,4354.87,0
4304.1,4074.36,4280,4168.72,4382.05,4647.18,4089.74,4663.08,4212.31,4240,4208.72,4276.92,4600.51,4340.51,0
4291.79,4073.85,4272.31,4170.77,4380.51,4647.69,4086.15,4656.92,4206.67,4232.31,4192.82,4267.18,4578.97,4318.46,0
4279.49,4072.82,4263.59,4168.72,4380,4649.23,4088.72,4657.95,4200.51,4219.49,4177.95,4257.44,4555.9,4302.05,0
4271.28,4072.31,4258.46,4166.15,4377.44,4646.67,4090.26,4657.44,4197.95,4211.28,4173.33,4254.87,4541.54,4292.82,0
4265.13,4068.21,4252.31,4166.15,4375.38,4647.18,4089.23,4650.26,4193.33,4211.28,4172.31,4259.49,4537.95,4289.74,0
4266.15,4069.23,4251.79,4167.69,4377.44,4651.79,4092.31,4648.72,4193.33,4213.85,4175.9,4260,4543.59,4297.95,0
4274.87,4072.82,4260.51,4167.69,4382.05,4652.82,4095.9,4654.36,4200,4217.44,4180.51,4261.54,4550.77,4307.18,0
4283.08,4074.36,4266.15,4166.15,4382.56,4648.72,4092.82,4655.38,4200,4222.56,4182.56,4266.67,4557.95,4311.79,0
4282.05,4072.82,4268.72,4167.69,4380,4646.67,4091.79,4654.87,4199.49,4227.69,4182.56,4268.72,4562.05,4312.82,0
4282.56,4071.79,4276.41,4169.23,4380,4648.72,4091.79,4656.41,4201.03,4227.18,4186.67,4267.69,4561.03,4313.85,0
4287.69,4072.31,4281.54,4169.74,4381.03,4647.18,4085.13,4653.85,4196.41,4221.03,4189.74,4269.23,4560,4313.33,0
4287.69,4074.87,4276.92,4171.79,4379.49,4645.13,4083.59,4652.31,4198.97,4220,4185.13,4270.26,4561.54,4309.74,0
4283.08,4071.79,4275.38,4170.77,4376.41,4644.62,4088.72,4657.95,4206.15,4223.08,4182.56,4266.67,4558.97,4306.15,0
4277.95,4063.08,4276.41,4166.67,4373.85,4638.97,4086.15,4658.97,4196.41,4217.44,4177.44,4260.51,4551.28,4298.46,0
4269.74,4059.49,4271.28,4165.64,4373.85,4635.38,4080.51,4653.85,4184.62,4205.13,4166.15,4252.82,4542.05,4291.28,0
4267.69,4061.03,4262.56,4168.21,4375.9,4643.08,4081.54,4648.21,4189.74,4202.56,4160.51,4248.21,4535.9,4292.31,0
4269.74,4060,4261.54,4163.59,4373.85,4648.72,4083.59,4650.26,4200,4209.74,4166.15,4249.23,4536.41,4296.41,0
4267.18,4054.87,4264.1,4157.95,4372.31,4646.67,4085.13,4655.38,4205.64,4212.31,4169.74,4254.36,4541.54,4295.9,0
4267.69,4053.33,4264.62,4162.56,4372.82,4643.59,4086.15,4652.31,4200.51,4211.79,4168.72,4259.49,4547.18,4298.46,0
4275.9,4057.44,4266.15,4168.21,4370.77,4640.51,4081.54,4645.64,4193.33,4218.97,4175.9,4264.1,4554.36,4307.18,0
4277.44,4060.51,4268.21,4167.18,4367.18,4641.54,4079.49,4645.13,4193.85,4221.03,4183.59,4267.69,4561.03,4310.77,0
4275.9,4057.95,4269.74,4166.15,4366.15,4641.03,4082.05,4646.15,4194.87,4212.82,4182.05,4269.23,4561.54,4304.62,0
4281.54,4055.9,4276.41,4169.23,4367.18,4633.33,4078.46,4638.97,4195.9,4213.33,4183.59,4268.21,4559.49,4304.62,0
4282.56,4057.95,4280,4169.74,4364.62,4630.26,4076.41,4633.85,4191.79,4216.92,4184.62,4263.59,4558.97,4308.21,0
4274.87,4055.38,4272.82,4167.69,4362.56,4634.87,4080,4631.79,4180.51,4206.15,4173.33,4261.54,4554.87,4306.15,0
4273.85,4056.41,4270.26,4170.26,4367.18,4635.9,4078.97,4631.28,4186.67,4202.56,4171.79,4266.15,4554.87,4309.74,0
4285.13,4066.15,4276.92,4170.26,4372.82,4635.38,4078.97,4630.77,4192.31,4212.31,4187.18,4272.82,4562.05,4323.08,0
4295.9,4071.79,4281.03,4171.28,4371.28,4636.41,4082.05,4632.31,4183.59,4213.85,4193.33,4277.95,4567.18,4329.23,0
4296.41,4070.26,4280,4177.95,4366.15,4632.31,4077.95,4638.46,4184.1,4210.77,4188.72,4278.97,4567.18,4323.59,0
4291.28,4066.15,4281.54,4176.92,4367.69,4629.74,4072.31,4638.97,4190.26,4215.38,4190.26,4274.87,4568.72,4321.03,0
4292.31,4062.56,4280.51,4168.72,4372.82,4638.46,4078.97,4637.44,4190.77,4222.56,4194.36,4271.28,4573.33,4324.62,0
4295.38,4064.1,4278.46,4169.74,4374.87,4647.18,4086.15,4646.67,4203.59,4227.69,4195.9,4276.41,4579.49,4327.69,0
4289.74,4066.67,4280,4173.85,4372.82,4645.13,4082.05,4653.85,4211.28,4227.18,4194.87,4282.05,4580,4326.67,0
4282.56,4061.03,4277.95,4169.74,4366.67,4642.05,4075.9,4645.13,4197.95,4222.56,4193.33,4278.46,4572.82,4320,0
4281.54,4054.87,4277.44,4167.69,4362.56,4641.03,4075.9,4637.44,4192.31,4217.44,4186.67,4270.26,4564.62,4312.31,0
4281.03,4056.41,4276.41,4170.77,4364.1,4635.38,4075.38,4634.87,4189.74,4208.21,4178.46,4266.15,4558.46,4309.74,0
4276.41,4053.33,4267.18,4170.77,4364.62,4629.74,4071.28,4625.64,4176.41,4201.54,4175.38,4260.51,4556.41,4303.08,0
4269.74,4046.67,4260,4169.23,4363.59,4630.26,4069.74,4622.56,4180.51,4202.56,4176.41,4255.9,4554.87,4295.38,0
4269.74,4049.23,4262.05,4169.23,4368.72,4632.31,4074.87,4631.28,4196.92,4209.23,4178.97,4262.56,4556.92,4300,0
4274.87,4053.85,4264.1,4171.28,4373.33,4633.85,4077.95,4634.36,4192.31,4214.36,4180.51,4266.15,4561.54,4306.15,0
4274.87,4049.74,4262.56,4165.64,4369.23,4635.9,4074.87,4627.18,4180.51,4210.26,4178.97,4256.41,4560.51,4297.44,0
4268.72,4044.62,4256.41,4155.38,4362.05,4638.46,4075.38,4629.23,4189.23,4205.64,4175.38,4252.82,4552.31,4291.79,0
4268.72,4044.62,4251.79,4151.28,4359.49,4636.92,4077.44,4637.95,4199.49,4214.36,4176.41,4263.59,4551.79,4305.13,0
4276.41,4046.15,4258.46,4153.85,4366.67,4633.85,4074.36,4638.46,4198.46,4220.51,4181.54,4271.79,4562.05,4315.38,0
4282.05,4047.69,4265.13,4153.33,4372.82,4637.95,4075.9,4633.33,4192.31,4214.87,4184.1,4270.77,4565.13,4312.31,0
4285.13,4047.18,4263.08,4150.26,4368.72,4643.59,4082.05,4633.33,4189.23,4213.85,4184.1,4268.72,4561.03,4313.85,0
4288.72,4045.64,4263.59,4152.31,4363.59,4641.03,4084.62,4637.95,4193.33,4218.46,4186.67,4269.74,4564.62,4318.97,0
4287.69,4046.15,4260,4149.23,4366.15,4638.46,4082.05,4638.46,4194.36,4214.87,4189.23,4267.69,4567.18,4315.9,0
4286.15,4046.67,4252.82,4143.08,4369.23,4645.13,4083.59,4636.92,4192.31,4208.21,4186.15,4263.08,4562.05,4311.28,0
4292.31,4049.23,4258.97,4147.69,4372.82,4648.72,4088.21,4641.54,4202.05,4217.95,4190.26,4264.1,4565.13,4320,0
4302.56,4056.92,4269.74,4155.9,4378.97,4642.05,4086.15,4642.05,4209.23,4235.38,4204.62,4270.26,4579.49,4327.69,0
4301.03,4059.49,4267.18,4154.87,4373.85,4636.92,4081.03,4636.41,4206.15,4237.95,4208.21,4274.36,4584.1,4323.08,0
4292.82,4048.72,4261.54,4148.72,4364.62,4637.95,4085.64,4641.54,4206.67,4231.28,4202.05,4273.33,4579.49,4324.62,0
4291.28,4044.1,4263.59,4142.56,4365.64,4637.44,4088.72,4643.08,4197.95,4226.67,4200,4270.26,4581.03,4330.77,0
4285.64,4043.08,4260,4137.44,4364.62,4634.87,4081.54,4626.15,4179.49,4216.41,4186.15,4264.62,4565.64,4313.33,0
4269.23,4029.23,4248.72,4136.41,4360.51,4635.38,4081.03,4620,4180.51,4205.13,4169.74,4255.38,4538.46,4292.82,0
4266.15,4019.49,4247.18,4134.87,4361.54,4636.92,4084.62,4628.72,4193.85,4211.28,4179.49,4251.28,4550.77,4312.31,0
4285.64,4025.64,4255.9,4133.85,4362.05,4634.87,4076.92,4629.74,4196.41,4225.64,4201.03,4261.03,4591.79,4345.64,0
4297.95,4023.08,4260,4135.38,4357.95,4634.36,4072.82,4631.28,4197.95,4231.79,4210.26,4273.33,4614.36,4354.36,0
4301.54,4008.21,4266.67,4134.87,4359.49,4640,4083.59,4641.54,4206.67,4237.44,4220,4283.59,4624.62,4364.62,0
4314.87,4006.67,4279.49,4134.87,4364.62,4646.15,4093.33,4650.77,4220,4250.26,4237.44,4296.92,4642.56,4383.08,0
4320,4008.21,4282.56,4135.38,4361.03,4646.67,4092.31,4650.26,4220,4255.9,4237.95,4300,4647.18,4380.51,0
4311.28,4001.54,4272.82,4133.85,4358.97,4641.03,4088.21,4644.1,4206.15,4244.1,4224.62,4289.23,4636.92,4369.23,0
4309.23,4001.03,4269.23,4134.36,4365.13,4637.95,4085.13,4637.95,4202.56,4237.95,4225.13,4287.18,4634.36,4372.82,0
4311.28,4002.05,4271.28,4135.9,4365.13,4641.03,4087.18,4635.38,4202.05,4242.56,4230.26,4292.31,4635.38,4374.36,0
4306.67,4000.51,4269.23,4135.9,4359.49,4641.03,4088.21,4631.28,4193.33,4240.51,4224.1,4288.72,4631.28,4368.72,0
4305.64,4000,4271.28,4134.36,4357.44,4631.79,4084.62,4627.69,4189.23,4229.74,4217.95,4285.64,4624.1,4368.21,0
4307.69,4001.03,4277.44,4133.33,4359.49,4630.77,4087.18,4636.92,4201.03,4228.72,4222.56,4290.77,4625.64,4370.26,0
4303.59,4003.59,4276.41,4135.38,4358.46,4635.38,4089.74,4643.59,4206.67,4235.9,4223.59,4292.31,4632.31,4365.13,0
4303.08,4004.62,4273.33,4136.41,4354.87,4630.77,4084.62,4632.82,4196.41,4232.82,4220.51,4289.23,4630.77,4363.59,0
4309.74,3998.46,4277.44,4129.74,4351.28,4629.23,4085.64,4629.23,4196.41,4230.26,4221.54,4293.85,4631.28,4373.33,0
4313.33,3993.85,4282.05,4128.72,4350.26,4632.31,4090.77,4641.03,4205.64,4235.38,4226.67,4300.51,4636.41,4378.46,0
4310.26,3998.46,4277.95,4134.87,4355.38,4630.26,4085.64,4643.08,4200,4234.36,4228.21,4296.92,4634.87,4370.26,0
4304.1,4002.56,4267.18,4136.41,4358.97,4629.23,4078.46,4634.36,4189.74,4230.26,4222.05,4290.26,4630.26,4363.08,0
4303.08,4003.08,4266.67,4133.85,4358.97,4632.31,4082.56,4635.38,4196.92,4235.38,4221.54,4290.77,4633.33,4368.21,0
4307.69,4004.1,4276.92,4135.38,4360,4632.82,4087.69,4640,4203.59,4241.03,4225.64,4292.31,4638.46,4371.28,0
4304.1,4003.59,4273.85,4139.49,4360,4631.79,4085.64,4637.44,4201.03,4236.41,4224.1,4291.28,4636.41,4359.49,0
4292.31,4000,4261.03,4134.36,4355.38,4632.31,4084.1,4637.44,4201.54,4231.28,4217.95,4290.77,4627.69,4351.28,0
4292.82,3997.44,4262.56,4124.62,4355.9,4633.33,4090.26,4645.13,4208.72,4231.79,4219.49,4290.77,4625.64,4364.62,0
4301.03,4001.54,4267.69,4126.67,4358.46,4633.85,4092.82,4653.33,4220.51,4242.05,4224.62,4289.74,4632.31,4371.79,0
4300,4003.08,4265.64,4132.31,4356.41,4630.77,4087.18,4649.23,4217.95,4247.69,4223.59,4287.18,4632.82,4360.51,0
4297.95,4000.51,4266.15,4130.26,4356.41,4628.72,4088.21,4640,4206.67,4241.54,4219.49,4287.69,4628.21,4362.05,0
4301.03,3998.97,4266.15,4124.1,4354.87,4630.77,4094.36,4642.56,4208.21,4238.97,4218.46,4288.72,4629.23,4369.74,0
4295.38,3992.82,4260,4118.97,4346.15,4628.72,4092.31,4647.69,4210.77,4240,4216.41,4284.1,4626.15,4361.03,0
4292.82,3990.77,4257.44,4116.41,4346.67,4627.18,4088.21,4640.51,4200,4233.33,4215.9,4280.51,4622.56,4360,0
4303.08,3999.49,4263.59,4123.08,4355.38,4629.23,4084.62,4631.28,4193.33,4229.74,4222.05,4288.21,4626.67,4371.28,0
4307.18,4001.54,4267.18,4127.69,4353.85,4629.74,4077.95,4632.82,4198.97,4233.85,4224.1,4295.9,4628.72,4370.26,0
4301.03,3995.38,4264.1,4123.08,4346.67,4626.15,4075.9,4637.95,4197.95,4233.33,4218.97,4292.82,4625.64,4364.62,0
4302.05,3997.44,4265.13,4122.05,4347.69,4625.13,4077.44,4637.44,4192.31,4229.23,4219.49,4289.74,4624.62,4370.26,0
4307.18,4002.56,4269.74,4129.23,4352.31,4629.23,4077.95,4634.36,4192.82,4227.69,4218.97,4290.26,4624.1,4373.85,0
4306.67,4003.08,4266.15,4132.31,4349.74,4628.72,4078.97,4632.82,4201.03,4229.74,4214.36,4288.21,4625.13,4371.79,0
4306.67,4003.59,4264.1,4128.72,4349.23,4627.69,4082.05,4634.36,4204.62,4232.82,4215.38,4286.15,4628.72,4373.85,0
4312.82,4005.64,4275.38,4133.85,4354.87,4631.28,4083.59,4637.44,4198.46,4235.38,4222.05,4291.28,4633.33,4374.87,0
4314.36,4006.15,4280.51,4140.51,4354.87,4632.31,4082.05,4638.97,4197.95,4237.44,4225.13,4295.38,4633.33,4372.31,0
4305.13,4000,4268.21,4131.28,4345.13,4628.21,4082.05,4639.49,4200,4233.85,4221.54,4292.31,4626.15,4371.28,0
4294.87,3991.28,4261.54,4117.95,4342.56,4627.69,4084.1,4635.38,4194.36,4227.69,4215.38,4291.79,4621.03,4367.18,0
4295.9,3991.79,4266.67,4123.59,4353.33,4631.79,4083.59,4632.31,4195.9,4230.77,4210.77,4288.72,4623.08,4361.54,0
4298.97,4001.03,4266.67,4136.92,4355.9,4630.77,4082.05,4633.85,4202.56,4233.85,4209.74,4278.97,4620.51,4361.54,0
4295.9,4002.56,4258.97,4135.38,4347.18,4628.21,4082.05,4634.36,4194.87,4222.56,4208.21,4275.38,4615.38,4361.03,0
4294.87,3996.41,4258.97,4127.18,4345.13,4628.21,4082.05,4632.31,4191.79,4218.46,4208.72,4280.51,4617.95,4363.08,0
4294.87,3994.87,4264.62,4126.15,4351.79,4630.26,4080.51,4636.41,4204.62,4231.28,4216.41,4284.62,4624.62,4364.62,0
4289.23,3995.9,4258.46,4126.15,4351.28,4632.82,4075.9,4639.49,4202.05,4237.44,4218.46,4283.08,4623.59,4354.87,0
4284.1,3992.82,4251.28,4125.64,4346.15,4630.77,4071.28,4632.82,4189.23,4230.26,4210.26,4280.51,4617.95,4349.23,0
4289.74,3990.26,4260,4130.77,4348.72,4629.74,4076.92,4632.82,4198.46,4230.77,4210.77,4286.67,4623.59,4365.64,0
4299.49,3994.87,4268.72,4135.9,4351.28,4632.31,4081.54,4638.46,4210.77,4242.56,4225.13,4295.9,4635.9,4376.41,0
4302.05,3995.9,4262.56,4131.28,4347.69,4633.33,4078.46,4637.95,4208.21,4247.18,4229.74,4296.92,4633.85,4369.74,0
4303.59,3994.36,4265.64,4128.72,4347.69,4631.28,4078.46,4635.9,4204.1,4242.56,4223.08,4295.9,4624.62,4370.26,0
4309.23,3994.36,4278.97,4135.38,4347.18,4631.28,4082.56,4637.44,4200,4235.9,4218.46,4298.97,4625.64,4372.82,0
4307.18,3990.26,4272.82,4135.38,4342.05,4629.74,4082.56,4636.92,4192.82,4230.26,4215.9,4296.92,4625.64,4369.74,0
4302.05,3990.77,4261.54,4130.26,4342.56,4625.64,4081.03,4635.38,4200.51,4231.79,4216.92,4293.33,4623.59,4370.77,0
4306.15,4000,4269.23,4134.87,4350.77,4627.69,4081.54,4641.03,4216.92,4244.62,4222.56,4296.41,4630.26,4374.87,0
4313.33,4007.18,4280.51,4143.59,4354.87,4631.28,4080.51,4643.59,4214.36,4253.33,4227.18,4298.97,4637.44,4373.33,0
4312.31,4005.64,4279.49,4140,4354.87,4634.36,4080.51,4637.95,4201.54,4247.69,4221.03,4294.87,4631.79,4370.77,0
4309.74,4002.56,4278.97,4136.92,4355.38,4638.97,4081.03,4634.87,4201.54,4242.05,4214.87,4295.38,4624.62,4371.79,0
4306.67,3998.46,4282.05,4139.49,4352.82,4638.97,4081.03,4639.49,4210.26,4240,4215.38,4301.03,4621.54,4366.15,0
4297.95,3992.31,4274.36,4136.41,4348.21,4632.82,4083.08,4637.95,4207.18,4234.87,4210.77,4295.9,4614.87,4355.9,0
4296.92,3992.82,4265.64,4135.38,4348.72,4629.23,4081.54,4631.28,4200,4233.85,4205.64,4284.62,4614.36,4358.46,0
4303.08,3998.97,4269.74,4139.49,4355.38,4635.38,4075.9,4636.92,4212.31,4242.05,4216.92,4287.18,4627.69,4369.23,0
4298.46,3998.97,4271.79,4139.49,4355.38,4638.46,4076.41,4645.64,4220,4247.18,4225.13,4293.33,4632.82,4366.67,0
4295.38,3996.92,4264.62,4137.95,4351.79,4634.36,4079.49,4643.59,4211.79,4247.69,4220.51,4287.69,4630.26,4362.56,0
4304.1,4002.05,4265.64,4140,4357.44,4637.44,4083.08,4641.54,4211.79,4249.23,4222.56,4287.18,4633.85,4368.72,0
4303.59,4002.05,4269.23,4140,4362.05,4644.1,4087.18,4643.59,4210.77,4242.05,4222.56,4289.23,4630.26,4366.15,0
4296.41,3998.97,4264.62,4141.03,4357.44,4637.44,4081.03,4633.85,4196.41,4230.26,4212.31,4282.05,4620.51,4356.92,0
4303.08,4003.08,4268.72,4147.69,4354.87,4628.72,4070.77,4621.54,4191.28,4233.33,4212.31,4281.03,4623.08,4368.21,0
4314.87,4008.21,4279.49,4152.82,4360.51,4629.23,4070.77,4623.59,4205.13,4240.51,4221.54,4295.38,4634.87,4386.15,0
4317.95,4006.67,4280,4153.85,4360.51,4633.33,4074.36,4634.36,4213.85,4240,4225.64,4302.56,4637.95,4381.54,0
4316.41,4007.69,4278.46,4153.33,4357.44,4636.92,4077.95,4641.54,4212.82,4241.54,4225.13,4297.95,4634.87,4371.79,0
4315.38,4006.67,4281.54,4155.38,4356.92,4636.92,4081.54,4638.46,4208.21,4244.1,4220.51,4295.9,4634.87,4377.44,0
4314.87,4002.56,4280.51,4153.33,4354.87,4631.79,4080.51,4636.41,4207.69,4241.54,4218.46,4296.92,4633.85,4381.54,0
4313.85,4005.13,4278.97,4143.59,4350.77,4630.77,4081.54,4638.97,4208.72,4239.49,4224.1,4296.92,4629.74,4373.33,0
4312.82,4004.62,4280.51,4140.51,4350.26,4634.36,4087.69,4638.97,4201.03,4236.41,4220.51,4294.87,4626.67,4369.23,0
4313.85,4002.05,4277.44,4150.26,4352.82,4633.33,4088.21,4633.33,4195.9,4231.79,4213.85,4290.26,4627.69,4370.77,0
4315.38,4006.67,4273.85,4155.38,4352.31,4631.79,4082.05,4624.1,4196.41,4233.85,4217.44,4287.18,4624.62,4367.69,0
4312.31,4003.08,4274.36,4148.72,4350.77,4631.79,4081.54,4621.03,4196.41,4232.31,4216.92,4287.18,4618.46,4363.59,0
4305.13,3992.82,4271.79,4141.54,4349.23,4631.28,4083.59,4625.64,4195.38,4221.03,4207.69,4285.13,4618.97,4360.51,0
4299.49,3989.74,4265.64,4135.9,4345.64,4626.67,4081.03,4630.77,4195.38,4218.46,4205.13,4282.56,4616.92,4356.41,0
4298.46,3992.82,4262.56,4133.85,4344.62,4622.56,4082.05,4631.28,4202.05,4224.62,4208.21,4281.54,4611.28,4353.33,0
4298.97,3991.28,4263.59,4138.97,4347.18,4624.1,4085.64,4634.36,4207.18,4226.15,4209.74,4282.05,4613.85,4355.38,0
4295.9,3988.21,4264.1,4134.36,4347.18,4629.74,4085.13,4636.92,4201.03,4223.08,4213.33,4281.03,4621.03,4357.95,0
4291.28,3985.64,4259.49,4122.05,4344.1,4631.28,4079.49,4633.85,4197.95,4229.23,4213.85,4278.97,4621.03,4353.85,0
4290.77,3983.59,4255.38,4117.44,4341.54,4628.72,4077.95,4629.74,4203.59,4235.38,4216.92,4282.05,4619.49,4352.31,0
4295.38,3985.64,4258.97,4121.54,4343.59,4630.26,4084.62,4628.21,4202.05,4233.33,4226.15,4287.18,4626.15,4360.51,0
4305.13,3991.28,4265.13,4123.08,4348.21,4631.79,4086.67,4627.69,4193.33,4233.33,4229.23,4294.36,4632.82,4372.31,0
4310.26,3994.36,4266.15,4122.05,4348.72,4630.26,4081.54,4626.15,4193.33,4235.38,4223.59,4298.46,4630.77,4372.82,0
4307.69,3989.74,4264.1,4120.51,4345.64,4628.72,4080.51,4628.21,4198.46,4231.28,4220.51,4292.82,4623.59,4362.05,0
4306.67,3986.15,4266.67,4119.49,4347.18,4632.31,4085.64,4636.92,4205.64,4229.23,4221.03,4289.23,4619.49,4360.51,0
4309.74,3990.77,4268.72,4121.54,4351.79,4636.92,4089.23,4640.51,4210.26,4234.87,4218.97,4292.82,4621.03,4370.26,0
4312.82,3994.36,4266.67,4120.51,4350.77,4635.9,4088.72,4637.95,4210.26,4238.97,4216.92,4290.77,4622.56,4373.33,0
4314.87,3996.41,4267.69,4125.13,4350.77,4631.79,4085.13,4634.87,4203.59,4237.95,4214.36,4287.18,4620.51,4368.72,0
4315.38,3998.97,4273.33,4133.85,4352.82,4630.77,4083.59,4631.28,4194.36,4233.85,4213.85,4293.85,4617.95,4367.18,0
4312.82,4001.03,4276.92,4129.74,4353.33,4632.31,4085.64,4628.21,4197.95,4233.33,4219.49,4298.97,4620,4370.77,0
4314.36,4000.51,4278.46,4121.54,4350.77,4632.31,4088.21,4629.74,4205.64,4242.05,4225.64,4297.44,4624.1,4371.28,0
4309.74,3995.9,4278.46,4122.56,4348.72,4631.28,4088.21,4632.31,4206.15,4243.59,4227.18,4296.92,4625.64,4363.59,0
4303.59,3994.87,4275.38,4125.13,4348.72,4630.77,4087.69,4630.26,4198.97,4232.82,4219.49,4291.79,4620,4357.44,0
4305.13,3998.46,4272.31,4122.05,4347.18,4628.21,4089.74,4626.67,4197.44,4227.18,4213.33,4283.08,4613.85,4360,0
4304.1,3996.41,4268.72,4122.56,4347.18,4630.77,4094.36,4631.79,4208.21,4235.9,4216.41,4284.1,4615.38,4365.13,0
4299.49,3989.74,4263.59,4123.08,4349.23,4638.97,4096.92,4640.51,4210.77,4243.59,4220.51,4289.23,4618.46,4364.1,0
4298.97,3991.79,4263.08,4121.54,4349.23,4640,4092.31,4637.95,4203.08,4241.54,4216.92,4286.15,4620,4361.03,0
4303.08,3998.46,4265.13,4126.67,4349.23,4631.79,4084.62,4629.23,4198.46,4233.85,4210.77,4282.56,4617.95,4353.33,0
4304.1,3999.49,4266.15,4130.26,4349.23,4627.18,4083.08,4628.72,4200.51,4230.77,4208.72,4282.56,4612.31,4351.79,0
4304.62,4003.08,4274.36,4132.31,4352.82,4630.77,4087.69,4631.28,4201.54,4235.38,4210.77,4285.13,4614.36,4366.67,0
4308.21,4005.13,4282.05,4134.36,4352.82,4632.82,4089.23,4628.72,4200.51,4235.9,4213.33,4290.26,4622.56,4373.85,0
4305.64,3996.92,4272.82,4129.74,4348.21,4629.23,4088.21,4628.21,4197.44,4230.26,4210.77,4289.74,4617.95,4361.03,0
4296.41,3992.31,4260,4122.56,4348.21,4631.79,4092.31,4634.87,4199.49,4230.77,4206.67,4284.1,4608.72,4355.9,0
4297.95,3997.95,4266.67,4124.1,4355.9,4640.51,4097.95,4641.54,4210.77,4241.54,4211.28,4287.69,4614.87,4368.21,0
4310.77,4000.51,4280,4130.26,4357.95,4640.51,4094.87,4641.03,4212.31,4247.69,4222.05,4298.46,4625.64,4376.92,0
4311.79,3993.85,4277.95,4130.26,4349.74,4631.79,4087.69,4636.92,4203.59,4241.54,4225.64,4296.92,4625.13,4372.82,0
4301.54,3991.28,4267.18,4127.18,4344.62,4627.69,4083.08,4636.41,4204.1,4236.41,4217.95,4289.74,4617.44,4366.67,0
4296.92,3991.79,4264.1,4125.13,4345.64,4631.79,4083.59,4637.95,4208.21,4237.95,4211.79,4283.59,4613.33,4364.62,0
4297.95,3992.82,4266.67,4124.1,4347.18,4634.36,4082.05,4632.82,4201.03,4238.46,4212.82,4280,4617.95,4364.62,0
4298.97,3993.85,4265.64,4123.59,4346.67,4626.15,4075.38,4621.54,4190.77,4234.36,4211.28,4281.54,4621.03,4363.08,0
4295.9,3992.31,4260.51,4122.05,4343.08,4620,4073.33,4618.46,4191.79,4231.28,4205.64,4279.49,4615.9,4362.05,0
4294.87,3992.31,4260,4122.56,4343.08,4623.59,4081.54,4625.64,4193.85,4229.23,4201.54,4275.9,4606.15,4357.95,0
4298.46,3995.38,4263.59,4125.13,4346.15,4626.67,4086.67,4631.28,4196.92,4225.64,4203.08,4276.92,4605.64,4350.77,0
4295.38,3994.87,4264.62,4123.08,4345.64,4626.15,4087.69,4634.36,4205.64,4224.62,4206.15,4280.51,4610.77,4353.85,0
4288.21,3990.26,4261.54,4119.49,4343.08,4629.74,4087.69,4635.9,4208.21,4232.31,4206.67,4282.56,4610.26,4361.03,0
4289.23,3990.26,4257.95,4118.97,4343.08,4631.79,4084.62,4632.31,4203.59,4238.46,4208.72,4281.03,4610.26,4358.97,0
4292.82,3993.33,4258.46,4121.03,4343.59,4627.18,4081.54,4625.64,4194.36,4236.92,4209.74,4277.95,4611.79,4354.87,0
4291.28,3991.28,4258.97,4122.05,4341.54,4625.64,4080,4625.64,4191.79,4231.79,4206.67,4276.92,4609.74,4357.44,0
4293.33,3992.31,4261.03,4122.05,4344.1,4628.72,4080,4636.92,4209.74,4236.41,4211.28,4284.1,4616.41,4366.67,0
4303.59,4001.54,4265.13,4125.64,4349.74,4627.18,4078.46,4642.05,4222.56,4249.23,4224.62,4291.28,4631.79,4375.9,0
4309.23,4005.64,4265.13,4127.69,4351.28,4623.08,4076.92,4628.21,4207.18,4253.33,4224.62,4285.64,4630.26,4373.85,0
4303.08,4000,4262.05,4125.64,4348.72,4623.59,4076.92,4621.03,4193.33,4241.54,4212.31,4277.44,4618.46,4361.54,0
4298.46,3996.92,4263.08,4125.64,4346.67,4626.67,4078.46,4629.74,4199.49,4231.28,4205.64,4277.95,4617.44,4356.41,0
4304.1,3996.92,4265.64,4127.69,4346.15,4628.21,4083.59,4632.82,4206.67,4236.92,4206.67,4282.05,4617.95,4362.05,0
4303.59,3994.36,4264.62,4125.64,4346.67,4627.69,4081.54,4632.31,4209.74,4241.54,4210.26,4283.59,4615.9,4367.18,0
4297.44,3994.87,4263.59,4123.59,4348.21,4627.69,4075.38,4638.97,4213.85,4240.51,4213.85,4286.15,4618.46,4368.21,0
4295.38,3995.9,4263.08,4125.13,4345.64,4628.72,4076.41,4640.51,4208.21,4238.46,4210.26,4282.05,4615.9,4360,0
4295.9,3993.33,4262.05,4125.13,4344.1,4630.77,4080,4636.41,4201.54,4234.87,4205.13,4273.33,4609.23,4354.87,0
4300.51,3996.41,4264.62,4126.15,4348.21,4629.74,4078.46,4641.54,4208.21,4236.92,4208.21,4274.36,4615.38,4359.49,0
4302.56,4000,4265.64,4125.64,4348.21,4629.23,4077.44,4642.05,4215.9,4241.54,4210.77,4277.95,4617.95,4360,0
4298.46,3995.38,4262.56,4124.62,4344.62,4628.72,4075.38,4628.72,4206.15,4238.97,4207.18,4277.44,4610.26,4358.97,0
4298.97,3995.38,4264.1,4130.26,4348.72,4626.67,4070.26,4622.05,4192.31,4234.87,4206.67,4279.49,4611.79,4365.13,0
4306.67,4007.18,4271.28,4138.46,4355.9,4628.21,4073.33,4630.26,4201.03,4237.44,4211.79,4284.62,4622.05,4369.74,0
4310.77,4010.77,4275.38,4140.51,4356.92,4631.79,4081.54,4635.9,4212.82,4241.03,4214.87,4287.69,4625.64,4368.72,0
4303.08,4002.05,4269.74,4135.38,4354.36,4631.28,4087.69,4633.33,4202.05,4240,4213.85,4285.13,4621.03,4364.1,0
4289.74,3995.9,4257.95,4128.72,4348.72,4626.15,4085.13,4625.64,4188.21,4234.87,4209.74,4278.46,4616.92,4351.79,0
4281.03,3991.28,4254.36,4124.1,4341.54,4620,4071.79,4614.87,4193.33,4228.21,4205.13,4271.79,4610.26,4343.59,0
4282.05,3989.74,4260.51,4123.59,4342.56,4621.54,4067.18,4615.38,4202.05,4229.74,4204.62,4275.9,4604.62,4348.21,0
4289.23,3993.85,4265.13,4127.69,4349.74,4628.72,4077.95,4624.62,4202.05,4231.79,4207.69,4284.62,4607.69,4353.33,0
4295.9,3998.97,4264.62,4133.33,4353.33,4628.21,4081.54,4627.69,4204.62,4231.79,4212.82,4287.69,4618.46,4358.46,0
4297.44,3999.49,4264.1,4136.41,4352.82,4620,4071.28,4625.64,4208.72,4236.41,4213.85,4284.1,4620.51,4358.46,0
4295.38,3998.97,4266.15,4135.9,4350.26,4617.95,4070.26,4629.23,4207.18,4236.41,4207.18,4281.03,4609.74,4351.28,0
4295.9,3996.41,4267.18,4138.46,4349.23,4624.1,4081.54,4634.36,4200,4230.26,4202.05,4282.05,4605.64,4350.26,0
4296.41,3994.87,4266.67,4137.44,4351.79,4628.72,4085.64,4629.74,4192.82,4229.74,4204.62,4281.03,4607.69,4354.87,0
4296.92,3996.92,4269.74,4133.85,4354.87,4628.21,4083.59,4624.1,4195.9,4235.38,4209.74,4279.49,4610.77,4356.92,0
4299.49,4001.03,4276.41,4136.41,4355.38,4629.74,4087.18,4632.31,4206.15,4237.95,4209.74,4283.08,4617.44,4357.95,0
4302.05,4003.59,4278.97,4141.54,4354.87,4630.26,4088.72,4637.95,4206.67,4237.44,4206.67,4287.18,4616.92,4357.44,0
4303.08,4002.05,4278.46,4142.05,4356.92,4625.64,4082.05,4630.77,4202.05,4235.9,4208.72,4285.13,4612.31,4356.41,0
4300,3998.46,4280.51,4140.51,4357.95,4624.1,4078.97,4632.82,4210.77,4240.51,4214.87,4284.62,4613.33,4358.46,0
4294.36,3997.95,4277.44,4138.46,4356.41,4627.69,4081.54,4640,4213.33,4243.59,4211.79,4283.59,4612.82,4353.33,0
4289.23,3997.44,4268.21,4138.97,4356.92,4627.18,4078.97,4634.87,4206.15,4238.46,4203.08,4274.87,4606.15,4343.08,0
4286.15,3991.79,4262.56,4137.95,4357.44,4626.67,4079.49,4634.87,4211.79,4238.46,4203.59,4270.77,4602.56,4340.51,0
4281.54,3987.18,4258.97,4129.74,4355.38,4631.79,4085.13,4642.05,4216.41,4238.46,4204.62,4273.33,4605.13,4341.03,0
4280.51,3992.31,4258.46,4129.23,4354.87,4632.82,4081.03,4635.9,4210.77,4238.46,4206.15,4276.92,4610.26,4343.59,0
4286.67,3998.46,4263.08,4137.44,4357.95,4627.69,4073.85,4626.15,4207.18,4241.54,4211.28,4280.51,4616.41,4349.23,0
4294.36,4000.51,4266.15,4139.49,4357.95,4625.64,4072.82,4627.69,4206.67,4242.05,4212.82,4283.59,4619.49,4353.85,0
4300,4001.03,4270.77,4143.59,4358.46,4627.18,4069.23,4630.77,4206.67,4240,4214.87,4289.23,4624.62,4362.56,0
4304.62,4003.59,4278.97,4151.79,4358.97,4625.64,4067.18,4629.74,4211.79,4244.62,4223.08,4298.97,4630.77,4366.15,0
4304.1,4002.56,4276.92,4146.15,4350.77,4620.51,4072.31,4630.26,4208.72,4242.05,4225.13,4297.44,4626.15,4356.92,0
4294.87,3994.87,4265.13,4135.38,4343.59,4617.44,4073.33,4630.26,4201.54,4229.74,4211.79,4280,4614.36,4346.15,0
4286.67,3992.82,4260.51,4135.9,4346.15,4616.92,4069.23,4627.18,4202.56,4228.72,4203.08,4268.72,4605.64,4343.08,0
4285.64,3994.87,4261.03,4137.95,4347.18,4618.97,4068.21,4623.59,4203.08,4232.82,4204.62,4268.72,4606.15,4341.54,0
4293.33,3999.49,4266.67,4144.1,4347.69,4620.51,4070.77,4629.74,4212.82,4238.46,4210.77,4276.41,4615.38,4349.74,0
4307.18,4005.64,4280,4153.85,4351.79,4620,4073.33,4638.97,4224.62,4250.77,4219.49,4291.79,4629.23,4368.72,0
4313.85,4007.69,4285.64,4153.85,4350.77,4620,4076.41,4633.33,4212.82,4251.28,4227.18,4298.97,4634.87,4374.87,0
4305.13,4003.08,4281.03,4150.26,4349.23,4618.97,4076.92,4626.67,4200.51,4240.51,4224.62,4290.77,4627.69,4362.56,0
4299.49,4000,4280.51,4153.33,4355.38,4617.95,4078.46,4629.23,4200,4233.85,4212.82,4285.13,4616.92,4350.26,0
4302.56,4004.62,4282.56,4155.38,4358.46,4623.59,4083.08,4629.23,4198.46,4232.82,4208.72,4290.77,4612.82,4350.77,0
4303.08,4007.69,4280,4153.33,4354.87,4630.26,4086.15,4627.69,4201.03,4233.85,4216.41,4296.41,4615.9,4352.82,0
4300.51,4003.08,4279.49,4150.77,4356.41,4630.77,4086.15,4630.77,4210.26,4240,4220.51,4295.38,4618.97,4347.69,0
4302.05,4000.51,4280.51,4148.72,4357.95,4629.23,4083.08,4634.36,4213.33,4242.56,4215.38,4289.74,4617.95,4347.18,0
4301.03,4003.59,4278.97,4152.82,4355.38,4632.31,4081.03,4640,4218.97,4241.03,4209.23,4285.64,4612.82,4351.79,0
4295.38,4002.05,4277.95,4153.33,4354.87,4632.31,4084.62,4646.67,4230.26,4246.67,4213.85,4288.72,4612.82,4351.79,0
4294.87,3992.82,4274.36,4141.03,4354.87,4629.23,4087.18,4643.59,4221.54,4252.31,4224.62,4293.33,4623.08,4354.87,0
4305.13,3993.85,4273.33,4141.03,4352.31,4623.59,4084.1,4633.33,4203.08,4249.23,4230.26,4292.82,4635.9,4368.72,0
4310.77,4006.67,4275.38,4152.82,4354.87,4617.44,4080.51,4624.1,4192.31,4241.03,4225.64,4289.23,4638.97,4365.64,0
4303.08,4010.26,4270.77,4148.21,4359.49,4613.33,4077.44,4619.49,4186.67,4235.38,4217.44,4281.54,4626.67,4349.23,0
4294.36,4001.03,4262.56,4135.38,4355.9,4618.46,4077.95,4622.56,4185.64,4230.26,4210.77,4275.9,4615.38,4343.08,0
4295.38,3992.31,4259.49,4135.9,4348.21,4626.67,4082.56,4627.18,4195.9,4229.23,4209.74,4277.44,4615.9,4346.15,0
4294.36,3992.82,4260,4134.36,4349.23,4629.74,4087.69,4627.69,4209.74,4236.41,4213.85,4280,4617.95,4347.69,0
4291.28,3994.87,4260,4121.54,4355.38,4634.36,4093.85,4635.38,4216.41,4246.67,4216.41,4278.46,4616.41,4345.64,0
4295.9,3996.41,4260.51,4124.1,4359.49,4637.44,4096.41,4644.62,4222.56,4248.72,4217.95,4279.49,4615.9,4344.1,0
4305.13,4000,4265.64,4133.85,4356.41,4633.85,4093.85,4644.62,4225.64,4246.15,4218.46,4284.1,4617.95,4349.74,0
4306.67,3997.44,4273.33,4127.18,4350.77,4628.72,4091.79,4643.08,4220,4246.67,4222.05,4287.69,4621.54,4356.92,0
4303.59,3995.9,4274.87,4126.15,4348.72,4624.62,4087.18,4636.41,4203.59,4242.05,4223.08,4290.26,4621.03,4355.9,0
4302.56,3997.95,4270.26,4132.31,4350.77,4619.49,4076.41,4622.05,4186.15,4229.23,4213.33,4288.72,4615.38,4351.28,0
4301.03,3997.95,4266.67,4126.67,4352.31,4620,4073.33,4613.33,4184.1,4225.13,4206.67,4281.54,4611.79,4351.28,0
4302.56,3998.97,4267.18,4126.67,4353.85,4624.1,4077.95,4620,4193.33,4237.44,4217.95,4284.1,4622.05,4356.92,0
4308.72,4006.15,4272.31,4133.33,4355.38,4624.62,4079.49,4627.69,4202.05,4245.64,4228.72,4292.31,4633.85,4366.15,0
4311.28,4006.67,4277.95,4129.74,4355.9,4626.67,4081.54,4628.72,4206.67,4243.08,4226.67,4292.82,4634.87,4363.08,0
4308.72,4003.59,4277.44,4129.74,4357.44,4631.79,4087.69,4634.36,4211.28,4249.23,4227.18,4291.28,4632.82,4351.79,0
4304.1,4007.18,4270.26,4131.79,4357.44,4635.38,4090.77,4646.15,4222.56,4257.95,4232.31,4291.79,4630.77,4349.23,0
4300.51,4005.64,4263.59,4128.21,4356.92,4634.36,4087.18,4645.64,4228.21,4256.92,4227.18,4284.1,4626.15,4355.38,0
4300.51,4002.05,4263.59,4129.74,4358.46,4631.28,4083.59,4634.87,4217.44,4251.79,4218.97,4281.03,4623.59,4361.54,0
4301.54,4005.13,4267.18,4133.33,4358.97,4633.33,4084.62,4635.9,4212.31,4252.31,4220.51,4284.1,4629.23,4362.05,0
4301.54,4008.72,4265.13,4132.82,4357.95,4634.36,4084.62,4639.49,4220.51,4254.87,4224.1,4279.49,4630.77,4357.44,0
4303.08,4009.23,4261.54,4134.87,4355.38,4627.18,4077.95,4631.28,4218.97,4252.31,4221.03,4277.95,4623.08,4357.95,0
4309.74,4013.85,4270.77,4139.49,4355.38,4621.03,4074.36,4627.69,4207.69,4244.62,4219.49,4287.18,4623.59,4365.64,0
4313.33,4017.44,4281.54,4138.46,4355.38,4621.03,4076.92,4628.21,4196.92,4238.97,4220,4289.74,4625.13,4364.1,0
4303.08,4006.67,4273.33,4130.26,4348.72,4618.97,4072.82,4620.51,4193.85,4236.41,4219.49,4280,4616.41,4348.21,0
4290.26,3990.77,4258.97,4121.03,4342.56,4614.87,4069.23,4615.9,4200,4228.21,4212.82,4272.82,4607.18,4339.49,0
4292.31,3986.15,4261.54,4119.49,4347.18,4615.9,4073.33,4618.97,4202.05,4229.23,4206.15,4276.41,4607.69,4349.23,0
4296.41,3993.85,4265.64,4121.03,4349.74,4618.97,4073.33,4615.9,4194.36,4234.36,4209.23,4278.97,4610.26,4357.44,0
4294.87,3997.95,4264.1,4126.15,4346.15,4621.03,4070.26,4610.26,4192.31,4230.26,4213.85,4277.95,4610.77,4350.26,0
4296.92,3998.46,4265.64,4133.33,4346.15,4618.97,4069.74,4608.21,4191.28,4230.77,4211.79,4278.97,4609.23,4342.56,0
4292.82,3994.36,4263.59,4128.21,4343.59,4610.77,4069.23,4608.72,4183.08,4232.31,4205.13,4274.87,4602.05,4342.05,0
4282.56,3990.77,4260.51,4122.56,4335.9,4609.74,4072.31,4613.33,4186.15,4222.56,4204.62,4267.69,4599.49,4343.08,0
4287.69,3998.97,4263.08,4125.64,4337.44,4612.82,4073.85,4613.33,4192.31,4223.08,4209.23,4271.28,4604.62,4342.05,0
4293.33,4000,4257.95,4123.59,4338.46,4608.21,4064.1,4606.67,4183.08,4228.72,4207.18,4270.26,4600,4334.36,0
4284.1,3990.26,4250.26,4119.49,4336.41,4606.67,4059.49,4605.64,4176.92,4218.97,4201.54,4262.05,4593.85,4333.33,0
4284.62,3993.85,4260,4121.54,4341.03,4615.9,4068.21,4610.26,4183.59,4218.46,4204.62,4269.23,4602.05,4346.15,0
4296.92,4002.05,4266.67,4122.56,4342.56,4619.49,4070.77,4611.79,4188.72,4230.26,4210.26,4277.95,4612.31,4351.28,0
4291.79,3994.87,4256.92,4121.03,4337.44,4616.92,4066.15,4612.82,4185.64,4224.1,4205.13,4271.28,4607.69,4341.54,0
4277.44,3985.64,4250.26,4118.46,4336.92,4615.38,4065.64,4614.36,4182.05,4213.33,4198.46,4265.13,4598.97,4336.41,0
4274.36,3983.59,4251.79,4111.79,4336.41,4612.82,4064.1,4611.28,4176.41,4213.33,4194.36,4266.15,4592.31,4333.33,0
4276.92,3981.03,4254.87,4107.69,4330.26,4609.23,4063.59,4609.23,4175.9,4208.72,4190.77,4264.1,4588.21,4331.79,0
4282.05,3985.13,4262.56,4115.38,4332.31,4609.74,4066.15,4608.72,4183.08,4207.18,4195.9,4263.59,4593.33,4341.03,0
4287.69,3991.79,4266.67,4124.62,4342.05,4613.33,4065.13,4609.23,4192.82,4224.62,4204.62,4271.79,4606.15,4343.08,0
4286.67,3991.79,4263.59,4124.62,4335.9,4614.87,4065.64,4611.79,4191.79,4234.87,4208.21,4277.44,4609.74,4334.36,0
4283.08,3990.26,4263.08,4121.54,4326.15,4610.26,4070.26,4609.74,4178.97,4224.62,4202.56,4273.33,4600,4330.77,0
4283.08,3989.23,4264.1,4122.05,4332.82,4608.72,4073.33,4608.72,4176.41,4215.9,4195.38,4265.13,4591.79,4335.38,0
4284.1,3987.18,4262.56,4122.56,4340,4615.38,4076.41,4610.77,4181.54,4216.92,4192.82,4263.08,4589.23,4336.92,0
4284.1,3987.18,4264.1,4122.05,4337.95,4619.49,4077.95,4610.77,4181.54,4216.92,4191.28,4264.62,4587.18,4334.87,0
4283.59,3989.74,4262.56,4123.08,4339.49,4616.41,4072.31,4605.13,4176.41,4216.92,4191.79,4262.05,4589.23,4334.87,0
4278.97,3987.18,4254.36,4120,4336.41,4609.74,4064.62,4602.05,4175.38,4213.85,4188.21,4256.41,4588.72,4329.74,0
4275.9,3978.97,4252.82,4113.33,4324.62,4603.59,4063.08,4606.15,4182.56,4210.77,4182.56,4254.36,4581.54,4326.67,0
4280.51,3977.95,4261.54,4115.38,4325.13,4604.62,4066.67,4610.77,4185.64,4214.87,4185.13,4260,4582.05,4335.38,0
4286.67,3984.1,4268.21,4121.03,4335.38,4609.74,4067.69,4608.21,4181.03,4222.56,4195.9,4269.74,4594.36,4347.69,0
4286.67,3987.69,4265.13,4121.03,4338.46,4611.79,4065.13,4606.67,4185.64,4227.18,4202.56,4276.92,4602.05,4345.64,0
4287.69,3984.62,4265.13,4122.05,4340.51,4611.79,4067.69,4614.36,4197.44,4230.26,4205.64,4280,4604.1,4343.08,0
4286.67,3982.56,4274.36,4125.13,4342.05,4612.82,4074.87,4616.41,4189.74,4229.74,4206.15,4277.95,4603.59,4344.1,0
4281.03,3980,4275.38,4122.05,4341.03,4615.38,4078.97,4612.82,4180,4227.69,4197.44,4272.82,4598.97,4336.92,0
4280.51,3978.97,4267.69,4121.54,4340.51,4616.41,4077.44,4611.28,4187.18,4225.64,4190.77,4268.21,4593.33,4334.36,0
4280,3982.05,4261.54,4122.56,4340,4615.9,4073.33,4610.77,4187.69,4222.05,4192.82,4263.08,4589.74,4336.41,0
4278.97,3986.67,4261.54,4120.51,4343.59,4615.9,4071.79,4610.77,4183.08,4218.97,4195.9,4260,4592.31,4337.44,0
4282.56,3993.33,4260.51,4129.74,4347.18,4615.38,4069.74,4608.21,4181.03,4225.64,4196.92,4260,4599.49,4337.44,0
4281.03,3993.33,4252.31,4135.38,4343.59,4615.38,4069.23,4607.69,4183.08,4226.67,4193.85,4258.46,4596.92,4331.79,0
4275.9,3989.23,4246.15,4127.69,4340.51,4618.97,4073.33,4613.85,4190.26,4220.51,4192.31,4258.97,4594.36,4332.82,0
4285.64,3997.44,4253.85,4131.79,4344.62,4618.46,4073.85,4610.26,4187.18,4222.05,4196.92,4267.18,4603.08,4347.18,0
4295.38,4006.67,4267.18,4143.59,4350.77,4614.87,4069.23,4598.97,4178.97,4222.05,4198.46,4270.77,4606.67,4351.28,0
4288.72,3999.49,4265.64,4141.03,4353.33,4618.46,4069.23,4605.13,4192.31,4220,4192.82,4266.15,4602.05,4340,0
4282.05,3989.74,4260,4134.36,4350.77,4623.08,4073.85,4614.87,4196.92,4221.54,4189.23,4260,4597.44,4335.38,0
4283.08,3990.77,4258.97,4134.87,4343.59,4620.51,4074.87,4606.67,4174.87,4221.03,4190.77,4256.92,4590.26,4336.41,0
4283.08,3989.23,4261.54,4130.77,4342.56,4622.56,4073.33,4602.05,4176.92,4215.9,4190.77,4261.54,4588.72,4335.9,0
4279.49,3983.59,4264.1,4124.1,4348.21,4631.79,4077.44,4615.9,4199.49,4215.9,4190.77,4268.21,4593.33,4335.9,0
4278.46,3980,4262.56,4124.62,4348.21,4634.36,4084.62,4624.1,4198.97,4220,4191.79,4267.18,4590.77,4335.9,0
4281.54,3982.05,4264.62,4132.31,4345.64,4628.72,4086.67,4619.49,4194.36,4225.13,4193.33,4267.18,4591.79,4341.03,0
4285.64,3990.77,4271.28,4141.03,4348.21,4621.03,4080,4616.92,4201.03,4229.74,4200.51,4273.33,4606.15,4349.23,0
4290.26,3994.36,4275.38,4141.03,4348.21,4618.97,4076.41,4616.41,4199.49,4230.26,4205.13,4276.92,4608.21,4351.79,0
4289.74,3985.64,4274.87,4135.38,4343.08,4621.03,4078.97,4613.85,4193.33,4226.15,4196.92,4272.31,4595.9,4344.62,0
4284.62,3975.9,4269.74,4133.33,4344.1,4620,4076.41,4612.31,4188.21,4212.82,4185.64,4266.15,4587.69,4339.49,0
4285.13,3978.97,4267.18,4134.87,4346.67,4618.46,4070.77,4612.82,4184.62,4204.1,4182.56,4266.15,4586.67,4339.49,0
4288.72,3986.67,4269.74,4136.92,4348.72,4623.59,4071.28,4611.28,4185.64,4211.28,4186.67,4269.74,4587.18,4336.41,0
4283.59,3988.21,4271.28,4138.97,4349.23,4627.69,4075.38,4612.82,4189.23,4222.56,4189.23,4272.31,4589.74,4339.49,0
4281.54,3987.69,4268.21,4137.44,4344.62,4625.64,4078.97,4623.08,4196.41,4225.13,4191.28,4272.82,4592.82,4347.69,0
4293.85,3993.33,4271.28,4140,4342.56,4623.59,4082.05,4628.72,4205.13,4224.1,4199.49,4276.92,4600,4352.82,0
4301.03,3994.36,4278.97,4145.13,4345.64,4625.64,4084.1,4625.13,4202.56,4228.21,4208.72,4285.13,4610.77,4356.92,0
4295.9,3988.72,4277.95,4145.13,4346.67,4629.23,4087.69,4624.1,4203.08,4236.92,4208.72,4289.74,4615.38,4357.95,0
4294.36,3990.26,4273.33,4139.49,4347.69,4630.26,4086.15,4628.21,4210.26,4240.51,4206.67,4285.13,4610.77,4352.82,0
4291.79,3990.77,4270.26,4138.97,4348.72,4626.67,4076.92,4623.08,4198.46,4229.74,4207.18,4275.9,4602.56,4345.64,0
4283.59,3981.03,4265.64,4139.49,4346.15,4624.1,4070.77,4613.33,4184.1,4220.51,4199.49,4270.26,4602.05,4344.62,0
4277.95,3974.87,4259.49,4137.95,4344.62,4622.56,4072.82,4614.87,4193.33,4223.08,4193.33,4267.18,4602.56,4340,0
4276.92,3978.46,4254.87,4134.36,4344.1,4619.49,4074.36,4623.08,4201.54,4222.56,4194.87,4267.18,4597.95,4339.49,0
4271.28,3977.44,4250.26,4129.23,4341.03,4617.95,4071.28,4620,4189.23,4213.33,4194.36,4265.64,4598.46,4342.56,0
4265.13,3971.79,4244.62,4123.59,4340.51,4614.87,4068.72,4611.79,4184.1,4208.72,4190.77,4263.59,4599.49,4338.97,0
4266.15,3969.74,4246.15,4120.51,4344.1,4616.41,4071.28,4614.87,4191.79,4218.46,4191.79,4266.15,4596.41,4335.9,0
4269.74,3972.31,4246.67,4123.59,4348.72,4624.1,4076.92,4623.08,4195.9,4225.13,4193.33,4264.1,4596.92,4335.38,0
4274.87,3979.49,4246.67,4133.33,4352.31,4631.28,4078.46,4628.21,4208.21,4228.72,4195.9,4260.51,4603.08,4339.49,0
4281.54,3985.13,4257.44,4136.41,4350.77,4632.31,4075.38,4634.36,4220.51,4236.92,4203.08,4269.23,4606.15,4349.23,0
4284.1,3982.05,4263.59,4129.23,4347.18,4630.77,4073.85,4632.82,4210.77,4241.03,4208.21,4276.92,4610.77,4354.87,0
4281.03,3977.44,4255.9,4123.59,4349.74,4631.28,4076.41,4626.15,4200,4237.44,4208.72,4270.26,4613.85,4350.26,0
4277.95,3976.41,4246.15,4121.03,4351.28,4633.33,4081.03,4629.74,4206.15,4232.82,4204.62,4262.56,4605.13,4341.03,0
4276.41,3976.92,4245.64,4121.03,4350.77,4633.33,4079.49,4627.18,4201.54,4229.74,4195.38,4261.54,4595.9,4335.38,0
4273.85,3975.9,4245.64,4122.05,4349.74,4630.26,4073.85,4610.77,4185.13,4222.05,4190.77,4256.41,4592.82,4335.38,0
4274.36,3974.36,4245.64,4121.03,4350.77,4627.69,4077.95,4605.13,4187.18,4217.95,4191.79,4254.87,4592.82,4336.92,0
4277.44,3971.79,4246.15,4117.44,4348.21,4631.79,4086.67,4621.54,4202.05,4220.51,4192.31,4256.92,4592.31,4334.87,0
4278.46,3973.85,4246.15,4117.44,4344.1,4632.82,4081.54,4629.23,4206.15,4223.08,4190.26,4256.92,4592.31,4340,0
4283.08,3981.03,4252.82,4121.54,4342.56,4626.15,4072.31,4619.49,4200.51,4226.15,4195.9,4260.51,4601.03,4351.79,0
4288.21,3982.05,4256.92,4120,4338.97,4621.54,4073.85,4617.95,4207.18,4233.85,4205.13,4268.72,4610.26,4350.77,0
4282.05,3980,4250.26,4110.26,4338.46,4625.64,4077.95,4625.13,4214.87,4241.54,4204.1,4267.69,4605.13,4341.03,0
4274.36,3986.67,4245.13,4110.26,4345.13,4627.69,4076.41,4619.49,4198.97,4234.87,4197.95,4255.38,4596.92,4337.95,0
4273.33,3984.1,4246.67,4112.31,4347.69,4624.62,4074.87,4610.77,4187.69,4225.64,4198.97,4254.36,4601.54,4334.87,0
4269.23,3969.74,4246.67,4103.08,4344.62,4626.15,4075.9,4615.9,4197.44,4226.67,4196.41,4259.49,4598.97,4331.28,0
4267.18,3979.49,4247.18,4106.15,4351.28,4630.26,4075.38,4620.51,4200.51,4227.18,4192.82,4255.9,4590.26,4338.97,0
4275.38,4003.59,4249.74,4122.56,4359.49,4631.28,4073.85,4615.38,4193.85,4226.15,4194.36,4250.77,4596.41,4341.54,0
4271.79,4004.1,4245.64,4122.05,4355.9,4629.74,4072.82,4611.28,4194.36,4225.13,4189.74,4251.28,4594.36,4327.18,0
4255.9,3992.31,4242.56,4114.36,4351.28,4627.18,4071.79,4611.79,4196.41,4219.49,4182.56,4250.77,4580.51,4317.44,0
4251.28,3991.28,4245.13,4116.41,4350.26,4626.15,4073.85,4613.85,4192.31,4216.92,4180,4246.67,4574.36,4316.92,0
4254.36,3991.79,4238.97,4112.31,4347.69,4626.15,4079.49,4612.31,4189.74,4218.97,4175.38,4241.54,4573.33,4313.85,0
4256.92,3993.85,4231.79,4110.26,4346.67,4626.15,4081.03,4614.87,4198.97,4220,4175.9,4240.51,4576.41,4314.87,0
4261.03,4003.08,4239.49,4121.03,4351.28,4628.72,4082.56,4625.13,4211.79,4227.69,4184.62,4246.15,4587.69,4321.54,0
4266.67,4009.23,4247.18,4124.62,4356.92,4633.85,4088.72,4628.72,4210.26,4236.92,4188.72,4249.74,4592.82,4327.18,0
4271.28,4010.26,4249.74,4123.08,4361.03,4635.38,4090.77,4627.18,4213.33,4239.49,4193.33,4256.92,4595.9,4333.85,0
4274.36,4010.77,4255.38,4124.62,4360,4633.33,4084.62,4626.67,4218.46,4246.67,4204.1,4265.64,4605.64,4335.9,0
4268.21,4008.72,4251.79,4121.54,4350.77,4631.79,4078.97,4618.46,4194.36,4244.1,4196.41,4255.9,4598.97,4323.08,0
4253.33,3999.49,4235.9,4114.36,4343.08,4627.18,4075.38,4608.21,4176.92,4225.64,4181.54,4243.59,4580,4311.79,0
4248.72,3991.28,4231.79,4112.31,4343.59,4618.46,4066.67,4604.1,4186.67,4217.44,4183.59,4247.69,4576.92,4312.82,0
4250.77,3989.23,4241.03,4114.36,4344.1,4614.36,4061.54,4604.1,4184.62,4220,4189.74,4248.21,4582.56,4315.38,0
4251.28,3989.74,4245.13,4113.85,4344.1,4615.38,4066.67,4604.62,4178.97,4221.03,4188.21,4245.64,4585.64,4315.38,0
4250.77,3994.87,4241.54,4113.85,4348.72,4615.38,4067.69,4607.69,4190.26,4220.51,4187.18,4250.26,4588.21,4315.38,0
4245.64,3997.44,4235.9,4112.82,4348.72,4617.44,4066.67,4615.9,4194.36,4216.92,4182.56,4248.21,4582.56,4311.28,0
4244.1,3993.85,4233.33,4109.74,4345.64,4624.62,4074.87,4629.74,4197.44,4213.33,4175.9,4244.1,4572.31,4306.67,0
4251.79,3994.87,4238.46,4111.79,4352.82,4630.77,4085.13,4633.85,4208.72,4222.05,4182.56,4249.74,4578.97,4312.31,0
4261.54,4003.08,4249.23,4118.46,4357.95,4631.79,4089.23,4628.72,4208.72,4229.23,4191.79,4253.85,4592.82,4324.1,0
4266.15,4007.69,4254.36,4124.1,4352.31,4632.31,4085.64,4629.23,4208.21,4227.18,4195.9,4258.97,4595.9,4331.28,0
4269.23,4007.69,4250.77,4121.03,4347.69,4627.18,4075.38,4627.18,4210.77,4229.23,4196.41,4263.59,4593.33,4326.15,0
4265.64,4006.15,4247.18,4114.87,4346.67,4619.49,4068.21,4615.9,4200.51,4231.79,4191.28,4256.41,4590.26,4316.41,0
4260.51,4005.13,4247.69,4115.9,4349.23,4622.56,4073.33,4611.28,4191.79,4228.21,4187.18,4249.23,4587.69,4315.38,0
4263.59,4006.15,4247.18,4122.56,4353.33,4626.67,4076.92,4613.33,4195.38,4226.15,4189.23,4250.77,4588.21,4321.03,0
4269.23,4006.67,4248.72,4122.56,4353.85,4624.1,4074.87,4613.33,4197.44,4227.18,4192.82,4257.44,4589.23,4327.69,0
4273.85,4005.64,4257.44,4120.51,4351.28,4624.1,4080,4613.85,4196.92,4228.72,4194.87,4262.56,4590.77,4332.31,0
4273.33,4002.05,4258.46,4121.54,4351.79,4627.69,4082.05,4618.97,4198.97,4230.26,4194.87,4258.97,4593.33,4330.77,0
4265.13,3995.38,4249.23,4111.28,4350.77,4628.72,4077.95,4623.08,4199.49,4229.23,4194.87,4252.82,4595.38,4323.08,0
4258.97,3997.95,4245.64,4105.64,4353.33,4629.23,4077.44,4621.54,4197.44,4227.18,4196.92,4256.92,4595.9,4324.1,0
4265.64,4007.69,4249.23,4117.95,4358.46,4629.23,4080,4614.87,4193.33,4227.18,4195.38,4260.51,4596.92,4330.26,0
4273.33,4008.21,4256.41,4122.56,4351.79,4626.15,4077.44,4610.77,4191.28,4225.13,4190.77,4256.92,4595.38,4328.21,0
4273.33,4002.05,4261.03,4118.97,4344.1,4622.05,4075.38,4615.9,4198.46,4223.08,4191.79,4261.54,4592.31,4328.72,0
4272.82,4002.05,4257.44,4121.54,4345.13,4621.03,4077.95,4623.59,4205.13,4227.18,4193.33,4266.67,4594.87,4336.41,0
4274.36,4006.67,4253.33,4118.97,4347.18,4622.56,4080,4626.67,4212.31,4237.44,4195.9,4265.13,4603.59,4335.38,0
4270.77,4005.13,4252.82,4108.72,4343.59,4622.05,4079.49,4626.67,4212.31,4244.1,4204.62,4266.15,4604.62,4326.15,0
4260,3995.9,4245.64,4106.15,4342.05,4621.54,4074.87,4623.59,4200,4232.82,4202.56,4262.56,4594.36,4320,0
4255.38,3991.79,4243.59,4108.21,4348.72,4625.64,4073.33,4617.95,4197.44,4226.15,4192.31,4253.85,4592.31,4321.54,0
4262.56,3997.95,4251.28,4112.82,4354.87,4629.74,4074.87,4613.33,4203.59,4234.87,4195.9,4258.46,4600.51,4328.72,0
4270.26,4002.05,4251.28,4118.46,4354.87,4629.23,4073.33,4611.28,4199.49,4234.36,4200,4264.62,4599.49,4330.26,0
4270.26,4002.56,4245.64,4117.95,4356.92,4624.62,4069.23,4608.72,4195.9,4228.72,4192.31,4254.87,4592.82,4327.69,0
4271.28,4007.69,4255.38,4124.62,4363.59,4627.69,4069.23,4612.31,4203.08,4231.79,4191.79,4253.33,4595.38,4330.77,0
4280,4011.79,4264.62,4134.36,4362.05,4633.33,4071.28,4614.87,4200,4232.31,4200,4264.1,4601.54,4333.33,0
4277.44,4010.26,4256.41,4127.18,4354.36,4626.67,4067.69,4603.59,4188.21,4224.1,4192.82,4258.46,4596.92,4326.15,0
4262.56,4004.62,4244.62,4114.36,4349.23,4622.05,4067.18,4600,4186.15,4214.36,4178.46,4240.51,4584.62,4316.41,0
4258.97,4001.03,4244.62,4115.38,4348.72,4630.26,4072.82,4608.72,4190.26,4205.64,4177.95,4240,4582.05,4316.92,0
4266.15,4002.56,4249.23,4121.54,4351.79,4630.26,4073.33,4604.62,4188.72,4209.74,4190.77,4251.79,4591.79,4323.08,0
4266.67,4003.59,4250.26,4120,4352.82,4620.51,4069.23,4594.87,4182.05,4217.95,4195.38,4254.36,4599.49,4323.08,0
4265.64,3999.49,4247.69,4115.38,4349.74,4621.03,4068.72,4600,4186.67,4217.44,4190.77,4253.33,4598.46,4320,0
4269.23,3999.49,4246.67,4116.92,4347.69,4624.62,4071.79,4609.74,4193.85,4219.49,4189.74,4256.92,4595.38,4325.13,0
4269.23,4003.08,4255.38,4121.54,4347.69,4624.62,4075.38,4612.82,4191.79,4222.56,4192.82,4261.03,4596.92,4332.31,0
4272.82,4002.56,4266.67,4122.56,4349.74,4630.77,4081.03,4615.9,4193.33,4223.59,4195.38,4264.62,4601.03,4329.74,0
4281.03,4004.62,4267.69,4125.64,4351.79,4630.77,4080,4616.41,4197.44,4225.13,4198.97,4268.72,4601.54,4328.72,0
4284.62,4011.79,4266.67,4135.9,4356.41,4620,4071.28,4611.79,4198.46,4230.77,4204.1,4268.21,4603.59,4339.49,0
4287.18,4014.87,4266.67,4137.95,4361.03,4618.46,4068.72,4609.74,4198.46,4233.33,4206.15,4266.15,4609.23,4348.72,0
4289.23,4012.82,4264.62,4135.9,4357.44,4624.1,4073.33,4609.23,4193.33,4229.74,4202.05,4268.21,4611.28,4344.62,0
4286.67,4013.85,4261.54,4138.46,4352.82,4622.05,4076.41,4605.13,4185.64,4219.49,4195.9,4268.72,4604.62,4336.41,0
4283.59,4015.9,4265.13,4137.95,4354.87,4618.46,4075.9,4604.1,4186.15,4213.85,4190.26,4261.54,4598.97,4336.41,0
4282.05,4012.82,4262.05,4133.85,4356.92,4623.59,4075.9,4613.85,4198.46,4218.97,4188.72,4254.36,4603.08,4335.9,0
4274.87,4007.69,4249.23,4131.28,4356.41,4631.79,4077.95,4622.05,4208.21,4224.62,4190.26,4253.85,4604.1,4322.05,0
4266.15,4006.15,4244.62,4128.72,4358.46,4636.41,4083.08,4622.56,4207.69,4227.18,4189.74,4253.33,4597.44,4314.36,0
4266.15,4008.21,4249.74,4125.13,4353.85,4634.87,4087.18,4624.1,4207.18,4227.69,4187.18,4254.87,4592.31,4323.59,0
4270.26,4004.62,4249.74,4122.56,4343.08,4625.13,4085.13,4627.69,4213.33,4228.21,4189.23,4259.49,4595.9,4327.18,0
4269.74,3998.46,4247.18,4120.51,4343.08,4618.46,4077.95,4626.15,4211.79,4231.79,4193.33,4256.92,4604.1,4324.62,0
4267.18,3997.95,4248.72,4120.51,4347.69,4617.95,4074.87,4615.38,4201.03,4230.77,4193.85,4252.82,4605.13,4330.77,0
4272.31,4002.56,4251.79,4123.08,4347.18,4618.46,4074.87,4608.21,4194.87,4221.54,4193.33,4258.97,4601.54,4337.95,0
4280,4003.59,4258.46,4125.64,4349.23,4618.46,4075.9,4611.79,4192.82,4217.95,4196.92,4264.62,4600.51,4336.41,0
4278.97,4000.51,4262.56,4129.74,4353.33,4618.46,4077.95,4615.38,4194.87,4222.05,4195.9,4261.03,4603.08,4333.33,0
4279.49,4002.56,4261.54,4131.79,4352.31,4620,4078.97,4615.38,4202.05,4222.05,4190.26,4263.08,4603.59,4335.38,0
4282.05,4006.67,4263.08,4131.28,4350.77,4620,4077.95,4616.92,4204.62,4223.08,4189.23,4265.13,4601.03,4336.92,0
4277.95,4003.59,4260,4128.72,4353.33,4618.46,4077.44,4617.44,4194.87,4224.1,4191.79,4260,4598.46,4334.87,0
4276.41,3998.97,4253.85,4129.74,4352.31,4617.44,4072.82,4612.82,4191.28,4222.05,4192.82,4258.97,4602.05,4335.38,0
4279.49,4002.56,4257.95,4133.85,4349.74,4620.51,4068.21,4610.77,4200.51,4222.56,4194.87,4263.08,4606.15,4335.9,0
4280.51,4005.13,4262.05,4137.95,4349.74,4622.56,4069.74,4614.87,4203.59,4225.13,4196.92,4262.56,4604.1,4335.38,0
4276.92,4005.13,4259.49,4138.46,4352.31,4620,4069.74,4614.36,4196.92,4227.18,4196.92,4265.13,4607.69,4338.97,0
4277.44,4009.23,4258.97,4138.97,4354.87,4621.03,4067.69,4610.26,4192.31,4229.23,4200.51,4269.23,4616.41,4341.54,0
4280,4011.28,4258.97,4140.51,4358.97,4627.18,4071.28,4612.31,4196.41,4228.21,4205.13,4267.18,4614.36,4336.92,0
4278.97,4005.13,4258.97,4135.9,4358.46,4630.77,4074.87,4617.44,4201.54,4224.1,4200,4264.62,4606.15,4335.38,0
4271.79,4000.51,4256.92,4133.85,4353.33,4629.23,4075.38,4613.85,4197.44,4221.54,4191.28,4264.62,4604.1,4334.87,0
4270.26,4003.08,4250.26,4137.44,4353.85,4627.69,4070.26,4608.21,4197.44,4223.59,4192.31,4262.05,4607.69,4330.26,0
4273.85,4002.05,4249.74,4133.85,4357.44,4629.23,4067.18,4612.31,4204.1,4227.18,4195.9,4260,4608.72,4331.28,0
4269.74,3996.92,4260,4128.21,4356.41,4629.74,4070.77,4617.95,4205.64,4227.69,4193.33,4262.56,4605.64,4332.82,0
4270.26,3998.97,4264.1,4131.79,4357.95,4626.67,4075.38,4620,4208.72,4229.23,4194.36,4270.26,4606.15,4334.36,0
4282.05,4008.21,4262.56,4138.46,4364.1,4629.23,4076.92,4620,4208.72,4232.82,4200.51,4273.85,4610.26,4341.54,0
4285.64,4009.23,4263.08,4138.97,4365.13,4632.82,4073.85,4612.82,4193.85,4227.69,4198.97,4266.67,4609.74,4340.51,0
4277.95,4002.05,4261.54,4131.79,4362.05,4630.77,4072.82,4608.72,4190.26,4221.03,4195.9,4260.51,4606.67,4333.85,0
4278.46,4000,4257.44,4123.08,4363.08,4630.26,4075.38,4616.41,4205.13,4224.1,4196.92,4263.08,4606.67,4338.46,0
4280.51,4003.59,4251.79,4122.05,4363.59,4633.85,4078.46,4620.51,4204.62,4225.13,4195.38,4262.56,4608.72,4342.56,0
4277.95,4007.18,4247.69,4123.08,4362.05,4633.85,4075.38,4613.33,4192.82,4222.56,4198.97,4258.97,4610.26,4338.97,0
4280,4006.67,4248.21,4117.44,4360.51,4628.72,4070.26,4607.69,4193.33,4225.13,4205.13,4258.97,4610.26,4341.54,0
4285.64,4004.62,4249.23,4115.38,4361.54,4627.18,4071.28,4609.23,4200.51,4228.72,4202.05,4261.54,4609.74,4345.64,0
4284.62,4003.08,4250.26,4115.9,4359.49,4627.18,4075.38,4611.28,4201.54,4227.69,4197.95,4264.1,4608.72,4340.51,0
4277.44,4000,4250.26,4109.74,4354.87,4625.13,4074.87,4612.31,4198.97,4226.67,4201.03,4262.56,4607.69,4335.9,0
4276.41,3997.95,4248.72,4105.64,4355.9,4622.05,4069.23,4615.38,4200,4226.67,4200,4260.51,4606.67,4339.49,0
4281.03,4001.03,4246.67,4111.28,4354.87,4622.05,4066.67,4610.77,4193.85,4223.08,4191.28,4262.56,4603.59,4341.54,0
4281.03,4005.13,4247.18,4115.38,4348.72,4622.56,4067.69,4607.18,4191.79,4214.36,4186.67,4262.56,4598.97,4338.97,0
4276.41,3997.44,4249.74,4110.77,4351.28,4623.08,4068.21,4615.38,4199.49,4214.36,4189.23,4256.92,4596.41,4336.41,0
4275.38,3992.31,4248.72,4106.67,4357.44,4628.72,4068.72,4617.95,4195.38,4225.64,4191.28,4254.87,4596.41,4334.87,0
4280.51,4000.51,4249.74,4108.21,4354.87,4630.26,4068.21,4609.74,4190.77,4230.77,4193.85,4261.54,4602.05,4336.41,0
4284.1,4005.13,4250.77,4107.18,4349.23,4626.67,4069.23,4613.85,4202.56,4228.21,4198.97,4267.69,4610.26,4342.56,0
4281.54,4001.54,4251.28,4108.21,4350.77,4626.67,4072.82,4622.56,4208.21,4228.21,4201.54,4266.67,4608.72,4345.13,0
4280.51,4002.56,4254.36,4116.92,4356.41,4628.72,4073.85,4619.49,4199.49,4231.79,4197.44,4265.13,4603.08,4344.1,0
4287.69,4009.23,4261.03,4121.03,4358.46,4627.69,4072.31,4617.95,4201.03,4229.74,4196.92,4272.82,4608.21,4349.74,0
4293.85,4008.21,4264.1,4119.49,4356.41,4629.74,4077.44,4624.1,4206.15,4226.67,4203.08,4279.49,4613.33,4353.33,0
4287.69,4003.59,4258.97,4120,4358.46,4635.38,4085.13,4626.15,4205.64,4229.23,4206.67,4276.41,4607.69,4349.74,0
4287.18,4006.67,4251.79,4121.54,4363.08,4633.85,4084.62,4627.18,4210.77,4235.9,4203.08,4274.87,4606.67,4350.77,0
4291.28,4009.23,4248.21,4120.51,4358.97,4630.26,4081.03,4629.23,4212.31,4236.92,4197.95,4271.28,4607.69,4349.74,0
4285.64,4003.08,4249.74,4117.95,4357.44,4632.82,4083.59,4627.18,4206.15,4233.33,4192.31,4262.56,4603.08,4342.05,0
4278.97,4000.51,4250.77,4112.82,4360.51,4635.38,4087.69,4627.18,4206.67,4235.38,4192.31,4262.05,4603.08,4343.59,0
4278.97,4002.05,4248.21,4108.72,4352.31,4629.74,4080.51,4625.64,4211.28,4239.49,4198.46,4268.72,4610.26,4350.77,0
4284.62,4006.15,4250.77,4112.31,4348.21,4626.15,4070.77,4620.51,4207.69,4237.95,4203.08,4273.85,4613.85,4353.85,0
4293.85,4013.33,4259.49,4118.97,4357.95,4633.33,4070.26,4620,4202.56,4235.38,4206.15,4274.87,4613.85,4358.46,0
4298.97,4015.9,4265.64,4122.05,4362.56,4636.41,4075.38,4620.51,4198.46,4235.9,4207.69,4274.36,4614.36,4363.08,0
4298.97,4016.41,4263.59,4122.56,4355.9,4631.28,4075.38,4613.85,4193.85,4230.77,4200.51,4271.28,4612.82,4361.03,0
4310.77,4025.13,4261.54,4127.18,4351.79,4630.26,4072.82,4610.26,4197.95,4220.51,4195.9,4270.26,4611.28,4365.64,0
4327.69,4035.38,4267.69,4133.85,4355.38,4634.87,4074.87,4616.92,4205.13,4222.05,4200,4273.85,4611.28,4378.97,0
4332.82,4040,4274.36,4137.44,4355.9,4633.85,4077.95,4621.03,4199.49,4225.64,4197.44,4277.95,4607.69,4384.62,0
4338.46,4046.67,4271.28,4136.41,4348.72,4625.13,4073.33,4616.92,4189.74,4218.97,4190.77,4277.95,4608.72,4389.74,0
4354.87,4057.44,4269.23,4137.95,4342.05,4617.44,4066.67,4612.82,4192.82,4212.31,4195.9,4274.87,4619.49,4405.13,0
4374.87,4072.82,4277.95,4148.21,4348.21,4616.92,4067.69,4608.72,4195.38,4215.38,4202.56,4279.49,4627.69,4419.49,0
4394.36,4087.69,4290.26,4156.92,4353.85,4618.46,4067.18,4606.15,4189.74,4213.33,4203.59,4288.21,4627.18,4429.23,0
4409.74,4092.31,4296.41,4155.38,4348.72,4617.44,4060.51,4609.74,4190.77,4210.26,4205.13,4291.79,4630.77,4443.08,0
4417.95,4096.41,4297.44,4153.33,4347.18,4615.38,4057.44,4613.85,4192.82,4216.92,4213.85,4294.87,4644.1,4455.9,0
4425.13,4104.1,4295.9,4157.95,4349.23,4614.87,4061.03,4608.72,4183.59,4216.92,4218.97,4298.46,4649.74,4459.49,0
4438.97,4110.77,4304.1,4167.18,4348.21,4612.31,4064.1,4604.62,4179.49,4210.26,4216.92,4303.08,4649.23,4471.79,0
4453.33,4114.36,4318.97,4171.79,4348.72,4614.36,4066.15,4608.72,4182.05,4213.85,4222.05,4309.74,4656.92,4489.23,0
4459.49,4118.97,4324.1,4171.28,4353.85,4617.95,4067.18,4610.26,4181.54,4217.95,4230.26,4320,4667.69,4492.82,0
4459.49,4122.05,4321.03,4169.23,4355.38,4618.97,4070.77,4610.77,4186.15,4208.72,4225.64,4322.05,4665.13,4487.18,0
4458.97,4120.51,4321.54,4172.82,4354.36,4621.54,4077.95,4611.79,4187.69,4204.1,4218.97,4316.92,4652.82,4484.62,0
4466.15,4124.1,4324.1,4178.97,4356.92,4623.08,4078.97,4608.72,4182.05,4211.28,4220,4312.31,4652.31,4489.74,0
4476.41,4130.26,4325.64,4177.95,4354.36,4617.95,4073.85,4608.21,4186.67,4213.85,4224.1,4315.9,4658.46,4500,0
4482.05,4132.82,4329.23,4175.38,4349.23,4613.85,4073.85,4614.36,4202.05,4218.46,4230.26,4325.13,4664.62,4516.41,0
4488.72,4136.41,4336.92,4182.56,4352.31,4613.85,4074.87,4618.97,4201.03,4224.1,4237.95,4332.31,4676.92,4529.74,0
4499.49,4146.67,4344.1,4196.41,4357.44,4613.33,4070.77,4613.85,4185.64,4224.1,4242.56,4334.36,4685.13,4531.28,0
4504.1,4152.31,4343.59,4201.54,4358.97,4613.85,4072.31,4612.31,4186.15,4227.69,4248.72,4333.85,4687.69,4530.77,0
4497.44,4145.64,4337.44,4193.85,4357.95,4616.92,4077.95,4618.46,4200.51,4235.38,4254.87,4333.85,4696.41,4534.36,0
4490.77,4135.38,4333.85,4184.1,4353.33,4617.95,4078.46,4620.51,4202.56,4233.33,4254.87,4329.74,4702.56,4535.9,0
4493.33,4136.92,4333.85,4184.1,4350.77,4616.92,4075.38,4616.92,4195.9,4230.77,4252.82,4328.21,4699.49,4534.36,0
4497.44,4147.69,4332.31,4188.21,4355.38,4616.92,4071.28,4612.31,4198.46,4235.38,4255.38,4332.82,4697.44,4534.87,0
4492.31,4141.54,4330.26,4185.64,4354.36,4616.41,4071.28,4611.28,4195.38,4231.79,4256.41,4334.87,4696.41,4533.33,0
4490.26,4126.15,4329.23,4182.56,4344.62,4611.28,4074.87,4616.92,4189.74,4223.59,4253.33,4334.87,4696.41,4534.36,0
4497.95,4128.72,4335.38,4184.1,4345.13,4608.21,4072.82,4614.87,4190.26,4223.59,4254.87,4339.49,4701.54,4539.49,0
4501.03,4136.92,4342.56,4187.69,4350.26,4607.18,4065.64,4602.56,4182.56,4218.97,4253.33,4339.49,4695.38,4533.33,0
4491.79,4129.23,4336.41,4186.15,4347.18,4606.67,4060.51,4597.44,4175.38,4210.77,4243.08,4330.77,4680.51,4518.46,0
4475.38,4119.49,4324.1,4181.54,4348.21,4606.67,4060.51,4603.08,4186.15,4214.87,4237.44,4326.15,4679.49,4507.18,0
4464.1,4115.9,4324.62,4182.05,4356.41,4608.72,4063.59,4603.59,4194.87,4224.62,4240.51,4328.21,4686.15,4506.15,0
4463.59,4111.28,4329.23,4182.56,4352.82,4610.26,4062.05,4603.08,4187.69,4227.18,4245.64,4329.74,4686.15,4505.13,0
4458.46,4105.13,4325.13,4180.51,4346.67,4607.69,4052.31,4603.59,4178.97,4228.72,4246.67,4330.77,4684.1,4492.82,0
4444.1,4102.56,4325.13,4181.54,4352.82,4604.1,4048.21,4596.41,4179.49,4232.31,4248.21,4329.23,4685.13,4482.05,0
4434.36,4102.05,4327.69,4182.56,4351.79,4604.62,4057.44,4591.79,4185.13,4229.74,4246.67,4324.1,4683.59,4478.46,0
4428.21,4093.85,4320,4173.85,4343.59,4609.23,4065.13,4596.41,4191.28,4230.77,4243.59,4320,4676.41,4468.21,0
4415.9,4080,4308.72,4164.62,4346.15,4612.31,4067.18,4605.13,4194.36,4233.85,4239.49,4314.87,4668.21,4455.38,0
4408.72,4075.38,4305.64,4164.62,4350.26,4615.38,4069.74,4613.85,4202.05,4230.26,4233.33,4311.79,4665.64,4454.87,0
4411.28,4075.9,4312.82,4166.67,4345.64,4616.92,4068.21,4615.9,4207.69,4230.26,4229.74,4313.33,4664.62,4456.41,0
4414.36,4073.85,4320.51,4167.69,4347.69,4614.36,4063.59,4607.69,4193.85,4230.77,4229.23,4313.33,4662.56,4455.38,0
4414.87,4077.95,4322.05,4173.33,4358.97,4615.9,4063.59,4595.9,4177.44,4223.59,4229.23,4312.31,4663.59,4453.33,1
4406.67,4078.46,4314.36,4173.33,4360.51,4619.49,4066.15,4588.21,4167.69,4214.36,4221.54,4310.77,4657.95,4441.54,1
4393.85,4063.59,4302.05,4167.69,4352.31,4617.44,4069.23,4584.1,4163.08,4209.74,4211.79,4303.08,4642.05,4425.64,1
4387.69,4053.33,4300.51,4167.18,4348.72,4614.36,4069.23,4588.21,4177.44,4214.87,4215.9,4297.44,4638.46,4421.03,1
4381.03,4050.77,4303.08,4164.1,4353.33,4619.49,4067.69,4602.05,4206.15,4232.31,4224.1,4302.05,4647.69,4418.46,1
4364.62,4038.97,4295.9,4154.36,4358.97,4626.67,4070.26,4619.49,4224.1,4247.18,4224.1,4303.08,4649.23,4408.21,1
4353.85,4026.67,4289.23,4149.74,4355.9,4630.26,4074.36,4627.18,4222.05,4248.72,4222.05,4295.9,4644.1,4402.05,1
4355.38,4028.72,4292.31,4151.28,4350.26,4630.26,4074.87,4626.15,4220.51,4246.15,4224.1,4295.9,4642.56,4402.56,1
4354.36,4033.33,4296.92,4153.33,4354.36,4627.18,4074.87,4625.64,4216.92,4244.1,4224.1,4300.51,4644.62,4399.49,1
4349.23,4033.33,4296.41,4155.38,4361.54,4627.18,4072.82,4616.92,4198.46,4241.03,4220.51,4299.49,4645.13,4393.85,1
4344.1,4029.23,4292.82,4152.31,4356.92,4628.21,4070.26,4603.59,4188.21,4234.87,4220,4295.38,4641.54,4391.79,1
4340,4023.08,4290.77,4147.69,4351.79,4628.21,4075.38,4612.31,4201.54,4237.95,4221.03,4296.41,4642.05,4390.26,1
4336.92,4017.44,4291.28,4148.21,4354.87,4631.79,4084.1,4627.69,4213.33,4244.1,4222.05,4298.97,4643.59,4385.13,1
4332.82,4017.95,4289.74,4151.79,4360,4637.95,4085.64,4624.1,4211.79,4240.51,4221.54,4297.95,4639.49,4382.05,1
4328.21,4025.64,4287.18,4154.87,4363.08,4639.49,4084.1,4627.18,4222.56,4240.51,4217.44,4295.9,4635.9,4379.49,1
4321.03,4023.59,4285.64,4150.77,4360.51,4636.92,4084.62,4642.56,4232.31,4242.56,4210.77,4290.26,4631.79,4370.77,1
4313.85,4009.74,4284.1,4148.72,4355.9,4633.33,4079.49,4637.44,4221.54,4237.44,4206.67,4286.67,4627.69,4366.15,1
4310.26,4003.59,4283.59,4153.33,4355.38,4629.74,4075.38,4624.62,4211.79,4235.9,4207.18,4288.72,4628.21,4367.69,1
4311.28,4004.62,4284.62,4145.64,4354.87,4630.26,4080,4626.67,4209.23,4240,4207.18,4287.18,4627.18,4364.62,1
4312.31,4002.05,4282.56,4137.95,4351.79,4631.28,4081.54,4621.54,4203.08,4232.82,4204.1,4283.08,4622.56,4355.9,1
4308.21,3998.97,4280.51,4145.64,4350.77,4629.23,4075.9,4614.87,4200.51,4228.21,4202.56,4281.03,4622.56,4354.87,1
4304.1,3997.95,4281.54,4150.77,4352.31,4625.13,4072.82,4618.97,4202.05,4234.36,4203.08,4280.51,4623.08,4357.44,1
4305.64,3998.97,4280,4141.03,4353.33,4622.56,4074.87,4615.38,4201.54,4231.79,4203.59,4281.03,4618.46,4354.87,1
4305.13,4001.03,4278.97,4139.49,4354.36,4624.62,4075.38,4610.77,4203.08,4226.67,4205.13,4281.54,4617.95,4353.85,1
4306.67,4003.59,4279.49,4148.21,4357.44,4628.21,4079.49,4623.08,4209.23,4235.38,4209.23,4282.05,4623.59,4360,1
4310.77,4001.03,4279.49,4147.18,4357.44,4632.31,4085.13,4633.33,4211.28,4243.08,4211.28,4283.59,4625.64,4360,1
4308.21,3994.36,4279.49,4140.51,4354.36,4633.85,4084.1,4631.79,4213.85,4237.95,4210.77,4283.59,4624.1,4354.36,1
4303.59,3995.9,4279.49,4141.54,4353.85,4635.38,4081.54,4638.46,4224.62,4239.49,4212.82,4284.1,4628.72,4358.46,1
4306.15,4001.03,4278.46,4145.13,4353.33,4629.74,4080.51,4640,4222.05,4245.64,4216.92,4288.72,4634.87,4367.18,1
4307.18,3995.9,4278.97,4141.03,4348.72,4620.51,4076.41,4627.18,4209.23,4240,4215.38,4290.26,4630.26,4363.08,1
4303.59,3989.23,4278.97,4133.33,4345.64,4617.95,4072.31,4627.18,4211.28,4234.36,4209.74,4285.64,4622.05,4351.28,1
4301.03,3991.28,4272.82,4128.72,4350.77,4618.97,4074.36,4629.74,4208.72,4238.97,4211.28,4283.08,4622.05,4348.72,1
4296.41,3991.28,4266.15,4125.64,4354.87,4619.49,4072.82,4616.41,4185.64,4233.85,4213.33,4278.46,4622.56,4349.74,1
4290.26,3986.15,4260.51,4118.46,4350.77,4620,4070.77,4604.1,4177.44,4220.51,4209.23,4271.28,4619.49,4346.67,1
4288.72,3982.05,4255.38,4111.79,4348.21,4621.03,4073.85,4608.72,4190.77,4220.51,4208.72,4270.26,4617.95,4346.15,1
4291.28,3982.56,4257.95,4112.31,4350.77,4624.1,4078.97,4619.49,4196.92,4226.67,4211.28,4276.92,4620,4349.23,1
4297.44,3988.72,4266.15,4117.44,4350.26,4631.79,4086.15,4627.69,4203.08,4230.77,4211.79,4282.05,4621.54,4353.33,1
4305.13,3992.31,4267.18,4118.97,4351.79,4633.33,4087.69,4632.82,4213.85,4236.41,4213.85,4278.46,4623.59,4355.9,1
4307.18,3990.77,4265.13,4117.44,4356.92,4629.23,4083.08,4636.92,4218.97,4241.03,4218.46,4278.46,4627.69,4358.46,1
4301.54,3988.21,4265.13,4114.87,4353.33,4634.36,4082.56,4641.54,4222.05,4243.08,4219.49,4281.03,4629.74,4355.9,1
4292.82,3983.59,4262.56,4110.26,4345.13,4633.33,4084.62,4642.05,4223.59,4241.54,4218.46,4279.49,4626.67,4349.23,1
4294.36,3982.56,4261.54,4107.18,4347.69,4621.54,4078.46,4631.28,4211.28,4241.03,4220.51,4279.49,4625.13,4350.77,1
4300.51,3988.21,4265.13,4110.77,4353.33,4619.49,4073.33,4620,4200.51,4239.49,4220.51,4279.49,4626.67,4354.36,1
4300,3987.18,4265.64,4117.44,4350.26,4624.1,4077.44,4622.56,4205.13,4236.41,4214.87,4278.46,4625.13,4352.31,0
4297.44,3980,4265.13,4116.41,4346.67,4621.03,4078.46,4625.13,4207.69,4234.87,4210.26,4278.97,4620.51,4350.26,0
4294.87,3977.95,4264.62,4107.69,4346.15,4614.36,4072.82,4614.36,4195.38,4231.28,4209.23,4279.49,4615.38,4348.72,0
4287.69,3977.44,4262.56,4104.62,4346.15,4615.38,4072.31,4612.82,4188.21,4222.56,4204.62,4272.82,4607.69,4342.05,0
4281.54,3975.9,4260,4106.15,4348.72,4621.03,4076.41,4620,4192.31,4214.36,4196.41,4264.1,4600.51,4335.9,0
4283.08,3975.9,4260,4105.64,4350.77,4622.56,4076.41,4617.95,4194.36,4216.41,4194.87,4260,4598.97,4340,0
4286.15,3979.49,4262.05,4105.13,4350.26,4621.03,4074.36,4619.49,4202.56,4227.18,4206.15,4266.67,4607.69,4348.21,0
4291.79,3985.64,4266.15,4111.28,4354.36,4623.59,4078.46,4631.28,4211.28,4232.82,4216.41,4280,4618.97,4353.33,0
4295.38,3990.77,4265.64,4118.46,4360.51,4627.18,4078.97,4631.28,4205.64,4234.36,4211.79,4277.95,4619.49,4350.26,0
4292.31,3991.79,4263.08,4117.95,4358.97,4625.64,4071.79,4618.97,4195.9,4232.82,4205.13,4263.59,4612.82,4342.56,0
4289.23,3989.74,4263.59,4113.33,4353.85,4625.13,4071.79,4614.87,4197.44,4229.74,4207.69,4262.05,4611.28,4339.49,0
4285.64,3987.18,4256.92,4109.23,4350.77,4628.72,4076.92,4618.97,4204.62,4231.28,4209.23,4266.15,4611.79,4341.54,0
4277.95,3987.69,4244.1,4106.15,4348.21,4625.13,4072.82,4621.54,4204.62,4234.87,4206.15,4262.05,4609.74,4341.03,0
4273.33,3986.67,4243.59,4103.08,4346.67,4617.44,4067.18,4622.56,4199.49,4231.28,4205.13,4260,4609.74,4338.46,0
4274.87,3980.51,4251.28,4103.59,4343.59,4617.44,4067.18,4619.49,4194.36,4224.1,4204.1,4263.59,4610.77,4338.97,0
4274.36,3980.51,4250.77,4104.1,4343.08,4621.54,4067.69,4614.87,4193.85,4224.62,4203.08,4261.54,4609.23,4340,0
4278.97,3989.23,4246.67,4104.62,4352.31,4625.64,4070.77,4618.97,4202.56,4231.28,4206.15,4262.56,4610.77,4345.64,0
4288.21,3994.87,4252.82,4113.33,4357.44,4626.15,4077.44,4627.18,4210.77,4235.9,4209.23,4270.77,4616.41,4353.33,0
4289.23,3993.85,4261.54,4117.95,4351.28,4622.05,4076.92,4624.62,4202.56,4232.82,4207.69,4270.77,4614.36,4351.28,0
4281.54,3991.28,4264.1,4112.31,4345.64,4619.49,4072.82,4618.46,4190.77,4224.1,4201.54,4269.23,4605.64,4343.59,0
4278.46,3986.67,4263.08,4108.72,4347.18,4620,4071.79,4617.95,4193.33,4224.1,4201.03,4274.36,4603.59,4342.56,0
4281.03,3986.15,4260,4111.28,4349.74,4618.97,4071.28,4618.46,4200.51,4228.72,4207.18,4273.33,4608.72,4342.56,0
4281.03,3990.26,4254.36,4108.72,4349.23,4619.49,4070.26,4616.92,4197.95,4228.21,4206.15,4267.18,4608.72,4341.03,0
4278.46,3985.64,4248.72,4105.13,4345.13,4621.54,4071.79,4615.9,4190.26,4223.59,4195.38,4265.13,4603.08,4338.97,0
4271.79,3977.44,4249.74,4105.13,4341.54,4621.03,4071.79,4616.41,4187.69,4219.49,4192.82,4265.13,4598.46,4332.31,0
4269.23,3980.51,4251.28,4104.62,4343.08,4622.56,4073.85,4616.41,4193.85,4220,4197.44,4263.59,4599.49,4335.38,0
4276.92,3990.26,4249.23,4108.72,4346.67,4623.59,4076.92,4620.51,4204.1,4222.05,4201.54,4265.13,4604.1,4347.69,0
4283.08,3991.79,4254.87,4115.38,4346.67,4621.03,4075.38,4624.1,4204.62,4225.13,4208.21,4271.79,4610.26,4353.33,0
4286.67,3988.72,4262.05,4113.85,4343.59,4622.56,4075.38,4622.05,4196.92,4226.67,4213.85,4275.9,4614.87,4347.69,0
4284.1,3986.15,4256.92,4108.72,4343.08,4623.08,4075.38,4616.92,4195.9,4226.15,4209.74,4272.31,4611.28,4341.54,0
4278.46,3985.64,4248.21,4108.21,4344.1,4616.41,4071.28,4612.31,4197.44,4222.56,4201.03,4264.1,4603.08,4336.92,0
4274.87,3987.69,4247.69,4109.74,4342.05,4615.9,4071.79,4613.85,4195.38,4221.03,4195.38,4256.41,4600.51,4333.33,0
4272.31,3988.21,4247.69,4106.67,4339.49,4618.46,4073.33,4617.95,4195.9,4218.97,4193.33,4251.79,4600,4331.28,0
4270.77,3985.64,4247.18,4105.13,4341.54,4616.41,4069.74,4612.31,4193.85,4214.87,4192.82,4256.92,4594.36,4331.28,0
4269.74,3985.64,4248.72,4109.23,4343.08,4614.87,4069.23,4606.15,4188.21,4216.92,4194.87,4264.1,4591.28,4332.82,0
4271.28,3985.13,4248.72,4110.26,4339.49,4617.95,4076.41,4612.31,4191.79,4219.49,4195.9,4260,4595.38,4331.28,0
4275.9,3986.15,4254.36,4109.74,4343.08,4625.13,4076.41,4621.54,4200.51,4218.97,4198.97,4259.49,4602.05,4335.9,0
4284.62,3991.79,4262.05,4118.97,4349.74,4630.77,4074.36,4621.03,4198.97,4224.62,4205.64,4270.26,4608.21,4348.21,0
4286.67,3993.85,4263.59,4122.05,4348.72,4630.26,4079.49,4614.87,4194.36,4228.72,4209.74,4271.79,4608.72,4349.74,0
4284.1,3992.31,4260.51,4113.85,4347.69,4626.67,4080,4612.82,4197.95,4223.59,4208.21,4268.21,4604.1,4343.08,0
4284.62,3991.79,4255.38,4115.9,4351.79,4627.69,4075.9,4616.92,4202.56,4223.08,4205.13,4270.26,4605.64,4340.51,0
4281.03,3990.77,4249.23,4119.49,4347.69,4626.67,4071.79,4619.49,4198.46,4229.23,4202.56,4269.23,4608.21,4336.41,0
4276.41,3988.72,4247.69,4110.26,4340.51,4620.51,4066.15,4614.36,4193.33,4226.15,4199.49,4263.59,4603.08,4330.26,0
4276.41,3989.23,4246.67,4108.72,4344.1,4618.97,4067.18,4613.33,4194.36,4221.03,4195.9,4260.51,4596.41,4324.1,0
4276.41,3989.74,4245.64,4116.92,4346.67,4618.46,4069.23,4615.38,4190.26,4220.51,4192.31,4255.9,4592.31,4321.03,0
4279.49,3990.26,4253.33,4118.97,4347.18,4617.44,4066.15,4608.72,4185.64,4217.44,4191.79,4255.38,4591.79,4329.23,0
4288.21,3998.97,4264.1,4122.05,4352.82,4621.54,4068.72,4609.23,4194.87,4217.95,4197.95,4265.13,4600.51,4345.13,0
4292.31,4006.67,4266.67,4126.67,4350.77,4623.08,4072.82,4617.95,4201.54,4224.1,4204.1,4273.85,4607.18,4351.79,0
4287.18,3998.46,4262.56,4122.56,4342.56,4617.95,4067.69,4614.36,4194.87,4222.56,4205.13,4272.82,4604.1,4343.08,0
4279.49,3986.67,4253.33,4113.33,4338.97,4616.92,4067.18,4610.77,4197.44,4218.97,4204.1,4271.28,4603.08,4336.41,0
4274.87,3985.13,4247.69,4108.72,4339.49,4617.95,4072.82,4620.51,4207.69,4225.13,4201.03,4267.18,4603.59,4336.41,0
4270.77,3986.15,4248.21,4109.74,4337.95,4615.38,4068.21,4619.49,4197.44,4228.72,4197.95,4264.62,4601.54,4334.36,0
4267.18,3983.08,4248.21,4108.21,4335.38,4615.9,4062.05,4607.18,4186.15,4223.08,4196.92,4264.1,4602.56,4326.15,0
4268.21,3982.56,4249.23,4106.67,4337.95,4615.9,4063.59,4607.18,4191.28,4217.95,4196.41,4262.05,4600.51,4322.56,0
4273.33,3986.15,4252.31,4113.85,4344.1,4614.36,4067.18,4610.26,4191.28,4217.95,4195.9,4264.1,4598.46,4331.28,0
4278.46,3990.77,4256.41,4120,4345.64,4616.92,4069.23,4609.23,4183.59,4217.95,4198.46,4266.15,4604.1,4338.97,0
4280.51,3994.87,4260.51,4118.97,4343.59,4622.05,4070.77,4611.28,4187.69,4216.92,4198.46,4264.62,4605.64,4335.9,0
4282.05,3994.87,4261.03,4120,4346.15,4625.13,4072.82,4612.82,4198.97,4219.49,4195.38,4264.62,4602.05,4330.77,0
4277.44,3989.23,4258.46,4121.54,4348.21,4627.69,4076.92,4615.9,4205.64,4224.1,4195.38,4266.15,4601.03,4331.28,0
4273.85,3986.67,4255.38,4119.49,4345.13,4630.77,4077.95,4621.54,4205.64,4227.18,4197.95,4265.13,4597.44,4331.28,0
4277.44,3990.26,4251.28,4118.46,4344.1,4630.26,4076.41,4621.03,4206.15,4227.69,4196.92,4262.05,4593.85,4325.64,0
4276.41,3988.72,4252.82,4118.46,4339.49,4626.67,4078.97,4622.05,4208.72,4226.67,4195.9,4262.05,4597.44,4325.13,0
4276.41,3986.15,4260,4118.97,4338.97,4624.1,4079.49,4625.64,4208.21,4230.26,4201.03,4264.62,4603.59,4333.33,0
4284.62,3994.36,4264.62,4125.13,4347.69,4628.72,4074.36,4620.51,4208.21,4236.92,4209.23,4274.87,4609.23,4343.59,0
4291.28,4003.08,4267.69,4131.28,4349.74,4630.26,4073.85,4617.44,4209.74,4238.97,4214.36,4278.97,4613.33,4347.69,0
4286.15,3998.46,4268.72,4130.77,4346.67,4625.13,4074.36,4622.56,4205.13,4233.33,4209.23,4274.36,4609.74,4341.54,0
4279.49,3991.28,4262.56,4123.59,4348.72,4622.56,4068.72,4616.92,4194.36,4222.56,4199.49,4271.28,4601.54,4331.28,0
4276.92,3991.79,4257.44,4120.51,4348.72,4623.59,4065.64,4606.67,4189.74,4216.41,4197.44,4269.74,4598.97,4332.82,0
4279.49,3996.41,4263.59,4127.18,4349.23,4624.62,4067.69,4609.74,4194.36,4221.03,4204.62,4274.36,4606.67,4345.13,0
4289.23,4003.08,4271.79,4135.9,4354.36,4622.56,4067.69,4614.87,4195.38,4226.15,4210.26,4278.97,4612.82,4348.72,0
4291.79,4008.72,4272.82,4139.49,4352.82,4621.54,4067.18,4613.85,4195.9,4226.67,4208.21,4277.95,4612.31,4342.56,0
4282.56,4003.59,4267.69,4133.85,4347.69,4623.59,4073.33,4616.92,4201.54,4228.72,4207.18,4274.36,4611.79,4338.97,0
4273.85,3992.31,4257.44,4124.62,4346.15,4628.21,4081.03,4624.1,4209.74,4232.82,4208.72,4272.82,4608.72,4336.41,0
4270.77,3989.23,4253.85,4118.46,4342.56,4629.23,4079.49,4623.59,4209.23,4234.36,4206.15,4271.79,4602.56,4331.79,0
4273.85,3993.33,4261.54,4123.59,4341.54,4623.59,4072.82,4616.41,4204.1,4230.77,4204.62,4268.21,4603.08,4330.77,0
4281.54,3997.44,4265.64,4136.92,4346.15,4620.51,4071.79,4612.31,4201.54,4224.62,4206.15,4268.21,4608.21,4337.95,0
4288.72,4000.51,4269.74,4140.51,4345.13,4622.56,4072.82,4614.36,4198.97,4220.51,4206.15,4272.31,4608.72,4347.69,0
4294.36,4002.05,4278.97,4134.36,4342.56,4621.54,4071.28,4613.33,4193.33,4220.51,4207.18,4277.95,4606.15,4344.62,0
4291.28,3995.9,4277.44,4132.82,4345.64,4618.97,4067.69,4609.74,4191.79,4217.44,4204.62,4279.49,4603.08,4330.26,0
4280.51,3987.69,4265.13,4133.33,4345.64,4620.51,4067.69,4609.74,4195.38,4210.77,4194.36,4275.38,4596.41,4321.54,0
4276.92,3988.72,4263.59,4128.72,4344.62,4622.05,4069.74,4611.28,4193.33,4211.79,4196.92,4267.69,4590.77,4325.13,0
4277.95,3988.72,4264.62,4124.1,4345.13,4617.95,4066.67,4610.77,4192.82,4220,4206.67,4265.13,4595.38,4331.79,0
4277.95,3986.15,4260.51,4126.67,4343.59,4615.38,4062.05,4612.31,4198.46,4222.05,4202.56,4273.33,4604.1,4335.9,0
4280,3988.21,4260.51,4127.18,4342.56,4617.44,4067.18,4612.82,4197.44,4218.46,4200,4278.97,4606.15,4337.95,0
4279.49,3989.23,4264.1,4122.56,4342.05,4615.9,4069.23,4611.79,4194.36,4217.95,4208.72,4277.44,4605.13,4336.92,0
4277.44,3987.18,4259.49,4120.51,4340,4611.79,4061.54,4612.31,4193.85,4220.51,4209.23,4271.79,4605.13,4336.41,0
4280,3987.18,4250.77,4120.51,4339.49,4611.28,4059.49,4611.79,4192.31,4222.56,4203.59,4267.18,4605.13,4335.9,0
4282.05,3988.21,4252.82,4120,4343.08,4615.38,4066.67,4611.79,4197.95,4229.23,4209.74,4274.36,4607.18,4340,0
4283.59,3989.23,4261.03,4120.51,4345.64,4618.97,4071.28,4616.92,4207.69,4235.9,4221.03,4284.1,4610.77,4347.18,0
4285.64,3990.77,4262.56,4120,4348.21,4620,4070.77,4615.38,4202.56,4232.82,4217.95,4279.49,4609.74,4343.59,0
4284.1,3991.79,4261.03,4120,4350.26,4620.51,4068.21,4608.72,4189.23,4221.54,4205.64,4270.77,4606.15,4338.46,0
4287.18,3995.38,4262.05,4120.51,4349.74,4618.46,4063.08,4602.56,4183.59,4213.85,4201.03,4267.69,4603.59,4337.95,0
4290.26,4000,4256.41,4121.03,4348.72,4613.85,4056.92,4599.49,4183.59,4212.82,4204.62,4266.67,4602.05,4340,0
4287.18,4000.51,4251.28,4120.51,4346.15,4611.28,4055.38,4601.03,4186.67,4215.9,4205.13,4272.31,4604.1,4343.08,0
4286.67,4001.54,4257.44,4121.03,4346.15,4613.33,4062.56,4605.64,4191.28,4222.56,4206.15,4279.49,4607.18,4342.05,0
4289.23,4003.08,4262.56,4117.44,4347.18,4616.92,4067.69,4608.21,4196.92,4229.23,4213.85,4276.92,4611.28,4343.08,0
4291.28,4003.08,4263.08,4114.36,4343.59,4616.92,4059.49,4605.13,4197.44,4231.28,4214.36,4271.79,4617.44,4349.23,0
4290.26,4000.51,4258.97,4114.36,4340.51,4613.85,4053.85,4601.54,4193.85,4227.18,4209.74,4274.36,4614.36,4349.23,0
4286.67,3996.41,4252.82,4112.31,4341.54,4615.38,4062.56,4607.18,4200,4228.72,4215.9,4280,4609.74,4347.18,0
4285.13,3994.87,4253.33,4114.36,4343.08,4620.51,4070.77,4620,4211.79,4239.49,4221.54,4281.03,4615.9,4350.77,0
4286.67,3992.82,4256.41,4115.9,4341.03,4621.03,4075.38,4625.13,4205.64,4238.46,4211.79,4277.44,4612.82,4341.54,0
4282.56,3989.23,4249.74,4109.23,4338.97,4620,4079.49,4620,4196.92,4228.21,4200.51,4267.18,4595.9,4327.69,0
4276.41,3988.21,4249.74,4104.62,4340,4621.54,4077.95,4615.9,4194.87,4225.64,4197.44,4261.54,4591.28,4333.85,0
4279.49,3990.26,4263.59,4107.69,4342.56,4619.49,4069.23,4607.18,4182.56,4220.51,4193.85,4266.15,4594.87,4340,0
4282.05,3992.82,4262.05,4112.82,4343.08,4613.33,4062.56,4596.92,4172.31,4207.69,4190.77,4265.13,4592.31,4331.28,0
4283.08,3999.49,4250.26,4119.49,4346.15,4612.31,4066.15,4597.95,4181.03,4209.74,4191.79,4257.95,4592.31,4327.18,0
4284.62,4005.64,4249.74,4124.62,4349.23,4617.44,4069.23,4605.13,4193.85,4218.97,4193.85,4257.95,4595.38,4334.36,0
4278.97,3999.49,4250.26,4115.38,4345.13,4619.49,4064.1,4608.21,4197.95,4220,4195.9,4260.51,4593.85,4338.46,0
4276.92,3990.77,4247.69,4106.15,4342.05,4617.95,4062.05,4610.77,4197.44,4225.64,4200.51,4261.54,4597.95,4338.46,0
4283.59,3996.92,4252.82,4110.77,4343.59,4617.95,4067.69,4613.85,4201.03,4236.41,4208.21,4268.72,4609.23,4343.59,0
4286.67,4003.08,4261.54,4113.85,4340.51,4618.46,4069.23,4616.92,4206.15,4236.41,4209.74,4272.31,4608.72,4345.13,0
4282.05,3995.38,4261.54,4109.74,4337.95,4616.92,4063.59,4613.85,4197.44,4226.67,4203.08,4265.64,4599.49,4338.97,0
4280.51,3989.74,4260,4108.21,4342.05,4616.41,4063.59,4608.72,4187.69,4220.51,4200.51,4265.13,4596.92,4335.9,0
4282.05,3992.31,4263.08,4111.28,4342.56,4619.49,4068.72,4608.21,4189.23,4219.49,4206.67,4271.28,4604.1,4343.08,0
4283.08,3996.41,4264.1,4115.9,4339.49,4616.41,4068.72,4610.77,4191.79,4224.1,4208.21,4276.92,4610.26,4348.72,0
4282.56,3998.46,4262.56,4117.44,4341.03,4613.33,4069.23,4612.31,4192.31,4225.13,4199.49,4274.87,4604.1,4343.59,0
4281.54,3995.9,4262.05,4114.36,4343.59,4617.95,4072.31,4610.77,4189.74,4214.36,4193.85,4269.23,4592.82,4341.54,0
4279.49,3989.74,4261.54,4109.23,4338.46,4618.97,4074.36,4608.72,4184.1,4207.18,4193.85,4266.67,4589.74,4344.1,0
4278.46,3988.72,4263.59,4109.23,4332.82,4614.36,4072.82,4606.67,4183.59,4211.79,4194.87,4268.72,4593.33,4344.62,0
4286.67,3993.85,4267.18,4114.36,4335.9,4615.38,4069.74,4606.15,4190.77,4222.56,4200.51,4272.31,4594.36,4347.18,0
4293.85,3996.92,4266.15,4114.36,4341.03,4621.03,4069.23,4612.31,4197.44,4229.23,4207.18,4276.92,4596.92,4349.74,0
4288.21,3999.49,4262.56,4110.77,4343.59,4619.49,4064.62,4613.33,4196.41,4226.67,4208.21,4278.97,4604.1,4347.69,0
4285.64,4002.56,4263.59,4116.92,4346.15,4615.9,4060.51,4606.15,4189.23,4223.08,4206.15,4277.44,4603.59,4341.03,0
4287.18,4002.05,4265.13,4120.51,4346.15,4617.44,4066.15,4603.59,4187.18,4225.64,4206.15,4272.82,4596.41,4338.97,0
4280.51,3995.9,4258.46,4111.79,4344.62,4620.51,4068.72,4606.67,4190.77,4226.15,4203.59,4264.1,4594.36,4342.05,0
4277.95,3997.44,4255.38,4109.23,4344.62,4619.49,4061.03,4606.15,4189.74,4222.56,4198.97,4260,4600,4344.1,0
4285.64,4006.15,4261.03,4115.9,4345.64,4616.41,4060,4606.15,4188.21,4222.05,4198.46,4265.13,4603.59,4344.62,0
4288.21,4005.64,4262.56,4117.44,4345.64,4622.05,4067.69,4609.23,4194.87,4222.56,4205.13,4269.23,4605.13,4350.77,0
4290.77,4006.67,4265.13,4120.51,4347.18,4625.13,4070.77,4616.41,4206.67,4228.72,4211.28,4274.87,4610.26,4360.51,0
4300,4015.9,4273.33,4125.64,4350.26,4621.54,4071.79,4622.05,4205.64,4236.41,4211.79,4282.56,4615.38,4362.56,0
4297.95,4015.9,4274.87,4124.1,4351.28,4621.54,4072.31,4614.36,4195.9,4232.31,4209.74,4280,4611.79,4358.46,0
4287.18,4009.23,4267.69,4123.08,4352.31,4625.64,4070.77,4609.74,4198.97,4226.67,4206.67,4272.31,4605.13,4352.82,0
4284.62,4008.72,4265.13,4125.13,4355.9,4629.74,4074.36,4614.36,4202.56,4228.72,4205.13,4274.87,4605.13,4352.82,0
4283.08,4008.21,4265.64,4124.1,4355.38,4628.72,4075.38,4613.85,4196.92,4229.23,4206.15,4276.92,4603.08,4352.82,0
4281.03,4003.59,4265.64,4122.56,4351.28,4629.23,4071.79,4615.38,4202.05,4228.72,4206.15,4273.33,4597.44,4347.18,0
4283.08,4001.54,4266.67,4121.54,4350.26,4631.28,4077.95,4621.54,4211.79,4230.26,4207.18,4273.33,4597.95,4343.59,0
4284.1,4002.05,4265.13,4121.54,4349.23,4628.21,4082.56,4615.9,4201.54,4229.74,4207.69,4273.85,4603.08,4347.69,0
4285.64,4002.05,4261.54,4122.56,4344.62,4619.49,4071.28,4603.08,4186.67,4225.13,4208.21,4270.77,4607.18,4350.26,0
4290.26,4003.08,4260,4122.05,4344.1,4614.87,4061.54,4604.1,4197.44,4227.69,4209.74,4267.69,4610.77,4352.31,0
4288.72,4006.67,4262.05,4120.51,4347.69,4620,4064.62,4610.77,4209.74,4235.9,4211.28,4268.72,4613.33,4355.38,0
4286.67,4005.64,4262.56,4120.51,4347.69,4625.64,4066.15,4612.31,4201.03,4235.9,4208.72,4270.77,4609.74,4348.21,0
4287.18,4003.59,4260.51,4124.1,4346.67,4625.13,4063.08,4614.36,4197.44,4228.72,4206.15,4273.33,4607.18,4341.54,0
4284.1,4006.67,4262.56,4126.67,4344.62,4618.46,4059.49,4612.31,4202.56,4228.21,4205.64,4269.74,4608.21,4347.69,0
4277.95,4003.08,4261.54,4123.08,4341.54,4618.97,4058.97,4608.21,4199.49,4228.72,4200,4261.54,4603.59,4348.72,0
4274.36,3994.36,4253.33,4119.49,4341.03,4625.64,4066.15,4612.82,4201.03,4222.56,4190.26,4261.54,4592.31,4342.05,0
4275.38,3998.97,4253.33,4122.05,4343.59,4623.08,4068.21,4613.33,4202.56,4221.54,4190.26,4268.21,4594.36,4344.1,0
4281.03,4006.15,4260,4124.62,4343.59,4616.41,4063.08,4606.67,4194.36,4224.62,4201.54,4269.74,4606.15,4349.74,0
4282.05,4000,4260.51,4123.08,4342.05,4618.97,4066.15,4610.77,4200,4227.18,4205.13,4270.26,4605.64,4348.72,0
4277.44,3998.46,4260,4123.59,4347.18,4625.13,4071.28,4621.03,4214.36,4232.82,4201.54,4274.36,4601.54,4347.18,0
4281.03,4005.13,4263.08,4123.59,4348.72,4622.05,4066.15,4618.46,4208.21,4233.33,4200.51,4273.33,4604.62,4346.15,0
4280,4002.05,4261.54,4119.49,4338.97,4618.97,4063.59,4614.36,4196.41,4227.69,4196.41,4268.21,4597.44,4337.95,0
4273.33,3993.33,4258.97,4119.49,4334.87,4622.05,4070.26,4616.92,4199.49,4223.59,4191.28,4268.72,4587.18,4334.87,0
4277.44,3990.26,4263.08,4120,4342.05,4626.67,4073.33,4617.44,4202.56,4223.08,4190.26,4273.33,4588.21,4342.05,0
4279.49,3986.67,4263.59,4112.82,4340,4629.23,4073.33,4614.36,4198.97,4218.97,4189.23,4275.9,4583.59,4342.56,0
4275.9,3985.64,4260.51,4110.77,4332.31,4623.59,4072.82,4613.85,4201.03,4218.97,4187.69,4278.46,4581.03,4343.08,0
4284.62,3993.85,4268.72,4118.97,4336.92,4617.95,4069.23,4613.85,4201.54,4223.08,4193.33,4280,4593.33,4350.77,0
4294.36,3999.49,4277.44,4124.62,4344.62,4620,4066.15,4611.79,4198.97,4225.64,4197.44,4276.92,4604.62,4352.82,0
4287.18,3997.44,4271.79,4125.13,4343.59,4622.05,4063.08,4611.28,4202.05,4224.62,4196.41,4272.82,4604.1,4348.21,0
4283.59,3996.41,4262.56,4122.05,4342.05,4616.41,4060,4607.18,4198.46,4217.95,4192.82,4268.21,4598.97,4346.67,0
4288.72,4001.03,4261.03,4124.62,4344.1,4615.38,4061.03,4599.49,4184.1,4212.82,4188.72,4268.21,4596.92,4346.15,0
4292.31,4008.21,4266.15,4135.9,4346.15,4617.95,4062.05,4594.87,4186.67,4214.87,4194.36,4270.26,4603.59,4352.31,0
4300.51,4016.92,4273.33,4142.56,4346.15,4614.36,4058.46,4597.95,4196.41,4220.51,4204.62,4277.95,4613.33,4365.64,0
4307.18,4020,4275.9,4136.41,4341.03,4614.87,4059.49,4604.1,4191.28,4222.56,4205.13,4282.05,4609.74,4364.1,0
4308.72,4020.51,4274.36,4134.36,4338.46,4620.51,4066.15,4606.15,4193.33,4218.46,4196.41,4276.92,4604.1,4361.54,0
4316.92,4024.1,4275.9,4138.97,4342.05,4619.49,4067.18,4604.62,4200,4213.85,4194.36,4277.44,4607.18,4373.85,0
4328.72,4023.08,4278.97,4138.46,4343.59,4617.95,4067.69,4602.05,4188.72,4212.31,4194.87,4281.54,4608.21,4381.03,0
4341.54,4028.21,4283.59,4142.05,4340,4622.05,4069.74,4601.03,4183.08,4209.23,4192.82,4278.97,4609.74,4389.23,0
4364.1,4048.21,4293.33,4151.28,4340.51,4622.05,4062.05,4601.03,4191.28,4206.67,4198.97,4281.03,4618.46,4408.21,0
4378.46,4063.59,4297.44,4162.05,4346.67,4615.9,4052.82,4596.92,4186.67,4210.26,4204.62,4289.23,4622.05,4417.95,0
4381.54,4069.74,4294.87,4168.21,4348.21,4614.87,4054.87,4592.82,4179.49,4208.72,4202.05,4292.82,4617.95,4415.38,0
4392.82,4079.49,4299.49,4173.85,4343.59,4620,4063.59,4595.9,4186.15,4204.62,4199.49,4292.31,4616.92,4423.08,0
4410.26,4088.21,4309.23,4178.46,4341.54,4621.54,4066.15,4599.49,4186.67,4208.21,4205.13,4297.44,4624.1,4436.41,0
4413.85,4090.77,4307.69,4174.87,4344.1,4618.46,4063.08,4595.38,4178.97,4210.26,4208.72,4298.46,4627.69,4437.44,0
4409.74,4097.44,4298.97,4175.9,4345.64,4618.46,4062.56,4594.36,4183.59,4204.1,4206.15,4291.28,4624.1,4434.36,0
4412.82,4100.51,4294.87,4180.51,4344.62,4622.05,4068.21,4602.56,4196.41,4207.18,4209.74,4289.23,4627.69,4440.51,0
4418.46,4099.49,4297.44,4176.41,4343.59,4621.03,4067.69,4603.59,4193.33,4216.41,4218.46,4292.82,4644.1,4451.79,0
4421.03,4100,4297.44,4169.74,4344.1,4615.9,4059.49,4594.87,4184.62,4214.87,4222.05,4293.85,4652.31,4453.85,0
4422.05,4095.38,4295.38,4170.77,4345.64,4616.41,4055.9,4593.33,4188.72,4215.9,4220,4292.82,4650.26,4458.46,0
4425.64,4095.38,4299.49,4172.82,4346.15,4616.41,4052.82,4597.95,4188.21,4217.95,4223.08,4296.92,4656.92,4470.26,0
4431.28,4105.13,4304.62,4171.79,4349.23,4614.87,4050.26,4597.44,4182.56,4214.36,4230.26,4308.21,4664.62,4476.41,0
4431.28,4105.13,4303.08,4173.33,4350.26,4616.41,4054.87,4594.87,4184.62,4216.41,4228.72,4311.28,4661.54,4471.28,0
4424.1,4092.82,4291.79,4165.64,4339.49,4615.38,4060.51,4596.92,4186.15,4216.41,4216.92,4298.46,4654.36,4461.03,0
4423.59,4090.26,4283.59,4154.87,4331.28,4613.33,4062.05,4598.97,4183.59,4208.21,4212.31,4290.26,4653.85,4464.1,0
4428.72,4094.87,4285.64,4153.33,4340.51,4616.41,4062.05,4597.95,4185.64,4208.21,4217.44,4297.44,4654.87,4471.28,0
4424.1,4093.33,4290.77,4153.33,4344.1,4617.44,4063.08,4600.51,4189.23,4209.74,4209.74,4298.97,4644.1,4467.18,0
4423.08,4091.79,4292.82,4151.79,4336.41,4613.33,4063.08,4601.03,4192.31,4208.72,4204.1,4294.87,4638.46,4465.64,0
4434.36,4092.31,4294.87,4151.79,4338.46,4612.31,4063.59,4596.92,4193.33,4214.87,4217.44,4301.54,4653.33,4478.46,0
4443.59,4100.51,4301.03,4156.92,4346.15,4613.85,4064.62,4591.79,4185.13,4219.49,4227.18,4310.26,4670.26,4491.28,0
4445.13,4110.26,4302.56,4164.62,4345.13,4615.38,4061.54,4596.41,4193.85,4222.56,4224.1,4311.79,4670.26,4487.69,0
4442.05,4106.15,4297.44,4163.59,4343.08,4614.36,4055.9,4610.77,4212.82,4231.28,4227.18,4311.28,4667.69,4481.03,0
4435.38,4095.38,4294.87,4155.38,4339.49,4609.23,4056.41,4607.69,4198.46,4230.26,4233.33,4313.33,4671.79,4483.59,0
4433.33,4089.74,4300.51,4151.28,4334.36,4609.23,4059.49,4587.69,4172.82,4217.44,4229.23,4313.85,4670.26,4485.64,0
4434.87,4091.28,4304.1,4155.9,4336.41,4609.23,4056.92,4577.95,4169.74,4209.23,4215.9,4306.67,4658.97,4473.85,0
4431.79,4092.31,4300.51,4156.92,4340.51,4608.72,4056.41,4579.49,4171.28,4205.13,4207.69,4297.95,4650.77,4465.13,0
4431.28,4089.74,4301.54,4154.87,4338.97,4609.74,4062.05,4580.51,4173.33,4206.15,4214.36,4301.03,4657.44,4474.36,0
4434.87,4085.64,4305.64,4154.36,4340.51,4608.21,4062.05,4586.67,4186.67,4216.41,4225.13,4311.79,4671.28,4485.13,0
4433.85,4086.15,4306.67,4155.38,4343.08,4607.69,4056.92,4592.31,4190.77,4224.62,4223.08,4314.36,4673.33,4483.59,0
4430.26,4089.74,4304.1,4156.41,4337.95,4608.72,4056.92,4595.38,4187.18,4224.62,4218.97,4308.72,4666.67,4475.9,0
4422.05,4087.69,4299.49,4153.33,4335.9,4607.18,4055.38,4602.56,4194.36,4223.08,4221.54,4304.62,4663.08,4467.18,0
4406.67,4080.51,4294.36,4151.28,4343.08,4607.18,4053.33,4604.62,4200,4226.67,4218.97,4303.08,4661.03,4455.9,0
4396.92,4073.85,4295.38,4151.28,4344.62,4613.33,4059.49,4594.87,4191.28,4228.21,4209.74,4302.05,4653.85,4442.05,0
4396.92,4071.79,4296.92,4153.33,4342.56,4615.38,4060.51,4584.62,4181.54,4219.49,4203.59,4300,4643.08,4434.36,0
4390.26,4069.23,4294.36,4151.79,4343.08,4608.21,4049.74,4578.97,4175.9,4212.31,4198.97,4296.41,4632.31,4427.18,0
4376.41,4058.46,4291.79,4146.67,4342.05,4602.05,4046.15,4574.36,4171.79,4215.9,4194.87,4292.82,4626.67,4416.41,0
4369.74,4051.28,4292.31,4143.08,4340,4604.62,4055.38,4576.41,4176.41,4217.95,4193.33,4292.31,4627.18,4410.77,0
4368.21,4049.23,4294.36,4140,4341.54,4612.82,4062.56,4586.15,4186.67,4209.23,4193.33,4292.31,4625.13,4408.21,1
4363.59,4046.15,4288.72,4138.97,4342.56,4615.9,4060.51,4595.38,4190.26,4208.21,4191.28,4293.85,4618.97,4401.03,1
4351.79,4039.49,4279.49,4135.38,4335.9,4611.28,4055.9,4596.41,4190.77,4220,4192.82,4293.85,4612.82,4394.36,1
4342.56,4032.82,4278.46,4132.31,4329.23,4604.62,4053.85,4591.79,4190.26,4225.64,4192.82,4289.74,4609.23,4392.31,1
4346.67,4032.31,4285.13,4134.87,4335.38,4604.1,4051.79,4586.15,4185.13,4217.95,4187.18,4285.64,4606.15,4386.67,1
4345.64,4031.28,4286.15,4132.82,4341.54,4611.79,4051.28,4581.03,4177.44,4209.74,4179.49,4281.54,4598.97,4375.9,1
4333.33,4026.15,4281.03,4126.15,4337.95,4614.36,4051.79,4579.49,4179.49,4209.74,4177.44,4277.95,4598.97,4372.31,1
4332.31,4025.64,4280,4130.77,4339.49,4612.31,4056.92,4581.54,4187.69,4216.92,4183.59,4280,4605.13,4376.41,1
4338.97,4029.74,4282.56,4137.95,4349.23,4614.36,4064.1,4590.77,4190.77,4223.59,4190.26,4285.64,4608.21,4376.92,1
4330.26,4025.13,4282.56,4129.23,4344.62,4618.46,4064.62,4602.05,4193.85,4220.51,4188.21,4285.64,4606.15,4369.74,1
4315.38,4013.85,4277.95,4118.97,4333.33,4614.87,4057.44,4601.54,4193.85,4215.38,4180.51,4278.46,4597.95,4358.97,1
4311.28,4006.67,4271.28,4121.03,4337.95,4607.18,4053.33,4593.33,4189.74,4218.46,4176.92,4275.38,4591.79,4352.31,1
4309.23,4006.67,4268.21,4122.56,4341.54,4608.21,4057.95,4597.44,4190.26,4221.54,4177.44,4276.41,4593.33,4353.85,1
4304.62,4006.67,4266.15,4114.87,4337.95,4617.44,4064.62,4609.23,4198.97,4221.03,4174.87,4274.36,4595.38,4354.87,1
4301.54,4004.62,4263.59,4108.72,4338.46,4621.03,4070.26,4609.74,4204.62,4223.59,4174.87,4273.33,4594.36,4354.36,1
4301.54,4001.54,4264.1,4112.31,4340,4618.46,4071.28,4603.08,4196.92,4222.05,4177.95,4275.9,4594.36,4353.33,1
4298.46,3997.95,4266.15,4114.36,4334.87,4611.79,4066.67,4597.95,4186.67,4214.36,4175.9,4272.82,4592.31,4345.13,1
4291.28,3992.82,4263.59,4107.18,4334.36,4607.18,4062.56,4595.9,4183.08,4211.28,4168.72,4267.69,4584.1,4336.92,1
4291.79,3993.33,4263.08,4105.64,4340.51,4609.74,4062.56,4593.85,4184.62,4214.87,4169.23,4272.31,4585.13,4347.18,1
4298.46,3999.49,4267.69,4115.9,4342.56,4614.36,4064.1,4594.36,4182.05,4217.44,4178.46,4278.97,4595.9,4355.38,1
4294.36,4000.51,4266.67,4120,4340.51,4614.36,4066.67,4591.28,4171.79,4213.33,4176.92,4271.79,4592.82,4341.03,1
4285.13,3994.36,4258.97,4111.28,4337.95,4614.87,4069.74,4587.69,4172.31,4207.69,4165.13,4263.59,4579.49,4330.77,1
4278.46,3988.21,4256.41,4106.15,4339.49,4619.49,4070.26,4600,4189.74,4210.26,4162.56,4263.08,4577.95,4333.33,1
4271.79,3985.13,4255.38,4106.67,4342.56,4620,4068.21,4613.85,4202.56,4216.92,4164.1,4261.03,4582.05,4330.26,1
4270.26,3985.64,4255.38,4106.15,4341.54,4616.41,4064.62,4613.33,4201.03,4219.49,4165.13,4262.05,4583.08,4330.26,1
4278.97,3990.77,4261.03,4111.79,4340,4613.33,4062.56,4609.74,4197.95,4223.08,4171.79,4269.74,4588.21,4338.46,1
4281.54,3994.36,4261.03,4118.46,4342.56,4616.41,4060.51,4609.23,4196.41,4224.1,4176.41,4271.79,4592.31,4337.44,1
4274.87,3993.33,4253.33,4114.87,4343.59,4617.44,4058.46,4604.62,4190.26,4222.05,4174.87,4265.64,4590.77,4334.36,1
4275.38,3995.9,4255.9,4115.9,4342.56,4615.38,4062.56,4600,4187.18,4223.59,4176.92,4267.69,4592.82,4338.97,1
4277.95,3996.92,4264.62,4122.56,4346.15,4620,4066.67,4596.41,4184.62,4225.64,4177.95,4270.77,4594.36,4338.97,1
4276.41,3992.82,4262.05,4122.56,4348.72,4625.13,4067.69,4592.82,4178.97,4222.56,4173.33,4265.64,4590.26,4334.36,1
4278.97,3991.28,4261.03,4120,4347.18,4623.08,4071.79,4594.87,4183.59,4218.97,4173.33,4262.56,4590.77,4338.97,1
4281.03,3995.38,4265.13,4120.51,4349.74,4617.95,4067.18,4599.49,4193.33,4221.03,4179.49,4270.26,4597.95,4347.18,1
4282.05,3998.97,4266.15,4124.1,4353.85,4617.95,4055.9,4603.59,4192.31,4227.69,4183.08,4277.95,4603.08,4350.26,1
4283.59,3998.97,4266.15,4124.62,4350.26,4620,4056.41,4609.23,4188.72,4226.67,4177.95,4274.87,4598.97,4344.1,1
4275.38,3986.67,4264.1,4112.31,4340.51,4621.03,4065.64,4613.33,4190.77,4214.87,4167.18,4265.13,4586.15,4327.69,1
4261.54,3971.28,4261.03,4101.03,4334.36,4620.51,4068.72,4618.46,4196.92,4213.33,4164.62,4262.05,4576.41,4318.46,1
4263.08,3972.31,4262.56,4106.67,4333.85,4617.95,4067.18,4620,4197.95,4218.97,4166.15,4266.67,4576.92,4328.21,1
4269.23,3978.97,4263.59,4113.33,4337.95,4615.38,4067.69,4612.31,4194.36,4214.87,4166.15,4268.21,4581.03,4332.31,1
4265.64,3978.46,4263.08,4108.72,4341.03,4618.46,4070.26,4608.21,4193.85,4215.38,4169.23,4265.64,4583.59,4326.67,1
4267.18,3983.08,4262.56,4111.28,4341.54,4623.08,4069.74,4612.82,4197.44,4224.62,4174.36,4267.69,4586.67,4330.26,1
4271.79,3988.21,4262.05,4123.08,4345.13,4626.15,4068.21,4612.31,4202.05,4226.15,4175.38,4270.77,4591.28,4336.41,1
4267.69,3981.03,4260.51,4124.1,4346.67,4628.72,4070.26,4606.15,4203.08,4223.08,4171.79,4266.67,4591.28,4330.77,1
4259.49,3970.26,4256.41,4111.28,4338.97,4627.18,4071.28,4603.59,4197.95,4221.03,4166.15,4261.03,4583.08,4324.1,1
4253.85,3964.62,4251.79,4101.54,4333.33,4621.03,4067.18,4600,4189.74,4212.31,4160.51,4262.05,4574.87,4324.1,1
4253.85,3963.59,4249.23,4102.56,4330.26,4615.9,4063.08,4599.49,4189.74,4206.67,4158.97,4261.03,4572.82,4320.51,1
4254.36,3969.23,4246.15,4106.15,4327.69,4612.82,4059.49,4606.15,4195.9,4209.74,4161.54,4255.9,4573.85,4316.92,1
4255.38,3971.28,4246.15,4107.18,4331.28,4611.79,4053.85,4609.23,4197.95,4213.33,4166.67,4255.38,4576.92,4321.03,1
4258.97,3968.21,4252.82,4107.69,4337.44,4617.95,4057.44,4612.31,4198.97,4215.9,4171.28,4263.08,4581.54,4326.67,1
4262.05,3971.28,4255.38,4110.26,4334.87,4621.54,4061.54,4616.41,4195.9,4213.33,4166.15,4267.69,4581.03,4325.64,1
4259.49,3973.85,4249.74,4111.28,4333.85,4618.46,4059.49,4609.74,4184.62,4203.59,4157.95,4262.05,4574.87,4319.49,1
4257.95,3968.21,4248.21,4107.69,4339.49,4616.92,4061.54,4603.59,4181.03,4198.97,4158.97,4256.92,4572.31,4317.44,1
4261.54,3965.13,4256.41,4109.74,4340,4617.95,4063.59,4610.77,4190.77,4206.15,4163.08,4260.51,4575.38,4320.51,0
4262.05,3968.21,4263.08,4117.95,4337.95,4618.46,4056.41,4613.85,4194.36,4209.74,4162.56,4266.67,4578.97,4324.1,0
4261.54,3973.33,4265.13,4122.05,4343.59,4621.03,4055.9,4609.23,4194.36,4214.36,4165.64,4266.67,4583.59,4328.72,0
4268.21,3976.92,4268.21,4122.05,4348.72,4624.1,4065.64,4609.74,4199.49,4224.1,4174.87,4267.18,4586.67,4333.33,0
4274.36,3975.38,4270.77,4122.05,4343.59,4623.08,4067.18,4612.31,4198.97,4223.59,4180.51,4273.85,4589.74,4335.38,0
4270.77,3971.28,4268.72,4121.03,4338.97,4620.51,4061.54,4606.15,4192.31,4214.87,4177.44,4278.97,4589.23,4334.87,0
4269.23,3972.82,4265.64,4121.03,4342.56,4618.97,4056.92,4596.41,4186.67,4212.31,4170.26,4277.44,4582.56,4334.87,0
4274.87,3977.44,4266.67,4124.62,4344.1,4616.41,4054.87,4595.38,4185.13,4213.33,4171.79,4273.33,4583.08,4336.92,0
4272.31,3977.95,4266.15,4125.13,4341.03,4620,4059.49,4609.74,4195.9,4212.31,4174.36,4273.33,4588.21,4331.79,0
4261.54,3968.21,4263.08,4118.46,4338.97,4627.69,4064.1,4625.64,4203.59,4213.85,4166.15,4269.74,4583.59,4323.08,0
4255.9,3961.03,4258.97,4114.36,4337.95,4625.13,4059.49,4620,4192.82,4211.28,4162.56,4265.13,4576.41,4320,0
4256.92,3967.18,4257.95,4117.95,4338.46,4617.44,4053.85,4608.72,4192.31,4207.18,4170.77,4268.21,4580.51,4318.97,0
4257.95,3969.23,4256.41,4116.41,4342.05,4623.08,4056.41,4611.28,4198.97,4210.26,4173.33,4270.26,4583.59,4317.44,0
4257.44,3961.54,4252.31,4109.23,4342.56,4629.74,4062.56,4614.87,4195.38,4214.87,4171.28,4270.77,4583.08,4320,0
4258.97,3964.1,4254.36,4107.69,4338.46,4622.05,4065.64,4617.95,4205.13,4221.03,4177.95,4271.28,4590.26,4327.69,0
4265.64,3975.9,4263.59,4111.79,4340,4616.92,4063.08,4623.59,4217.95,4226.15,4183.59,4271.28,4594.87,4333.33,0
4267.69,3975.9,4264.1,4112.82,4345.13,4621.03,4056.92,4617.95,4201.54,4225.13,4181.54,4268.72,4594.36,4333.85,0
4263.08,3971.28,4253.85,4109.23,4346.15,4624.1,4058.97,4609.23,4191.79,4223.08,4179.49,4267.69,4593.85,4330.77,0
4263.59,3975.9,4248.21,4106.67,4348.21,4627.18,4068.72,4617.44,4207.18,4226.15,4182.56,4272.31,4596.92,4331.79,0
4269.23,3979.49,4250.26,4107.69,4350.26,4632.31,4073.33,4626.67,4215.38,4229.23,4188.21,4274.87,4596.92,4332.31,0
4269.23,3975.38,4250.77,4105.64,4349.74,4632.82,4072.31,4625.64,4216.41,4232.82,4189.74,4271.79,4592.82,4326.15,0
4268.21,3976.92,4251.28,4102.05,4347.69,4629.23,4074.87,4627.69,4218.46,4231.79,4190.26,4269.74,4591.79,4326.15,0
4272.31,3981.54,4253.33,4103.08,4344.62,4628.21,4074.87,4627.69,4215.38,4229.74,4192.82,4276.41,4595.38,4336.92,0
4277.44,3981.03,4253.33,4105.13,4344.62,4627.18,4069.23,4621.54,4210.26,4233.33,4192.82,4282.05,4598.46,4343.59,0
4275.9,3978.97,4250.26,4102.56,4346.67,4626.15,4068.72,4620,4209.74,4232.82,4188.72,4276.41,4594.87,4335.9,0
4269.74,3975.38,4249.74,4098.46,4341.03,4623.08,4070.77,4622.56,4216.41,4231.79,4187.69,4270.26,4590.77,4328.21,0
4267.69,3971.79,4252.31,4099.49,4335.9,4617.44,4067.18,4619.49,4222.05,4233.85,4186.15,4272.82,4589.23,4333.85,0
4269.74,3977.44,4251.79,4102.56,4342.56,4614.36,4065.13,4615.38,4211.28,4231.28,4185.13,4276.41,4588.72,4337.44,0
4268.21,3981.54,4246.15,4097.95,4345.64,4616.92,4064.62,4616.41,4202.05,4228.21,4186.67,4269.74,4589.23,4326.67,0
4261.03,3971.79,4242.56,4091.28,4340.51,4621.03,4064.62,4621.03,4209.23,4230.77,4185.64,4262.05,4588.72,4323.08,0
4263.59,3969.74,4246.67,4093.85,4341.54,4623.59,4067.69,4623.59,4209.23,4225.64,4183.08,4265.64,4589.74,4334.36,0
4268.72,3976.41,4250.77,4098.97,4345.64,4626.15,4069.74,4618.97,4206.15,4217.95,4182.56,4267.69,4589.74,4334.87,0
4264.1,3974.87,4245.13,4096.92,4341.03,4622.56,4066.67,4614.87,4210.26,4220.51,4178.46,4258.46,4586.67,4323.59,0
4257.95,3971.28,4235.9,4092.82,4335.38,4617.95,4062.05,4618.46,4206.15,4221.54,4176.41,4252.31,4584.1,4321.03,0
4259.49,3970.77,4237.95,4089.23,4338.97,4618.46,4064.1,4620.51,4205.64,4221.03,4184.62,4254.87,4586.67,4326.15,0
4265.13,3972.31,4249.23,4092.31,4341.54,4620,4068.72,4622.56,4216.41,4228.21,4192.82,4264.1,4593.85,4333.85,0
4268.72,3976.41,4253.33,4102.05,4339.49,4618.97,4066.15,4624.62,4209.74,4226.67,4189.74,4269.74,4592.82,4336.41,0
4270.26,3980,4248.72,4105.13,4340,4615.9,4058.97,4616.41,4193.33,4214.87,4186.67,4268.72,4585.64,4332.31,0
4269.74,3978.46,4249.23,4101.03,4342.05,4615.38,4057.95,4609.23,4198.97,4212.82,4189.23,4266.15,4586.67,4334.87,0
4269.74,3975.9,4250.77,4098.97,4335.9,4617.44,4060.51,4615.9,4206.67,4221.03,4188.72,4269.23,4592.31,4341.54,0
4269.23,3970.77,4247.18,4095.38,4330.77,4618.97,4057.44,4618.97,4198.46,4219.49,4181.03,4270.26,4587.69,4335.38,0
4264.62,3966.67,4248.21,4091.28,4336.92,4616.41,4051.28,4608.72,4189.74,4211.28,4177.44,4264.62,4579.49,4324.1,0
4260.51,3970.77,4253.85,4099.49,4337.95,4615.9,4050.77,4603.08,4183.08,4206.67,4176.41,4260.51,4576.41,4322.56,0
4261.54,3972.31,4252.31,4105.13,4331.79,4618.97,4056.41,4607.18,4183.59,4201.03,4171.79,4262.56,4575.38,4329.23,0
4270.26,3976.41,4249.23,4100,4336.92,4619.49,4058.46,4614.87,4200.51,4209.23,4178.46,4268.21,4583.59,4339.49,0
4275.38,3983.59,4254.87,4103.59,4343.59,4615.38,4055.9,4618.46,4207.18,4226.67,4192.82,4271.79,4596.92,4342.05,0
4274.36,3985.13,4256.41,4109.74,4338.46,4609.74,4056.41,4615.38,4196.92,4225.64,4191.28,4265.64,4595.38,4337.44,0
4274.87,3983.59,4250.77,4106.67,4333.33,4609.74,4058.97,4615.38,4194.36,4215.9,4183.59,4260,4589.23,4334.36,0
4273.85,3980.51,4249.23,4103.08,4333.33,4615.9,4061.03,4616.92,4198.97,4221.03,4184.1,4263.08,4588.21,4332.82,0
4264.62,3976.92,4248.72,4101.54,4334.36,4617.95,4061.03,4615.38,4196.41,4222.56,4183.08,4262.05,4583.08,4325.13,0
4260.51,3975.38,4244.1,4094.36,4335.9,4614.87,4060.51,4616.92,4194.87,4213.85,4180.51,4257.44,4581.03,4322.56,0
4267.18,3983.08,4245.13,4095.38,4336.41,4616.92,4060,4620,4202.05,4218.46,4187.18,4260.51,4589.23,4333.33,0
4269.23,3985.64,4249.23,4102.56,4334.36,4619.49,4057.44,4616.41,4200.51,4221.54,4191.79,4264.62,4590.77,4334.36,0
4260,3978.46,4249.23,4100,4332.31,4610.26,4053.85,4605.13,4184.1,4204.62,4184.62,4260,4580.51,4321.54,0
4256.92,3972.31,4246.67,4095.9,4328.72,4602.05,4052.82,4596.92,4180,4199.49,4175.38,4255.38,4575.9,4321.54,0
4264.1,3971.28,4248.21,4096.41,4328.21,4608.72,4054.87,4602.05,4190.77,4208.21,4176.41,4260,4577.95,4333.33,0
4268.72,3973.85,4253.33,4096.92,4332.31,4615.38,4059.49,4611.79,4194.36,4206.67,4182.05,4264.62,4579.49,4334.87,0
4271.28,3978.97,4255.38,4102.56,4336.41,4613.85,4064.62,4611.28,4188.21,4206.15,4183.08,4263.59,4584.62,4331.79,0
4270.26,3982.56,4253.33,4103.08,4337.44,4614.36,4062.56,4604.62,4187.69,4213.33,4182.05,4260.51,4585.64,4330.77,0
4261.54,3975.9,4247.18,4093.85,4337.44,4613.33,4055.9,4606.67,4192.31,4214.36,4178.46,4258.46,4577.95,4321.54,0
4257.44,3970.26,4245.64,4093.85,4336.92,4609.23,4060,4611.79,4197.95,4215.9,4177.44,4258.97,4577.44,4321.54,0
4268.21,3976.92,4254.36,4105.64,4335.38,4608.21,4062.05,4612.82,4204.62,4224.1,4187.18,4264.1,4589.23,4333.33,0
4275.38,3983.59,4260.51,4108.21,4333.33,4612.82,4060,4615.38,4202.56,4226.15,4193.33,4269.74,4593.33,4336.41,0
4268.72,3976.92,4261.03,4100,4333.33,4615.9,4063.08,4621.03,4199.49,4226.15,4190.77,4270.77,4590.26,4331.79,0
4264.1,3967.18,4260,4093.85,4331.79,4608.72,4064.62,4619.49,4200.51,4224.62,4188.21,4269.74,4589.74,4332.31,0
4266.67,3974.87,4255.38,4098.97,4328.72,4603.08,4058.97,4614.36,4200.51,4216.41,4184.62,4265.64,4583.59,4331.28,0
4268.72,3991.79,4249.74,4109.74,4333.33,4609.23,4058.46,4611.28,4195.9,4213.33,4178.97,4260.51,4576.41,4323.08,0
4262.05,3991.28,4247.18,4108.21,4335.9,4614.36,4059.49,4604.62,4186.15,4213.85,4171.79,4255.38,4570.77,4315.38,0
4256.41,3985.13,4245.13,4103.59,4332.31,4608.21,4052.82,4598.97,4180.51,4209.23,4165.13,4249.23,4566.15,4317.44,0
4260.51,3990.26,4243.59,4107.18,4334.36,4604.1,4048.72,4599.49,4184.62,4207.69,4168.21,4253.33,4570.26,4324.1,0
4262.05,3992.31,4246.15,4110.77,4334.36,4602.56,4049.74,4603.59,4192.31,4209.23,4175.9,4260,4574.87,4324.62,0
4261.03,3986.67,4249.74,4107.18,4328.72,4600.51,4052.31,4608.21,4193.85,4210.26,4172.31,4255.9,4570.77,4322.05,0
4261.54,3985.13,4251.79,4103.08,4331.28,4609.23,4055.9,4608.72,4192.82,4210.26,4170.26,4253.85,4569.74,4323.08,0
4265.13,3989.74,4251.79,4105.64,4338.97,4615.9,4057.44,4605.13,4191.79,4213.33,4178.97,4262.56,4577.44,4324.1,0
4266.67,3993.33,4249.23,4113.85,4338.46,4610.26,4054.87,4605.64,4193.85,4218.97,4180.51,4261.03,4577.95,4322.56,0
4263.08,3990.26,4246.15,4113.33,4335.38,4609.74,4055.38,4611.28,4196.41,4216.92,4173.33,4253.33,4569.74,4321.54,0
4261.54,3985.64,4247.18,4106.67,4334.87,4615.38,4059.49,4616.41,4199.49,4214.36,4171.28,4258.46,4567.69,4322.56,0
4267.18,3986.67,4254.87,4111.79,4334.36,4615.9,4058.97,4621.54,4204.1,4214.87,4176.41,4267.69,4576.41,4326.67,0
4272.31,3989.23,4262.56,4117.44,4335.9,4612.82,4059.49,4620,4196.92,4214.87,4181.03,4269.74,4581.54,4333.33,0
4273.33,3989.23,4265.13,4113.85,4337.44,4609.74,4057.95,4612.31,4189.23,4215.38,4185.64,4271.28,4578.46,4336.41,0
4275.9,3991.28,4263.08,4114.36,4334.87,4608.21,4051.28,4612.82,4195.38,4216.92,4186.67,4273.85,4579.49,4332.31,0
4275.9,3991.28,4263.08,4121.03,4331.79,4609.74,4052.31,4615.9,4197.44,4215.9,4179.49,4272.82,4581.03,4328.21,0
4268.72,3992.31,4261.03,4123.59,4335.38,4615.38,4057.95,4612.31,4189.74,4215.9,4174.87,4270.26,4580.51,4329.23,0
4265.13,3993.33,4254.36,4119.49,4341.03,4616.92,4056.41,4609.23,4186.67,4213.33,4178.46,4268.21,4580.51,4328.72,0
4265.13,3989.23,4248.21,4111.79,4336.41,4608.72,4051.28,4609.23,4190.26,4207.69,4178.46,4265.64,4578.97,4322.56,0
4263.08,3985.64,4249.74,4109.23,4328.72,4600.51,4049.74,4607.18,4193.33,4207.69,4170.77,4258.97,4569.74,4317.44,0
4260,3984.1,4255.9,4115.9,4330.77,4607.18,4049.23,4606.67,4191.28,4205.64,4165.13,4254.36,4567.18,4318.46,0
4261.03,3981.03,4255.9,4115.9,4333.33,4616.92,4050.77,4610.77,4195.9,4203.59,4165.64,4260,4571.79,4320,0
4260,3976.41,4249.23,4106.67,4330.26,4614.36,4054.87,4621.54,4207.69,4210.26,4168.72,4263.08,4571.28,4318.97,0
4254.36,3975.9,4245.64,4104.1,4330.26,4612.82,4055.38,4625.13,4205.64,4211.79,4169.74,4257.95,4571.79,4314.87,0
4253.33,3981.54,4247.69,4111.79,4331.28,4614.36,4055.38,4616.41,4195.9,4208.21,4167.18,4251.28,4570.26,4311.28,0
4260,3982.56,4247.18,4116.92,4328.21,4609.23,4055.9,4614.36,4197.95,4211.28,4164.62,4248.21,4566.15,4309.23,0
4263.59,3978.97,4251.28,4114.36,4326.67,4604.1,4057.95,4616.92,4195.38,4209.23,4165.13,4255.38,4568.72,4317.44,0
4261.03,3976.41,4264.1,4110.26,4327.18,4605.13,4062.05,4611.79,4185.64,4200,4169.74,4268.72,4572.31,4326.67,0
4263.08,3975.38,4264.62,4107.69,4327.69,4608.21,4063.08,4606.67,4185.13,4200,4170.26,4270.26,4570.26,4321.54,0
4267.69,3976.92,4253.85,4112.82,4329.74,4609.23,4057.44,4607.18,4188.72,4204.1,4167.69,4264.62,4571.79,4315.38,0
4260.51,3980.51,4248.21,4119.49,4328.72,4608.21,4054.36,4606.15,4187.69,4202.05,4165.13,4261.54,4569.74,4313.85,0
4248.72,3977.95,4247.18,4114.87,4326.15,4607.69,4055.38,4605.13,4186.67,4198.46,4162.05,4257.95,4559.49,4309.23,0
4248.72,3971.79,4245.64,4107.18,4328.72,4609.74,4056.92,4610.77,4193.85,4203.59,4163.59,4254.36,4564.62,4309.23,0
4254.36,3976.92,4245.13,4110.77,4333.85,4611.79,4057.44,4616.92,4201.54,4215.38,4168.72,4257.44,4577.95,4315.9,0
4253.33,3981.54,4244.1,4117.95,4332.82,4612.31,4058.97,4609.23,4191.28,4211.28,4164.1,4254.36,4575.9,4312.31,0
4251.28,3979.49,4242.05,4117.95,4331.79,4610.77,4062.05,4600,4177.44,4195.38,4154.36,4244.62,4563.59,4304.62,0
4254.87,3983.08,4246.67,4122.05,4336.92,4610.26,4064.62,4605.13,4187.18,4196.92,4159.49,4249.23,4563.08,4314.87,0
4259.49,3988.72,4251.28,4124.62,4339.49,4612.31,4064.62,4609.23,4196.92,4208.21,4170.26,4262.56,4570.77,4325.13,0
4261.54,3987.69,4249.23,4123.08,4335.38,4615.38,4065.13,4601.54,4185.13,4202.56,4165.13,4259.49,4569.23,4316.41,0
4263.08,3989.74,4248.72,4128.21,4335.38,4614.87,4066.15,4601.54,4184.62,4201.03,4163.08,4253.33,4566.15,4310.77,0
4263.59,3995.9,4256.92,4134.36,4341.03,4614.36,4066.67,4610.77,4198.97,4214.87,4177.95,4262.56,4575.38,4319.49,0
4265.64,3992.82,4263.59,4130.26,4338.46,4615.9,4068.72,4613.85,4195.38,4212.82,4181.03,4272.82,4580,4324.62,0
4265.13,3986.67,4264.1,4122.56,4333.33,4614.87,4071.79,4614.87,4189.74,4204.1,4171.79,4271.79,4571.79,4320.51,0
4262.05,3985.13,4262.05,4123.08,4335.9,4614.87,4072.82,4617.95,4198.46,4211.28,4172.82,4270.26,4570.77,4316.92,0
4262.05,3985.13,4255.9,4123.08,4337.44,4616.41,4072.82,4615.38,4194.87,4210.77,4174.87,4265.64,4573.33,4313.33,0
4264.1,3986.15,4252.31,4121.03,4334.36,4614.87,4073.33,4612.31,4190.26,4203.08,4170.26,4259.49,4569.74,4314.36,0
4267.18,3990.77,4258.46,4122.05,4334.87,4611.79,4071.28,4615.9,4198.46,4212.82,4173.85,4264.62,4573.33,4323.59,0
4273.85,3993.33,4263.08,4123.59,4338.46,4610.77,4067.69,4614.36,4196.41,4219.49,4182.05,4269.74,4583.08,4327.18,0
4276.41,3993.33,4256.92,4121.54,4340,4610.77,4068.21,4607.69,4187.18,4212.31,4179.49,4266.15,4583.08,4321.54,0
4268.72,3994.36,4250.77,4118.46,4342.56,4609.74,4072.31,4609.23,4191.28,4215.38,4174.87,4263.59,4577.95,4322.56,0
4267.18,3995.9,4248.21,4116.92,4344.1,4611.79,4076.92,4613.85,4193.85,4221.54,4177.95,4263.08,4578.46,4323.59,0
4276.92,3995.9,4247.18,4118.46,4346.15,4614.36,4077.95,4614.36,4189.23,4218.46,4179.49,4262.56,4582.05,4323.08,0
4283.59,4002.56,4256.41,4122.56,4352.31,4616.92,4078.46,4618.46,4199.49,4220,4182.56,4269.74,4588.21,4330.26,0
4281.03,4009.74,4260.51,4121.03,4352.31,4622.05,4083.59,4626.67,4211.79,4228.21,4188.72,4273.33,4593.85,4331.28,0
4275.38,4008.72,4252.82,4115.9,4348.72,4623.59,4084.1,4626.67,4212.31,4232.82,4190.77,4267.18,4593.33,4325.64,0
4274.87,4003.08,4249.23,4112.82,4346.15,4618.46,4079.49,4621.03,4206.15,4232.82,4187.69,4267.18,4589.74,4327.18,0
4276.41,3999.49,4252.82,4108.72,4345.64,4616.41,4077.95,4619.49,4203.59,4229.74,4187.18,4270.26,4587.18,4331.28,0
4279.49,4001.54,4255.9,4110.26,4349.23,4620.51,4078.46,4620.51,4208.72,4229.23,4191.79,4270.26,4592.31,4333.85,0
4284.62,4008.72,4262.05,4118.46,4352.31,4620,4076.92,4617.95,4207.18,4231.79,4197.44,4274.87,4601.54,4339.49,0
4285.64,4010.77,4262.56,4118.46,4348.21,4616.92,4077.44,4618.46,4206.67,4233.85,4197.95,4280.51,4600.51,4340,0
4278.46,4006.15,4256.41,4112.31,4347.69,4620.51,4080,4626.15,4208.21,4233.85,4194.36,4278.97,4593.85,4333.85,0
4276.41,4003.59,4257.44,4112.31,4352.31,4624.1,4081.54,4626.15,4205.13,4229.74,4193.85,4272.31,4592.31,4331.79,0
4278.97,4003.08,4259.49,4110.77,4347.69,4619.49,4078.97,4620,4202.05,4227.69,4195.38,4270.26,4593.85,4330.77,0
4277.95,4001.54,4257.95,4107.18,4340.51,4613.33,4073.33,4619.49,4202.56,4228.72,4193.85,4272.82,4592.82,4329.23,0
4278.46,4001.03,4262.05,4108.21,4341.54,4614.87,4071.79,4623.08,4205.64,4228.21,4192.82,4274.36,4589.74,4333.85,0
4280.51,4002.05,4265.64,4110.77,4344.1,4617.95,4075.9,4628.21,4209.74,4226.67,4192.82,4274.87,4589.74,4338.46,0
4282.05,4005.13,4264.1,4114.36,4345.64,4618.46,4076.41,4631.79,4212.31,4230.26,4193.33,4274.36,4593.33,4341.03,0
4284.62,4009.23,4265.13,4112.82,4345.13,4618.97,4072.82,4627.69,4212.82,4236.92,4196.92,4276.41,4597.44,4347.69,0
4284.62,4006.15,4266.67,4106.15,4345.64,4616.41,4071.28,4618.46,4206.15,4233.85,4196.41,4278.46,4595.38,4346.67,0
4273.85,4001.03,4260.51,4105.64,4348.21,4615.38,4073.85,4614.36,4196.41,4222.05,4190.77,4273.85,4591.28,4330.77,0
4269.74,4002.05,4257.95,4108.72,4350.77,4624.1,4081.54,4620,4197.44,4220.51,4189.74,4268.21,4586.67,4327.18,0
4275.9,4003.08,4260.51,4108.21,4350.26,4631.79,4087.18,4627.18,4206.15,4225.64,4189.23,4269.23,4582.56,4332.82,0
4273.85,3998.46,4255.9,4106.15,4346.67,4624.62,4086.67,4626.15,4205.13,4222.05,4183.08,4269.23,4577.95,4329.74,0
4267.69,3996.92,4249.23,4104.62,4343.08,4616.41,4083.08,4618.97,4196.92,4215.9,4181.03,4263.59,4576.41,4327.18,0
4269.23,4000.51,4249.74,4105.13,4342.05,4617.44,4080,4620.51,4197.44,4217.95,4185.64,4264.62,4580.51,4330.26,0
4272.31,4004.1,4252.31,4108.72,4342.56,4617.44,4077.44,4624.62,4207.18,4223.59,4188.72,4268.72,4585.13,4332.82,0
4274.87,4007.69,4257.95,4109.74,4344.1,4612.31,4076.92,4625.13,4212.31,4230.26,4190.77,4272.82,4586.15,4335.38,0
4277.95,4008.72,4262.56,4108.21,4345.13,4610.77,4075.9,4622.56,4202.56,4224.62,4186.15,4272.82,4581.54,4334.87,0
4275.9,4008.72,4260.51,4113.85,4347.69,4612.31,4073.33,4614.36,4191.28,4215.9,4181.54,4263.59,4581.03,4331.79,0
4276.41,4011.79,4257.95,4121.03,4349.23,4614.36,4073.85,4611.79,4198.46,4224.1,4190.26,4262.05,4591.79,4340,0
4282.05,4012.31,4260.51,4115.9,4345.13,4615.9,4076.92,4623.08,4213.85,4236.41,4200.51,4273.33,4600,4345.13,0
4280,4007.69,4261.03,4107.69,4344.1,4615.9,4083.08,4631.28,4215.38,4240,4200,4278.97,4597.95,4339.49,0
4271.79,4006.67,4254.36,4109.74,4349.23,4621.03,4090.77,4629.23,4206.67,4236.92,4194.36,4270.26,4593.33,4333.33,0
4270.77,4011.79,4250.26,4116.92,4347.69,4624.1,4092.82,4628.21,4206.67,4228.72,4189.23,4262.05,4586.67,4329.74,0
4276.92,4013.85,4256.41,4115.9,4344.62,4618.97,4088.21,4628.21,4213.33,4226.67,4190.77,4264.1,4584.62,4335.38,0
1030.77,7804.62,5762.56,2453.33,2089.74,2768.21,3581.54,7264.1,4586.15,6674.36,5170.77,7002.56,86.6667,1366.15,0
4281.54,4012.31,4266.15,4116.92,4349.74,4623.08,4091.79,4630.77,4213.85,4239.49,4201.03,4277.95,4600.51,4340.51,0
4275.38,4011.28,4254.87,4114.36,4346.67,4619.49,4086.15,4626.67,4209.23,4232.31,4192.82,4270.77,4592.31,4335.9,0
4273.85,4009.74,4247.69,4112.31,4347.69,4610.77,4076.92,4615.9,4202.05,4227.69,4190.77,4265.13,4589.23,4338.97,0
4273.85,4008.21,4253.33,4114.87,4347.18,4614.87,4078.97,4615.38,4197.44,4228.21,4192.82,4267.18,4593.85,4336.41,0
4271.79,4006.15,4261.03,4115.9,4344.1,4618.97,4080,4617.95,4196.41,4225.64,4190.26,4265.64,4589.74,4327.69,0
4272.31,4005.64,4260,4114.36,4345.64,4611.79,4069.23,4616.41,4197.95,4217.95,4182.05,4261.03,4583.59,4328.21,0
4276.41,4008.72,4258.46,4118.97,4349.74,4606.67,4064.62,4613.33,4197.44,4211.28,4178.97,4263.08,4584.1,4334.87,0
4278.46,4008.72,4259.49,4122.05,4347.69,4608.72,4069.23,4607.18,4187.69,4208.21,4181.03,4264.62,4580.51,4333.33,0
4272.82,4003.59,4257.95,4114.87,4341.03,4607.69,4069.74,4600,4176.92,4204.1,4178.46,4261.54,4573.85,4323.08,0
4267.69,4004.1,4256.92,4110.77,4340.51,4604.62,4066.67,4603.59,4184.1,4206.15,4177.44,4262.56,4572.82,4322.56,0
4269.74,4006.67,4260,4113.33,4344.62,4609.23,4068.21,4615.9,4198.97,4214.36,4183.59,4268.21,4578.97,4332.31,0
4277.95,4011.28,4263.59,4120,4342.05,4614.87,4070.26,4621.54,4202.56,4218.97,4188.21,4272.82,4585.13,4337.44,0
4280.51,4017.95,4265.13,4122.05,4341.03,4612.82,4071.28,4621.54,4203.59,4222.56,4190.26,4269.23,4591.28,4337.44,0
4275.38,4016.92,4260,4120.51,4347.69,4615.9,4075.9,4623.59,4207.18,4228.21,4191.79,4261.03,4592.31,4336.92,0
4277.95,4012.82,4257.95,4121.03,4353.33,4628.21,4080.51,4629.23,4208.72,4234.36,4195.38,4264.1,4593.85,4343.08,0
4289.23,4020,4269.74,4124.62,4354.36,4633.33,4081.54,4634.36,4211.28,4238.46,4203.59,4279.49,4600.51,4351.79,0
4293.33,4023.59,4278.97,4127.69,4354.36,4627.69,4081.03,4631.79,4212.82,4237.44,4207.18,4287.69,4603.08,4352.82,0
4284.1,4016.92,4271.28,4124.1,4355.38,4626.15,4080,4622.56,4201.54,4230.26,4201.54,4281.03,4598.46,4344.1,0
4275.9,4013.33,4263.08,4121.03,4353.33,4625.13,4076.92,4615.9,4193.33,4223.08,4194.36,4273.33,4592.31,4336.41,0
4277.95,4011.28,4264.62,4123.08,4347.69,4620.51,4072.31,4615.9,4201.03,4221.54,4190.26,4275.38,4589.23,4336.41,0
4281.03,4011.28,4271.28,4123.59,4345.64,4616.41,4074.87,4619.49,4201.03,4221.03,4190.26,4282.05,4587.69,4341.03,0
4281.54,4014.36,4279.49,4123.08,4347.69,4615.38,4079.49,4623.59,4193.85,4219.49,4195.38,4285.64,4586.67,4344.62,0
4281.54,4011.79,4278.46,4123.08,4344.1,4615.38,4080,4623.08,4195.38,4217.95,4192.82,4281.54,4584.62,4340,0
4281.54,4005.13,4271.28,4120,4337.44,4613.85,4076.92,4619.49,4196.92,4217.95,4188.72,4276.41,4583.59,4338.46,0
4284.62,4008.21,4274.87,4119.49,4337.95,4613.33,4076.41,4623.08,4200,4219.49,4198.97,4282.05,4589.74,4350.26,0
4291.28,4012.31,4283.59,4126.67,4344.1,4618.97,4076.92,4632.82,4213.85,4227.18,4207.69,4291.79,4597.44,4359.49,0
4293.85,4009.23,4282.56,4127.69,4345.13,4622.05,4072.31,4633.85,4217.95,4232.31,4201.54,4291.28,4595.38,4350.26,0
4286.67,4007.18,4272.82,4120.51,4343.59,4622.05,4065.64,4620,4201.03,4225.13,4190.77,4282.56,4585.13,4338.46,0
4278.97,4005.13,4263.59,4115.38,4344.62,4625.13,4063.59,4610.77,4200.51,4220,4186.67,4273.33,4578.97,4333.85,0
4273.33,3997.95,4260,4114.87,4346.67,4625.13,4068.72,4620.51,4213.85,4224.62,4187.69,4266.67,4575.9,4329.23,0
4271.28,3994.87,4262.05,4118.46,4346.67,4622.56,4074.36,4624.62,4207.18,4221.54,4185.64,4266.15,4575.38,4329.23,0
4274.36,3999.49,4263.08,4123.59,4346.15,4622.56,4070.77,4611.79,4187.18,4210.77,4182.56,4267.69,4575.9,4331.28,0
4271.79,4001.03,4261.54,4123.08,4340,4614.87,4063.59,4605.64,4185.64,4209.74,4184.62,4265.64,4578.97,4328.72,0
4266.15,3997.44,4261.54,4118.97,4332.82,4607.69,4065.13,4612.82,4196.41,4213.33,4190.26,4266.67,4582.05,4331.28,0
4275.38,4001.54,4264.62,4121.54,4335.38,4607.69,4067.18,4615.38,4196.41,4214.87,4194.87,4274.87,4587.69,4342.05,0
4287.18,4009.23,4267.18,4128.21,4342.05,4607.69,4061.54,4613.33,4193.85,4222.05,4199.49,4280,4595.9,4343.59,0
4280.51,4004.62,4265.13,4127.69,4341.54,4609.74,4063.59,4618.46,4198.97,4227.69,4197.95,4275.38,4597.95,4335.38,0
4269.74,3995.38,4262.56,4122.56,4338.46,4616.41,4071.79,4624.62,4201.54,4224.1,4192.31,4267.18,4592.82,4333.33,0
4270.26,3997.44,4262.56,4121.03,4342.05,4614.87,4064.62,4614.36,4192.31,4215.9,4190.77,4263.08,4584.62,4332.31,0
4272.82,4004.1,4261.54,4121.54,4344.62,4611.28,4051.79,4600,4185.13,4213.85,4188.21,4266.15,4582.56,4332.82,0
4274.87,4003.59,4257.95,4127.18,4342.05,4613.85,4052.31,4602.56,4192.82,4214.36,4189.23,4266.67,4584.1,4338.46,0
4276.41,4001.03,4257.95,4132.31,4341.03,4614.87,4056.92,4607.69,4195.9,4214.36,4193.33,4262.05,4585.13,4338.46,0
4272.31,4003.59,4261.03,4126.15,4346.15,4614.36,4057.44,4602.05,4190.26,4216.92,4191.79,4262.56,4587.18,4336.41,0
4273.85,4004.1,4264.62,4124.1,4349.74,4615.9,4054.87,4602.05,4191.28,4219.49,4190.77,4267.69,4588.21,4343.59,0
4283.08,4004.1,4266.67,4134.36,4346.67,4617.44,4057.44,4610.26,4196.41,4221.54,4194.87,4270.26,4592.82,4353.85,0
4285.13,4007.69,4265.64,4140.51,4344.62,4619.49,4065.13,4613.85,4195.38,4222.05,4198.46,4271.79,4599.49,4350.26,0
4280,4010.26,4266.15,4136.92,4346.67,4622.05,4071.28,4612.82,4193.33,4218.46,4196.92,4276.41,4598.46,4344.1,0
4281.54,4009.23,4272.31,4135.9,4348.21,4621.03,4071.28,4617.44,4201.03,4214.36,4193.85,4280.51,4590.77,4346.67,0
4284.1,4007.69,4277.44,4135.9,4347.69,4617.44,4071.28,4622.56,4204.1,4219.49,4194.87,4279.49,4592.31,4348.21,0
4282.56,4008.72,4272.31,4135.9,4346.67,4616.92,4070.77,4620.51,4198.46,4225.64,4202.56,4278.46,4597.95,4344.62,0
4282.05,4007.69,4264.62,4137.44,4346.15,4615.9,4067.18,4614.87,4193.85,4222.05,4204.62,4278.46,4596.92,4342.56,0
4277.44,4007.18,4262.05,4136.92,4344.62,4608.21,4064.1,4613.33,4198.46,4222.05,4201.54,4276.41,4596.41,4342.56,0
4277.95,4011.79,4265.13,4137.44,4344.62,4606.15,4067.18,4615.38,4202.56,4222.56,4199.49,4274.36,4597.95,4344.62,0
4282.56,4010.77,4268.21,4136.92,4345.64,4611.79,4071.28,4611.79,4191.79,4213.85,4194.87,4273.33,4591.79,4345.13,0
4280.51,4002.05,4267.18,4130.77,4342.56,4613.33,4073.33,4604.62,4182.05,4205.64,4191.28,4270.77,4582.05,4339.49,0
4276.92,3993.33,4264.1,4116.41,4335.9,4612.31,4075.38,4601.03,4185.13,4204.62,4189.74,4266.15,4580,4340,0
4280,3993.33,4264.62,4108.72,4336.92,4617.44,4078.97,4603.59,4188.72,4207.18,4189.74,4268.72,4587.18,4350.77,0
4285.13,4000.51,4261.54,4113.85,4342.56,4621.03,4077.44,4611.79,4195.38,4213.85,4197.44,4275.38,4595.38,4353.33,0
4284.62,4004.1,4254.87,4119.49,4343.59,4618.46,4075.9,4620.51,4210.77,4223.59,4205.64,4280,4596.41,4351.28,0
4283.59,4006.67,4256.41,4119.49,4346.67,4620,4077.95,4624.1,4216.41,4229.74,4206.15,4279.49,4596.92,4351.28,0
4282.56,4005.64,4257.44,4115.9,4346.15,4619.49,4076.41,4621.54,4206.15,4231.28,4205.13,4271.79,4595.9,4343.59,0
4276.92,3998.97,4251.79,4109.23,4337.95,4611.79,4072.31,4618.97,4202.56,4229.23,4203.08,4267.69,4589.23,4333.85,0
4273.33,3995.9,4248.72,4105.13,4336.41,4606.15,4067.18,4615.38,4197.95,4223.59,4196.92,4269.23,4584.1,4336.92,0
4278.97,4000.51,4251.79,4107.18,4343.59,4608.72,4056.41,4604.1,4188.21,4217.44,4189.74,4265.64,4586.67,4343.08,0
4281.03,4004.1,4249.74,4108.72,4342.56,4613.85,4051.79,4596.41,4189.74,4213.33,4184.1,4256.41,4583.59,4334.87,0
4273.33,3999.49,4244.1,4106.67,4336.41,4610.77,4055.38,4594.36,4189.23,4209.23,4180,4250.26,4573.33,4327.69,0
4266.15,3992.82,4243.59,4106.15,4337.95,4608.21,4053.85,4592.31,4174.36,4202.05,4180,4248.72,4572.82,4330.77,0
4262.56,3990.77,4243.59,4104.62,4338.97,4611.79,4054.36,4590.26,4166.67,4197.44,4178.97,4247.18,4577.44,4327.69,0
4262.05,3993.33,4244.62,4102.56,4335.38,4611.79,4063.08,4590.77,4176.92,4200,4180.51,4250.77,4576.41,4324.62,0
4262.05,3991.28,4245.64,4103.08,4328.72,4606.15,4069.74,4601.03,4193.85,4207.69,4188.21,4258.46,4576.41,4331.79,0
4261.03,3987.18,4248.72,4104.62,4322.56,4602.05,4067.69,4615.9,4204.1,4215.9,4193.85,4266.67,4583.59,4339.49,0
4267.69,3987.69,4257.95,4105.13,4321.54,4603.08,4067.18,4625.13,4209.23,4223.08,4195.38,4273.33,4589.74,4345.13,0
4274.87,3986.67,4263.59,4105.13,4325.13,4604.1,4068.72,4629.74,4215.38,4231.28,4198.46,4276.92,4589.74,4349.74,0
4271.79,3988.21,4256.41,4105.13,4328.72,4603.59,4063.08,4626.15,4213.85,4231.79,4204.62,4272.82,4591.79,4346.15,0
4269.23,3990.77,4248.72,4106.67,4330.26,4602.05,4055.9,4610.77,4193.33,4221.03,4202.56,4265.13,4590.26,4341.54,0
4266.15,3986.67,4245.13,4107.18,4333.33,4601.54,4056.41,4594.87,4174.87,4210.77,4187.69,4258.97,4577.44,4335.38,0
4253.85,3977.95,4234.36,4100.51,4331.28,4604.62,4061.54,4593.33,4171.79,4202.56,4172.82,4248.72,4564.1,4320.51,0
4249.23,3977.44,4229.23,4098.46,4327.69,4607.18,4062.56,4596.41,4176.41,4195.38,4170.77,4242.56,4560,4316.92,0
4257.95,3984.62,4239.49,4104.62,4329.74,4605.64,4061.54,4595.38,4182.05,4196.41,4176.41,4247.18,4563.59,4329.23,0
4265.13,3988.72,4246.67,4109.74,4331.28,4607.69,4064.1,4598.46,4182.05,4202.56,4176.41,4250.77,4568.21,4331.79,0
4270.77,3992.82,4254.36,4116.41,4336.41,4611.28,4066.67,4605.13,4185.13,4204.1,4178.46,4256.92,4573.85,4336.41,0
4283.08,4003.08,4268.21,4126.15,4338.46,4606.15,4064.62,4612.31,4200,4214.36,4197.44,4272.82,4587.18,4357.95,0
4290.26,4004.1,4269.74,4124.62,4330.26,4598.97,4064.62,4622.56,4208.21,4226.15,4214.87,4284.1,4598.46,4370.26,0
4287.18,3994.87,4263.59,4119.49,4327.69,4602.05,4069.23,4628.21,4205.13,4225.64,4211.79,4283.59,4596.92,4361.54,0
4286.67,3998.97,4265.64,4122.05,4333.85,4607.18,4069.23,4622.56,4207.18,4228.21,4207.69,4281.54,4596.41,4355.9,0
4284.1,4004.1,4262.56,4116.92,4331.79,4603.59,4063.08,4615.38,4206.15,4233.85,4211.79,4276.92,4602.56,4355.9,0
4272.31,3992.82,4251.28,4105.64,4324.62,4600.51,4058.97,4610.26,4192.31,4226.15,4209.23,4268.72,4597.95,4346.67,0
4258.97,3981.54,4243.08,4102.05,4324.1,4599.49,4056.92,4600.51,4183.08,4209.23,4195.38,4261.54,4580.51,4330.77,0
4252.82,3980,4237.44,4100.51,4324.1,4594.36,4051.28,4596.92,4182.05,4197.44,4179.49,4255.9,4567.18,4320.51,0
4248.72,3979.49,4231.28,4099.49,4326.15,4591.79,4047.69,4599.49,4177.44,4191.28,4171.28,4246.67,4561.03,4316.41,0
4245.64,3982.05,4228.21,4101.54,4331.79,4597.44,4049.74,4598.46,4178.46,4191.79,4176.41,4243.08,4563.59,4320,0
4252.31,3990.77,4234.87,4110.77,4334.87,4602.56,4050.26,4600,4187.69,4202.05,4186.67,4254.36,4573.33,4328.72,0
4261.54,3997.44,4246.67,4119.49,4336.92,4599.49,4047.69,4598.46,4188.21,4210.26,4188.21,4261.54,4575.9,4328.72,0
4258.97,3995.38,4244.62,4114.36,4335.9,4598.46,4050.77,4595.38,4184.62,4208.72,4184.62,4251.79,4570.77,4322.05,0
4253.85,3989.23,4236.41,4104.1,4332.82,4604.62,4058.97,4603.08,4192.31,4207.18,4183.59,4248.72,4570.77,4323.59,0
4257.95,3986.67,4240.51,4103.59,4332.31,4609.74,4064.1,4612.82,4195.38,4211.79,4189.74,4257.95,4577.95,4329.74,0
4265.13,3990.26,4253.33,4109.23,4335.9,4609.74,4068.21,4611.79,4192.31,4218.97,4198.97,4265.13,4583.59,4335.38,0
4273.85,3997.44,4263.59,4114.36,4334.87,4611.28,4072.31,4614.87,4206.67,4227.18,4208.21,4277.44,4592.82,4350.77,0
4286.15,4003.59,4271.79,4121.54,4333.85,4612.82,4074.36,4626.15,4221.54,4235.9,4216.92,4292.31,4601.54,4363.59,0
4288.72,4004.1,4270.77,4124.1,4336.92,4613.85,4073.85,4628.72,4212.31,4238.97,4218.97,4288.21,4601.03,4357.95,0
4278.46,3999.49,4265.64,4119.49,4336.41,4613.85,4068.72,4620.51,4197.95,4229.23,4209.23,4273.33,4594.36,4344.62,0
4271.28,3993.85,4264.1,4114.36,4331.28,4609.23,4061.03,4610.26,4193.85,4213.85,4197.44,4268.21,4584.1,4340,0
4268.72,3989.23,4257.44,4111.79,4329.74,4601.03,4051.79,4602.56,4188.72,4205.64,4191.79,4266.15,4576.41,4337.95,0
4264.1,3987.69,4248.72,4111.28,4333.85,4598.46,4046.15,4598.97,4186.67,4205.64,4188.72,4258.46,4575.38,4331.28,0
4260.51,3987.69,4246.67,4113.33,4337.95,4602.05,4045.13,4598.46,4185.64,4202.56,4187.18,4253.85,4572.82,4325.13,0
4259.49,3990.77,4248.72,4115.38,4338.46,4603.59,4046.15,4600,4184.1,4200.51,4186.15,4256.92,4568.72,4322.56,0
4262.56,3993.33,4248.72,4115.9,4333.85,4604.1,4045.13,4601.54,4189.23,4204.62,4187.18,4259.49,4571.28,4325.64,0
4265.64,3996.41,4248.21,4118.46,4333.85,4606.67,4045.64,4596.41,4185.13,4208.72,4192.31,4257.95,4574.87,4332.31,0
4266.15,4000.51,4246.67,4122.05,4337.44,4611.79,4050.26,4594.87,4179.49,4211.79,4193.33,4257.95,4577.95,4333.33,0
4265.13,3998.46,4246.67,4120,4335.9,4615.38,4060.51,4612.82,4194.87,4220,4193.85,4260,4584.1,4331.79,0
4263.08,3992.31,4249.23,4113.85,4332.82,4616.41,4069.23,4625.13,4204.62,4225.64,4196.92,4261.54,4586.15,4333.33,0
4263.08,3990.77,4247.69,4106.67,4332.31,4615.9,4068.21,4611.79,4189.23,4221.03,4194.36,4262.56,4582.05,4329.74,0
4261.54,3992.31,4245.13,4106.67,4329.23,4611.28,4064.1,4599.49,4181.54,4211.79,4188.21,4263.08,4578.46,4325.64,0
4260,3988.72,4252.82,4114.36,4326.67,4608.21,4063.08,4609.23,4197.44,4209.74,4192.31,4264.62,4578.97,4330.77,0
4266.67,3993.85,4264.1,4120.51,4335.9,4612.31,4063.59,4622.56,4212.82,4221.03,4202.05,4273.85,4584.62,4341.03,0
4277.95,4005.64,4267.18,4127.18,4346.15,4615.38,4062.56,4620.51,4208.72,4229.23,4205.64,4279.49,4591.79,4346.15,0
4280.51,4007.69,4263.59,4133.85,4344.62,4614.87,4061.54,4610.77,4191.79,4222.56,4205.13,4272.82,4592.82,4343.59,0
4277.95,4005.64,4262.05,4131.79,4339.49,4615.38,4060,4611.28,4190.77,4218.46,4199.49,4270.26,4588.72,4337.44,0
4278.97,4006.67,4262.56,4131.28,4340,4616.41,4064.62,4621.03,4204.1,4222.05,4196.41,4276.41,4587.69,4340.51,0
4283.08,4008.21,4266.15,4136.92,4344.1,4619.49,4073.85,4624.1,4206.15,4222.56,4202.56,4275.9,4590.26,4351.79,0
4286.15,4007.18,4269.74,4136.92,4345.13,4625.64,4074.87,4620,4206.67,4222.56,4206.67,4272.31,4593.85,4354.87,0
4285.64,4011.79,4268.21,4134.87,4347.18,4626.67,4069.74,4613.85,4208.21,4229.74,4204.1,4273.33,4595.38,4353.85,0
4289.23,4017.44,4272.31,4138.97,4353.33,4626.67,4070.26,4613.33,4210.26,4233.33,4207.18,4275.9,4597.95,4356.41,0
4293.85,4016.92,4277.44,4141.54,4357.44,4634.36,4078.97,4625.64,4220.51,4232.82,4211.79,4280,4600,4358.97,0
4289.23,4012.82,4270.26,4142.05,4354.36,4634.36,4081.54,4629.74,4221.54,4234.87,4208.21,4283.08,4595.38,4354.87,0
4283.08,4014.87,4262.05,4142.05,4353.85,4623.08,4071.79,4618.46,4207.69,4235.9,4205.64,4278.46,4592.31,4349.23,0
4282.56,4017.95,4261.54,4139.49,4355.9,4620.51,4065.64,4612.31,4200,4230.77,4209.23,4273.33,4595.38,4346.15,0
4281.03,4011.28,4260.51,4138.46,4354.36,4627.69,4071.28,4620.51,4208.21,4225.64,4210.77,4273.85,4592.31,4343.08,0
4282.56,4010.77,4261.54,4141.03,4353.85,4628.72,4077.95,4627.18,4214.36,4226.67,4210.77,4280.51,4590.77,4348.21,0
4287.18,4017.44,4273.85,4142.56,4352.31,4622.56,4074.87,4623.59,4208.72,4226.67,4211.28,4286.15,4602.05,4356.41,0
4285.13,4012.31,4282.05,4141.03,4349.23,4617.95,4071.28,4621.54,4206.15,4224.62,4211.28,4282.56,4604.1,4348.72,0
4281.03,4006.67,4278.97,4140,4350.77,4616.41,4067.18,4623.59,4210.26,4225.64,4209.74,4277.95,4594.87,4340,0
4284.1,4014.87,4277.44,4141.54,4353.85,4617.44,4060.51,4617.95,4204.62,4228.72,4208.72,4278.46,4595.9,4348.21,0
4289.23,4021.54,4281.03,4142.56,4352.31,4616.41,4058.46,4609.74,4196.41,4230.26,4210.77,4277.95,4603.08,4358.97,0
4288.72,4017.95,4278.46,4141.54,4349.23,4615.38,4061.54,4610.77,4198.46,4226.15,4212.82,4276.41,4602.56,4354.36,0
4281.03,4008.72,4269.23,4136.92,4346.67,4620.51,4062.05,4613.33,4194.36,4215.38,4203.59,4274.36,4596.41,4343.08,0
4273.85,3998.46,4263.08,4131.79,4345.13,4625.64,4061.54,4610.26,4192.31,4209.74,4195.38,4269.23,4589.74,4338.46,0
4272.82,3997.44,4263.59,4132.31,4348.21,4624.1,4065.13,4610.77,4205.64,4217.44,4202.56,4267.69,4590.77,4341.03,0
4277.95,4004.62,4267.69,4136.41,4348.72,4626.15,4073.85,4620,4217.44,4224.62,4206.15,4271.28,4591.79,4341.54,0
4282.56,4011.28,4271.79,4137.44,4349.74,4630.77,4080,4628.21,4214.36,4222.56,4200.51,4272.82,4586.15,4343.08,0
4288.72,4015.9,4276.41,4144.62,4353.85,4629.74,4076.92,4623.08,4205.64,4222.56,4204.62,4273.33,4589.74,4350.26,0
4292.31,4017.44,4280,4150.77,4356.41,4625.13,4074.36,4613.33,4199.49,4225.64,4209.74,4280,4598.46,4355.38,0
4289.74,4015.38,4278.97,4146.67,4354.87,4621.03,4074.87,4610.26,4198.46,4222.05,4206.67,4282.56,4596.92,4354.87,0
4286.67,4012.82,4270.26,4140,4350.26,4622.05,4069.74,4610.26,4204.62,4220,4204.1,4277.95,4594.36,4348.72,0
4286.15,4013.85,4262.56,4138.97,4348.72,4627.69,4067.18,4613.33,4212.82,4225.64,4205.64,4274.87,4596.41,4349.23,0
4288.21,4015.9,4266.67,4144.62,4353.85,4630.26,4071.79,4613.33,4213.33,4229.23,4209.23,4278.46,4599.49,4355.9,0
4290.77,4018.46,4271.79,4149.74,4355.9,4626.67,4073.85,4611.28,4208.21,4228.72,4212.31,4278.46,4601.03,4352.82,0
4290.26,4016.41,4267.69,4146.15,4351.28,4624.1,4074.36,4619.49,4213.85,4227.18,4208.72,4273.33,4598.97,4347.18,0
4285.64,4007.18,4265.64,4134.36,4345.13,4623.59,4079.49,4627.69,4218.97,4228.21,4206.15,4272.31,4593.33,4349.74,0
4279.49,3998.46,4264.62,4124.1,4342.05,4624.62,4086.67,4627.69,4209.23,4228.21,4207.18,4272.31,4590.26,4349.23,0
4277.44,4004.1,4255.38,4122.05,4345.64,4628.72,4088.72,4626.67,4204.62,4224.62,4208.21,4272.82,4591.28,4346.67,0
4277.95,4014.36,4251.28,4124.62,4350.26,4631.28,4087.69,4626.15,4210.26,4223.08,4208.72,4275.9,4591.79,4349.74,0
4282.05,4012.31,4256.92,4123.08,4350.26,4630.77,4086.67,4624.1,4210.77,4228.72,4207.69,4272.82,4589.74,4349.74,0
4289.23,4012.31,4262.05,4123.08,4350.26,4628.72,4084.62,4623.59,4211.28,4235.38,4206.67,4270.77,4590.26,4355.38,0
4297.44,4020,4263.59,4131.28,4353.33,4624.1,4078.97,4625.13,4213.33,4233.85,4210.26,4278.46,4594.36,4366.67,0
4300,4018.46,4264.1,4129.74,4351.28,4622.05,4077.44,4627.18,4209.74,4228.72,4212.82,4284.62,4598.97,4367.69,0
4293.33,4012.31,4262.56,4120,4348.72,4625.13,4081.54,4628.21,4209.23,4226.67,4211.28,4278.46,4597.44,4361.54,0
4285.13,4010.77,4258.46,4121.03,4349.74,4627.69,4085.64,4628.21,4217.95,4228.21,4208.72,4272.31,4591.28,4358.97,0
4284.62,4011.28,4254.36,4123.08,4349.23,4627.18,4083.59,4624.1,4211.79,4224.62,4203.08,4266.67,4588.21,4354.36,0
4289.74,4014.36,4253.85,4121.03,4348.72,4627.69,4081.03,4612.82,4192.82,4214.36,4196.41,4262.05,4586.67,4352.82,0
4289.23,4018.46,4261.03,4125.13,4351.28,4629.23,4082.05,4605.64,4191.28,4214.36,4199.49,4263.59,4590.26,4363.08,0
4287.69,4018.97,4264.1,4129.23,4349.74,4625.13,4084.1,4608.72,4202.56,4221.03,4207.18,4271.28,4594.36,4366.67,0
4292.82,4018.97,4262.56,4126.67,4347.18,4617.95,4085.13,4615.9,4205.13,4221.54,4210.77,4276.92,4591.79,4363.59,0
4298.46,4023.59,4268.21,4130.77,4350.77,4617.95,4083.59,4620.51,4206.15,4224.1,4211.79,4279.49,4590.26,4372.82,0
4300.51,4025.64,4271.28,4135.9,4353.33,4621.54,4082.56,4621.03,4210.26,4231.28,4215.38,4283.59,4599.49,4376.92,0
4292.31,4016.41,4264.1,4123.59,4345.64,4622.05,4084.1,4620.51,4206.67,4227.18,4212.82,4285.13,4600.51,4362.05,0
4276.92,4005.64,4259.49,4112.82,4340.51,4622.56,4085.64,4625.64,4205.64,4217.44,4205.64,4277.95,4585.64,4351.79,0
4273.85,4005.64,4263.08,4120,4347.69,4625.64,4085.64,4628.21,4207.69,4217.44,4204.1,4271.79,4581.54,4355.38,0
4281.03,4013.33,4264.1,4126.67,4351.79,4626.67,4082.56,4621.03,4205.13,4221.54,4203.59,4275.38,4587.18,4357.95,0
4282.56,4015.38,4263.59,4123.08,4348.72,4624.1,4080,4620.51,4206.15,4223.59,4203.08,4277.44,4589.23,4356.92,0
4279.49,4010.26,4258.97,4120,4347.18,4622.05,4084.1,4628.21,4210.77,4223.08,4205.64,4272.31,4589.74,4356.41,0
4276.92,4004.1,4253.33,4119.49,4346.67,4621.03,4089.23,4630.26,4207.18,4220,4204.1,4272.82,4587.18,4355.9,0
4274.36,4001.03,4255.9,4115.38,4342.56,4618.97,4085.64,4623.59,4201.03,4220.51,4197.95,4273.85,4581.54,4352.82,0
4276.92,4002.56,4261.54,4112.82,4339.49,4616.41,4081.54,4621.03,4202.05,4222.05,4195.9,4269.74,4580,4352.82,0
4281.54,4003.59,4262.05,4115.9,4342.56,4620.51,4090.26,4625.64,4203.59,4215.38,4197.44,4269.74,4583.08,4355.38,0
4281.03,4004.62,4262.56,4120.51,4343.59,4621.54,4094.87,4627.18,4206.15,4214.36,4200,4273.33,4585.13,4357.44,0
4280.51,4003.59,4264.62,4120.51,4340.51,4617.95,4089.74,4630.77,4214.87,4223.08,4206.15,4272.82,4589.23,4359.49,0
4281.03,4001.54,4265.13,4119.49,4342.05,4617.44,4088.21,4634.36,4214.87,4225.13,4210.26,4273.85,4589.74,4361.54,0
4282.05,4005.64,4266.15,4122.05,4346.67,4618.97,4087.18,4626.67,4202.05,4217.95,4205.13,4279.49,4582.56,4361.54,0
4285.13,4010.77,4266.67,4127.18,4347.69,4617.44,4082.56,4621.54,4200,4212.82,4200.51,4277.44,4578.97,4355.9,0
4285.13,4010.77,4265.13,4130.77,4348.72,4617.95,4082.05,4627.69,4206.15,4217.44,4202.56,4270.77,4582.56,4353.33,0
4281.54,4007.69,4262.56,4127.69,4346.67,4618.97,4084.62,4623.59,4201.54,4218.97,4204.1,4270.26,4584.62,4356.41,0
4281.54,4009.23,4260,4121.54,4338.97,4615.9,4083.08,4614.87,4197.95,4214.87,4205.13,4277.44,4585.13,4362.05,0
4284.1,4011.79,4262.05,4122.05,4339.49,4615.38,4081.03,4618.97,4203.59,4215.9,4210.77,4283.08,4590.26,4365.13,0
4282.56,4009.74,4264.1,4123.59,4345.13,4617.95,4082.56,4625.13,4204.62,4223.59,4214.87,4279.49,4596.92,4365.13,0
4276.92,4006.15,4257.44,4121.03,4344.62,4619.49,4083.08,4628.21,4208.21,4225.13,4212.31,4274.36,4596.92,4358.46,0
4271.79,4004.62,4249.74,4117.95,4343.08,4616.41,4078.97,4626.15,4206.67,4218.97,4205.64,4267.69,4589.23,4347.18,0
4268.72,4000.51,4246.67,4114.36,4344.1,4614.36,4075.38,4618.46,4195.9,4213.33,4195.9,4260.51,4578.97,4344.62,0
4269.23,3997.95,4246.15,4113.85,4343.08,4617.95,4076.92,4618.97,4196.92,4211.28,4194.87,4262.56,4577.44,4349.23,0
4273.33,4003.59,4252.31,4118.46,4342.05,4620.51,4082.05,4623.08,4208.21,4214.87,4202.56,4271.28,4584.62,4350.26,0
4277.95,4006.67,4257.95,4123.08,4342.05,4617.95,4081.54,4621.54,4209.74,4216.41,4203.08,4270.77,4587.18,4347.69,0
4280.51,4005.13,4256.41,4122.56,4342.05,4617.95,4077.95,4620.51,4204.1,4218.97,4200,4266.67,4586.15,4351.79,0
4282.56,4007.69,4259.49,4122.05,4346.67,4622.56,4074.87,4621.54,4206.15,4225.64,4204.62,4272.31,4589.23,4357.95,0
4282.56,4010.26,4266.67,4124.1,4350.77,4623.08,4073.85,4617.44,4208.72,4226.15,4209.74,4274.36,4592.31,4354.87,0
4277.44,4005.13,4257.44,4120.51,4344.62,4618.97,4073.85,4614.36,4200.51,4219.49,4205.13,4264.1,4589.23,4347.69,0
4273.85,4002.56,4244.62,4117.95,4340.51,4617.44,4072.82,4615.38,4197.95,4219.49,4200.51,4258.97,4586.15,4347.69,0
4278.46,4006.67,4253.33,4121.03,4343.59,4617.44,4072.31,4616.92,4202.05,4220.51,4201.54,4264.1,4586.67,4353.85,0
4283.59,4009.74,4265.64,4123.08,4342.56,4617.44,4076.41,4621.54,4201.54,4214.87,4204.1,4266.15,4586.67,4355.9,0
4283.59,4009.23,4264.1,4123.59,4341.03,4616.92,4075.38,4621.54,4197.95,4211.79,4203.08,4267.18,4586.15,4356.41,0
4285.13,4009.74,4261.54,4124.1,4343.59,4616.41,4071.28,4619.49,4209.74,4221.03,4207.18,4269.74,4592.82,4357.95,0
4284.1,4011.28,4259.49,4123.59,4344.62,4617.95,4075.38,4627.69,4225.64,4231.28,4216.41,4271.28,4599.49,4358.46,0
4277.44,4007.18,4251.79,4122.56,4342.05,4618.97,4074.87,4624.1,4211.28,4229.23,4211.79,4267.69,4596.92,4353.33,0
4272.31,4002.56,4245.13,4121.54,4337.95,4613.85,4064.1,4600.51,4182.05,4215.9,4197.95,4261.54,4589.23,4347.18,0
4269.74,4002.56,4248.21,4120.51,4338.97,4610.77,4058.97,4590.77,4180.51,4209.23,4200.51,4260.51,4587.69,4346.15,0
4271.79,4002.05,4249.74,4120.51,4344.62,4613.85,4065.13,4606.67,4196.92,4210.26,4204.62,4262.56,4589.74,4346.67,0
4273.85,4000.51,4247.69,4121.54,4345.64,4617.44,4073.33,4617.95,4200.51,4211.79,4197.95,4263.08,4589.74,4346.15,0
4273.85,4002.56,4248.21,4121.54,4342.56,4618.46,4073.33,4616.41,4201.03,4216.41,4198.97,4262.05,4588.72,4348.21,0
4272.82,4006.15,4249.74,4123.59,4340,4616.92,4067.18,4614.36,4207.18,4217.44,4203.59,4262.56,4588.21,4347.18,0
4269.74,4001.54,4249.74,4124.62,4335.38,4613.33,4067.69,4609.23,4197.44,4207.69,4194.87,4261.03,4584.1,4341.54,0
4268.72,3997.44,4250.26,4123.08,4335.38,4613.33,4072.31,4603.59,4186.15,4201.54,4187.69,4259.49,4579.49,4338.97,0
4271.28,3999.49,4250.26,4122.56,4338.97,4616.92,4069.74,4608.72,4196.92,4209.74,4194.36,4262.05,4583.08,4342.05,0
4272.31,3999.49,4249.74,4122.05,4336.92,4616.92,4066.15,4614.87,4205.13,4218.97,4204.1,4266.15,4591.28,4348.21,0
4273.33,3997.44,4254.36,4119.49,4334.36,4612.31,4066.15,4605.64,4191.28,4215.9,4209.23,4274.36,4591.28,4352.31,0
4281.54,4002.56,4263.59,4118.46,4337.95,4607.18,4063.08,4599.49,4183.59,4208.72,4203.59,4276.41,4585.13,4352.82,0
4287.18,4008.72,4268.72,4128.21,4340,4608.72,4057.95,4603.59,4188.21,4205.64,4193.33,4270.26,4581.54,4350.77,0
4280,4005.13,4264.1,4134.87,4338.46,4611.28,4055.38,4600.51,4183.08,4202.56,4193.33,4263.08,4580.51,4346.15,0
4272.31,3996.92,4251.79,4126.15,4334.36,4606.15,4057.44,4593.85,4178.46,4197.95,4194.36,4258.97,4578.97,4341.54,0
4266.67,3990.26,4245.13,4116.92,4331.79,4606.15,4060.51,4599.49,4181.54,4195.38,4184.1,4258.46,4571.79,4335.38,0
4263.59,3986.67,4245.64,4120.51,4333.85,4613.33,4058.46,4607.18,4181.54,4195.9,4178.97,4255.9,4565.64,4329.74,0
4269.23,3994.36,4250.26,4127.18,4341.03,4617.95,4057.95,4609.74,4194.87,4204.1,4186.15,4257.95,4569.23,4333.85,0
4276.92,4000.51,4255.38,4124.62,4346.15,4620,4064.1,4614.87,4209.23,4214.36,4189.23,4262.56,4573.33,4341.54,0
4274.87,3993.85,4253.85,4120.51,4341.54,4618.46,4063.59,4612.31,4195.9,4210.77,4185.13,4258.46,4571.79,4340,0
4271.28,3992.31,4246.67,4121.03,4337.44,4611.28,4052.82,4598.97,4183.59,4202.56,4185.64,4251.79,4571.79,4334.87,0
4273.33,3998.97,4246.15,4122.56,4337.44,4603.59,4050.77,4593.33,4192.31,4210.77,4191.79,4257.44,4579.49,4338.46,0
4271.28,3997.44,4249.23,4122.05,4336.92,4604.62,4056.41,4601.03,4194.87,4220,4195.38,4266.15,4585.64,4341.03,0
4266.67,3992.31,4248.72,4121.54,4337.95,4610.26,4054.87,4604.1,4191.79,4215.9,4195.38,4265.13,4586.15,4338.46,0
4269.23,3994.36,4254.87,4120.51,4337.44,4610.26,4047.69,4601.54,4196.92,4215.9,4198.46,4266.67,4586.67,4341.54,0
4281.54,4001.03,4268.72,4125.64,4337.44,4607.18,4049.23,4605.13,4199.49,4220.51,4207.18,4274.87,4594.36,4354.36,0
4289.23,4006.15,4281.03,4136.41,4340.51,4611.28,4061.54,4609.74,4196.92,4218.97,4211.79,4283.59,4600.51,4361.54,0
4287.69,4006.67,4280,4138.46,4344.62,4613.33,4065.13,4611.28,4196.92,4215.38,4207.18,4287.69,4595.9,4355.38,0
4285.64,4003.59,4268.21,4134.87,4344.62,4605.64,4056.41,4608.72,4197.95,4215.9,4203.59,4282.56,4591.79,4348.21,0
4286.15,4006.67,4264.1,4137.44,4342.56,4604.1,4054.36,4604.1,4196.92,4213.33,4202.05,4273.85,4591.79,4349.74,0
4285.13,4007.69,4267.18,4138.97,4344.62,4612.82,4057.95,4602.56,4189.74,4210.26,4197.44,4271.28,4592.82,4354.87,0
4286.67,4003.59,4266.67,4135.9,4344.62,4614.87,4056.41,4602.05,4182.56,4212.82,4196.92,4273.33,4593.33,4354.36,0
4285.13,4003.59,4263.59,4136.41,4336.92,4608.21,4054.36,4602.56,4185.13,4209.23,4198.97,4271.79,4591.28,4349.23,0
4282.56,4005.13,4262.05,4137.44,4333.85,4606.15,4055.38,4604.1,4192.31,4204.62,4196.41,4266.67,4588.21,4349.23,0
4287.69,4008.72,4263.08,4136.41,4345.13,4613.33,4056.41,4606.67,4195.38,4206.67,4193.33,4266.67,4591.28,4350.26,0
4289.23,4016.41,4266.15,4143.08,4352.82,4617.44,4057.95,4607.18,4193.33,4209.74,4194.87,4266.15,4592.82,4346.67,0
4284.62,4021.03,4264.62,4151.79,4350.26,4618.97,4060,4607.69,4190.77,4209.74,4193.33,4259.49,4591.28,4343.08,0
4291.79,4020.51,4266.15,4152.31,4352.82,4625.64,4065.64,4616.41,4203.59,4215.38,4198.46,4263.59,4597.44,4350.77,0
4302.56,4023.08,4277.44,4153.33,4359.49,4629.74,4072.82,4626.15,4220,4226.15,4211.79,4280.51,4608.72,4363.59,0
4301.03,4024.62,4281.54,4155.38,4356.41,4622.56,4069.74,4621.03,4209.74,4229.74,4214.36,4287.18,4612.31,4369.74,0
4300.51,4023.08,4278.46,4149.23,4348.72,4614.87,4057.44,4608.21,4193.85,4228.21,4215.38,4283.59,4613.33,4367.18,0
4299.49,4022.05,4277.95,4141.54,4348.21,4611.79,4053.33,4608.72,4195.9,4221.03,4217.44,4285.64,4608.72,4360,0
4287.18,4010.77,4271.79,4138.46,4345.64,4610.77,4057.95,4612.82,4195.38,4207.69,4203.08,4285.64,4587.18,4350.26,0
4278.97,3997.95,4264.62,4132.31,4340,4608.72,4062.05,4609.23,4188.21,4204.1,4192.31,4276.41,4575.38,4349.74,0
4286.15,3996.92,4265.64,4126.67,4340,4609.23,4062.05,4608.72,4195.38,4214.36,4207.69,4277.95,4597.95,4357.44,0
4290.26,3996.41,4265.64,4121.54,4343.08,4614.36,4063.59,4613.85,4204.1,4224.1,4221.54,4282.05,4620,4361.03,0
4287.69,3992.31,4261.03,4118.46,4344.1,4617.44,4068.21,4616.92,4199.49,4226.15,4216.92,4278.46,4616.41,4360,0
4294.36,3999.49,4264.62,4125.64,4347.18,4616.41,4067.18,4613.85,4196.92,4225.64,4218.97,4282.05,4614.36,4366.67,0
4301.03,4006.15,4268.21,4130.26,4347.69,4616.41,4059.49,4607.18,4196.41,4223.59,4222.05,4286.67,4618.97,4373.85,0
4296.92,3995.38,4264.1,4119.49,4341.54,4613.33,4057.44,4604.1,4196.92,4222.56,4215.9,4281.03,4613.85,4369.74,0
4293.85,3987.18,4261.54,4109.23,4341.54,4611.28,4061.03,4609.23,4203.59,4225.13,4214.87,4278.46,4611.79,4366.15,0
4294.87,3994.36,4262.05,4113.33,4349.23,4618.97,4066.15,4621.03,4213.33,4231.28,4223.08,4280,4620,4369.74,0
4296.92,4004.1,4262.05,4119.49,4352.82,4628.72,4073.33,4631.28,4216.92,4239.49,4227.69,4279.49,4625.13,4369.74,0
4300,4008.21,4261.03,4121.54,4348.72,4625.13,4075.9,4626.15,4208.21,4239.49,4221.54,4280.51,4622.05,4365.64,0
4293.85,4001.54,4261.03,4117.44,4341.03,4615.38,4069.23,4616.41,4202.56,4229.23,4213.33,4279.49,4613.33,4363.59,0
4285.64,3991.28,4262.05,4113.33,4341.03,4616.92,4068.72,4618.46,4203.59,4220.51,4210.26,4276.41,4605.64,4362.05,0
4286.67,3990.26,4265.64,4116.41,4347.69,4624.62,4072.82,4620.51,4201.54,4222.05,4210.77,4283.59,4606.15,4362.05,0
4290.77,3995.38,4267.18,4120,4348.21,4623.08,4067.18,4614.87,4199.49,4228.72,4214.87,4289.23,4609.23,4365.13,0
4291.28,3993.85,4263.59,4118.46,4342.05,4616.41,4060,4610.77,4202.56,4226.67,4218.46,4286.67,4610.26,4366.67,0
4291.28,3990.26,4267.18,4117.95,4343.08,4614.87,4058.97,4609.74,4197.95,4221.54,4215.38,4286.67,4608.72,4367.18,0
4293.33,3993.85,4276.92,4121.03,4349.23,4616.92,4060.51,4612.82,4194.87,4228.21,4213.33,4288.21,4606.15,4371.28,0
4292.82,4001.03,4277.95,4120,4347.18,4621.03,4065.13,4621.03,4207.18,4233.33,4218.97,4289.74,4611.28,4372.82,0
4292.31,4001.54,4268.72,4118.97,4342.56,4622.56,4072.82,4629.74,4213.85,4229.23,4220.51,4290.26,4616.92,4369.23,0
4293.85,3996.92,4268.72,4122.05,4343.08,4622.05,4074.36,4630.26,4205.13,4231.28,4217.95,4288.72,4612.82,4368.21,0
4296.92,3997.95,4280,4121.54,4344.62,4624.62,4071.79,4627.69,4199.49,4233.33,4218.46,4289.74,4611.28,4369.74,0
4300,4002.05,4284.62,4120,4344.1,4624.62,4072.31,4623.08,4198.97,4224.1,4216.41,4294.87,4615.38,4373.85,0
4301.03,4002.05,4281.03,4123.08,4343.59,4617.95,4068.21,4614.36,4196.41,4221.54,4213.85,4295.9,4614.36,4375.38,0
4296.92,3997.44,4276.92,4121.54,4342.56,4614.87,4056.92,4607.18,4194.36,4225.64,4212.31,4290.26,4611.28,4371.79,0
4288.21,3992.82,4271.28,4112.82,4340,4615.9,4051.28,4608.72,4195.9,4224.1,4207.18,4285.13,4609.74,4364.62,0
4280.51,3988.21,4263.59,4107.18,4340.51,4616.41,4060,4614.87,4197.44,4221.03,4203.59,4278.97,4603.59,4358.46,0
4278.46,3984.1,4262.05,4107.18,4341.03,4616.92,4065.64,4615.9,4198.46,4220,4205.13,4274.87,4597.95,4353.33,0
4282.05,3985.64,4269.74,4112.31,4342.05,4618.46,4061.03,4617.95,4206.67,4223.08,4208.21,4279.49,4599.49,4354.36,0
4289.74,3993.33,4276.92,4121.03,4344.62,4620,4064.1,4624.62,4214.36,4231.79,4211.28,4285.64,4606.15,4363.59,0
4296.92,4000.51,4281.54,4125.13,4347.69,4622.05,4070.77,4625.13,4213.85,4239.49,4218.97,4291.79,4615.9,4373.85,0
4296.92,3997.95,4283.08,4122.05,4345.13,4625.13,4074.36,4623.59,4209.74,4238.97,4223.59,4295.38,4618.46,4373.33,0
4292.82,3993.85,4281.54,4118.46,4343.08,4628.72,4078.46,4622.05,4204.62,4235.38,4220.51,4291.79,4612.82,4367.69,0
4295.38,3994.36,4280.51,4120,4344.62,4627.69,4076.92,4620,4205.13,4233.33,4216.92,4289.23,4612.82,4365.64,0
4292.82,3990.77,4280.51,4119.49,4343.08,4625.13,4070.26,4620.51,4209.23,4231.28,4215.38,4291.28,4614.87,4362.56,0
4281.03,3987.18,4273.85,4112.31,4341.03,4626.15,4068.21,4620.51,4202.05,4227.18,4210.77,4284.62,4607.69,4353.85,0
4276.41,3987.69,4266.15,4105.64,4344.1,4629.23,4070.77,4616.41,4192.82,4219.49,4202.56,4274.87,4599.49,4346.67,0
4276.41,3986.67,4262.05,4108.21,4343.08,4625.13,4068.72,4611.79,4195.9,4213.85,4196.92,4269.23,4595.38,4341.54,0
4268.21,3978.97,4253.85,4108.72,4336.92,4616.92,4065.13,4613.85,4206.15,4220,4196.92,4265.64,4593.33,4340.51,0
4262.05,3972.31,4247.69,4103.08,4334.87,4615.38,4063.08,4623.08,4210.26,4229.74,4202.05,4266.67,4595.9,4342.56,0
4264.1,3973.33,4250.77,4102.05,4335.38,4617.95,4062.05,4625.64,4203.59,4225.13,4203.59,4269.74,4598.97,4342.56,0
4268.72,3977.95,4256.41,4105.13,4333.33,4617.44,4061.54,4614.87,4192.82,4217.95,4203.08,4270.26,4598.46,4344.62,0
4272.31,3984.1,4258.97,4106.15,4336.92,4618.97,4063.08,4610.26,4194.87,4223.08,4207.18,4273.85,4601.54,4350.26,0
4276.92,3987.69,4262.05,4103.59,4340.51,4622.05,4064.1,4619.49,4204.62,4226.15,4209.74,4280.51,4603.59,4353.33,0
4282.05,3988.72,4261.54,4108.72,4337.95,4619.49,4064.1,4619.49,4205.13,4224.62,4208.21,4280,4604.1,4358.46,0
4291.28,3994.36,4262.05,4116.92,4335.9,4617.44,4063.08,4613.33,4199.49,4226.15,4212.31,4280,4609.23,4373.85,0
4306.67,4004.62,4271.79,4116.41,4336.41,4616.92,4061.54,4616.92,4200.51,4230.77,4223.08,4289.74,4619.49,4388.72,0
4318.46,4010.26,4281.03,4116.41,4334.36,4616.41,4060,4618.97,4198.97,4231.28,4224.1,4295.38,4624.62,4391.79,0
4323.08,4013.33,4280.51,4121.03,4333.85,4615.9,4057.44,4609.74,4190.77,4218.97,4211.28,4286.15,4614.87,4390.26,0
4330.26,4027.18,4278.46,4126.15,4338.46,4614.36,4052.31,4604.62,4186.67,4204.62,4199.49,4276.41,4597.95,4393.33,0
4342.05,4042.56,4281.54,4132.31,4343.59,4614.87,4053.85,4608.21,4189.74,4203.59,4197.95,4277.44,4597.95,4396.92,0
4345.64,4045.13,4283.59,4137.95,4342.56,4617.95,4055.9,4608.21,4191.28,4209.74,4199.49,4279.49,4603.08,4390.26,0
4339.49,4042.56,4277.44,4135.38,4338.46,4614.87,4047.69,4606.15,4190.26,4210.26,4200,4275.38,4598.46,4383.08,0
4331.79,4042.56,4266.15,4129.23,4333.85,4609.23,4044.62,4607.69,4190.26,4210.77,4203.59,4270.77,4598.46,4384.62,0
4327.69,4038.97,4266.15,4126.15,4330.26,4609.74,4052.31,4608.72,4195.9,4214.36,4207.69,4271.28,4606.67,4387.69,0
4327.18,4030.77,4275.9,4123.59,4326.67,4610.77,4054.36,4609.74,4198.97,4218.97,4208.21,4276.92,4606.15,4384.62,0
4329.74,4031.28,4281.03,4126.67,4331.28,4613.85,4050.26,4613.33,4193.85,4220.51,4207.18,4280,4603.59,4384.1,0
4330.26,4039.49,4279.49,4132.31,4337.95,4616.41,4052.31,4607.18,4187.69,4216.92,4209.74,4277.44,4608.21,4387.18,0
4324.62,4034.87,4273.33,4129.23,4334.87,4610.26,4055.38,4595.9,4187.69,4214.36,4208.21,4272.31,4607.69,4381.03,0
4312.31,4022.05,4263.08,4120,4329.23,4606.15,4051.28,4593.33,4186.15,4211.79,4197.95,4264.62,4597.95,4365.64,0
4300,4012.82,4256.92,4116.41,4331.79,4611.28,4050.77,4598.46,4188.72,4207.18,4189.23,4261.03,4589.23,4354.87,0
4294.36,4009.74,4258.46,4118.46,4334.87,4615.38,4054.36,4602.56,4194.87,4207.69,4191.28,4262.05,4588.72,4356.92,0
4296.92,4013.85,4263.08,4120.51,4334.36,4614.36,4054.87,4606.15,4196.92,4214.36,4196.92,4262.56,4595.9,4363.08,0
4300.51,4017.95,4266.67,4124.1,4335.9,4616.41,4055.38,4612.82,4203.59,4222.56,4197.95,4263.59,4599.49,4360,0
4300,4012.31,4264.62,4124.62,4335.38,4620.51,4056.41,4613.85,4205.13,4219.49,4191.79,4263.08,4593.85,4355.38,0
4302.05,4008.72,4266.15,4122.05,4331.79,4616.92,4054.36,4606.15,4193.33,4214.36,4192.31,4267.18,4592.31,4363.59,0
4311.28,4016.92,4280,4124.62,4332.31,4607.69,4048.72,4597.95,4185.64,4217.95,4203.59,4280,4601.54,4376.92,0
4313.33,4017.44,4282.56,4126.67,4333.33,4605.64,4047.69,4594.36,4183.59,4216.92,4204.1,4284.62,4603.59,4372.31,0
4296.92,4005.64,4270.26,4124.62,4330.26,4611.79,4051.79,4598.97,4188.21,4209.23,4192.31,4268.21,4591.79,4353.33,0
4280,3997.44,4260.51,4121.03,4326.67,4615.38,4056.41,4607.18,4198.97,4209.23,4188.72,4254.87,4580.51,4338.97,0
4277.44,3996.41,4259.49,4116.41,4330.26,4615.38,4058.46,4610.77,4198.46,4213.85,4191.28,4259.49,4577.95,4341.03,0
4282.56,3998.97,4260.51,4114.87,4335.38,4610.26,4056.41,4607.18,4190.77,4215.38,4193.33,4266.67,4587.18,4354.36,0
4287.69,4000.51,4258.97,4119.49,4334.36,4607.18,4052.31,4606.15,4192.31,4215.9,4195.9,4269.23,4596.92,4358.97,0
4286.15,3999.49,4257.44,4122.05,4332.82,4611.28,4048.21,4605.13,4191.79,4211.79,4193.85,4269.74,4591.79,4347.18,0
4277.44,3993.85,4257.95,4116.41,4330.77,4610.26,4046.67,4604.62,4188.72,4207.18,4190.26,4267.18,4584.62,4338.46,0
4272.82,3988.72,4260,4111.79,4328.72,4608.21,4051.79,4608.21,4192.82,4210.77,4192.31,4262.56,4587.18,4341.03,0
4276.92,3989.23,4261.03,4114.36,4331.79,4617.95,4057.95,4610.77,4191.79,4215.9,4194.87,4264.62,4590.77,4341.54,0
4283.08,3994.87,4263.59,4117.44,4335.38,4622.05,4055.38,4609.74,4192.31,4219.49,4202.05,4275.38,4596.41,4345.13,0
4289.23,4000,4267.69,4120.51,4332.82,4614.36,4051.28,4612.31,4204.62,4228.72,4213.33,4283.59,4606.67,4357.95,0
4297.44,4003.08,4273.85,4123.59,4330.26,4613.33,4054.87,4617.95,4208.72,4236.41,4214.36,4284.62,4610.26,4362.56,0
4296.41,4000.51,4277.44,4124.1,4328.72,4616.92,4058.46,4617.95,4199.49,4231.28,4207.69,4278.46,4607.18,4351.28,0
4287.18,3993.85,4270.26,4122.05,4327.69,4614.87,4056.92,4613.33,4195.9,4222.05,4207.18,4274.36,4606.67,4348.21,0
4283.59,3989.74,4264.1,4120.51,4331.28,4612.82,4056.92,4609.23,4195.38,4219.49,4205.13,4274.87,4605.13,4350.26,0
4283.08,3990.77,4259.49,4120.51,4333.33,4613.85,4055.9,4609.74,4195.38,4217.95,4197.44,4271.79,4598.46,4342.56,0
4276.41,3991.28,4251.79,4121.03,4333.33,4610.77,4047.69,4608.21,4192.31,4208.21,4191.28,4261.03,4590.77,4334.36,0
4268.21,3987.18,4244.1,4121.54,4334.36,4606.67,4039.49,4596.92,4177.95,4197.95,4183.59,4251.79,4583.59,4325.64,0
4263.08,3986.15,4235.38,4114.87,4332.82,4608.21,4038.46,4587.69,4164.62,4194.87,4174.36,4247.18,4577.95,4314.87,0
4262.05,3990.77,4231.28,4111.28,4331.79,4613.85,4043.59,4591.28,4171.28,4195.38,4171.79,4246.67,4576.41,4316.92,0
4269.74,3995.9,4245.64,4117.95,4336.41,4618.97,4051.79,4602.05,4186.15,4200.51,4183.08,4254.87,4583.59,4334.36,0
4282.56,4000.51,4265.13,4128.21,4338.97,4620,4056.41,4605.13,4193.33,4212.31,4200,4267.18,4596.41,4344.62,0
4288.72,4004.1,4266.15,4132.31,4334.87,4617.95,4053.85,4602.05,4193.85,4217.44,4201.54,4270.26,4603.08,4341.54,0
4286.15,4005.13,4261.03,4128.21,4332.31,4615.9,4053.85,4602.56,4194.87,4215.38,4197.95,4268.72,4602.05,4342.56,0
4286.15,4003.08,4262.56,4123.59,4337.44,4615.38,4057.44,4607.69,4197.95,4223.59,4205.13,4271.28,4606.67,4349.74,0
4287.69,4002.05,4261.54,4122.56,4338.97,4615.9,4061.03,4611.79,4199.49,4229.74,4211.79,4273.33,4613.33,4350.77,0
4287.69,4003.59,4264.1,4125.13,4334.87,4617.44,4061.03,4611.79,4198.97,4225.13,4210.26,4270.77,4611.28,4344.62,0
4285.13,4003.08,4264.62,4125.64,4333.33,4616.41,4060,4609.74,4196.92,4217.95,4202.56,4265.64,4603.59,4335.9,0
4278.46,3991.79,4254.87,4117.95,4332.82,4614.36,4062.05,4609.74,4184.62,4206.67,4189.74,4257.95,4590.26,4325.13,0
4271.79,3983.08,4244.62,4108.21,4330.26,4617.44,4063.08,4608.21,4174.87,4193.85,4180.51,4253.33,4578.46,4319.49,0
4273.85,3988.72,4246.67,4107.18,4331.79,4614.36,4058.46,4598.46,4176.92,4194.36,4184.1,4254.36,4579.49,4321.03,0
4280,3993.33,4254.36,4112.31,4336.41,4605.64,4052.82,4589.74,4175.38,4202.56,4189.74,4258.97,4588.21,4324.1,0
4284.1,3994.36,4260,4113.85,4337.44,4607.69,4054.36,4594.87,4175.38,4206.67,4193.33,4267.18,4594.36,4330.26,0
4290.77,4000.51,4262.05,4116.92,4335.9,4613.85,4055.38,4605.13,4189.74,4213.33,4201.03,4275.38,4598.97,4341.03,0
4295.9,4008.21,4264.1,4122.56,4337.95,4612.31,4054.87,4608.72,4200,4220,4209.23,4279.49,4607.18,4349.23,0
4298.97,4010.77,4269.23,4123.59,4341.03,4612.31,4064.62,4614.36,4200,4225.13,4214.87,4280.51,4616.92,4352.82,0
4304.1,4011.28,4274.36,4121.54,4339.49,4618.46,4075.9,4627.69,4206.67,4233.33,4220,4286.15,4623.08,4357.44,0
4302.56,4011.79,4271.28,4125.13,4338.46,4622.05,4075.9,4632.31,4215.9,4237.95,4223.08,4291.28,4625.64,4362.56,0
4293.33,4007.69,4263.08,4121.54,4337.44,4620,4070.77,4622.56,4207.18,4233.85,4216.41,4286.15,4619.49,4349.74,0
4284.1,3997.44,4253.33,4110.77,4334.36,4617.44,4065.13,4607.69,4184.62,4221.03,4203.08,4269.74,4603.59,4326.15,0
4277.44,3996.41,4248.72,4112.82,4334.36,4614.36,4054.87,4595.38,4172.31,4209.23,4195.38,4257.95,4592.31,4319.49,0
4277.44,4002.05,4250.26,4117.44,4336.92,4612.31,4051.79,4592.31,4183.59,4210.77,4194.87,4262.05,4593.33,4326.67,0
4281.03,3997.95,4251.28,4109.23,4338.97,4611.28,4056.41,4596.41,4188.72,4217.95,4194.36,4265.13,4595.38,4325.64,0
4275.38,3987.69,4246.67,4102.05,4337.95,4614.87,4054.87,4598.46,4176.92,4213.33,4191.28,4256.41,4590.77,4321.54,0
4268.72,3986.67,4246.15,4105.13,4335.38,4618.97,4054.87,4603.59,4180,4207.18,4189.74,4255.9,4589.23,4324.62,0
4278.46,3994.87,4256.92,4111.79,4336.92,4618.46,4063.59,4608.21,4190.26,4211.79,4192.82,4264.62,4594.87,4333.33,0
4292.31,3999.49,4265.64,4120.51,4342.05,4616.41,4067.18,4602.56,4188.72,4216.92,4199.49,4271.28,4602.05,4345.64,0
4293.85,3999.49,4266.15,4124.62,4344.1,4617.95,4064.62,4604.62,4192.82,4223.59,4208.72,4274.87,4612.31,4351.79,0
4293.85,3998.97,4265.64,4120,4338.46,4621.54,4066.67,4614.87,4202.05,4231.28,4216.41,4280.51,4621.03,4351.79,0
4297.44,3998.97,4267.18,4120.51,4334.87,4621.03,4066.67,4611.28,4196.92,4230.26,4218.97,4283.59,4621.03,4353.85,0
4296.92,3994.36,4267.69,4123.08,4338.46,4616.92,4061.03,4600,4186.67,4225.13,4212.31,4281.03,4612.82,4349.23,0
4288.72,3989.23,4262.56,4117.44,4341.54,4616.92,4056.92,4600,4176.41,4216.41,4202.56,4272.31,4605.13,4340,0
4281.54,3990.77,4258.97,4112.82,4338.97,4617.44,4053.85,4602.56,4176.41,4207.69,4200.51,4266.67,4601.54,4337.95,0
4285.64,3993.85,4258.46,4114.36,4338.46,4613.33,4051.79,4598.97,4187.69,4210.77,4203.59,4268.72,4603.59,4344.1,0
4287.69,3993.33,4251.79,4115.9,4343.08,4614.36,4055.38,4598.46,4187.69,4219.49,4202.56,4268.72,4606.15,4341.03,0
4282.05,3991.79,4249.23,4116.41,4340.51,4617.95,4060,4602.05,4181.54,4217.95,4195.9,4264.62,4600.51,4334.36,0
4285.13,3992.31,4258.46,4118.46,4336.92,4616.41,4062.05,4601.54,4185.13,4214.36,4195.38,4264.62,4598.97,4340.51,0
4295.38,3995.38,4265.64,4122.05,4342.05,4614.36,4065.13,4601.03,4190.77,4217.44,4203.08,4272.82,4604.1,4349.74,0
4296.41,3997.95,4264.1,4123.59,4342.56,4616.41,4069.23,4609.74,4194.36,4223.59,4206.15,4276.92,4605.64,4346.15,0
4287.18,3996.41,4262.05,4120,4335.38,4618.46,4064.62,4610.77,4188.72,4222.56,4196.92,4270.26,4602.05,4335.9,0
4282.56,3993.85,4262.05,4113.33,4332.31,4616.41,4055.38,4596.92,4175.9,4211.79,4196.41,4266.15,4599.49,4334.87,0
4284.1,3993.33,4261.03,4110.77,4336.41,4616.41,4057.44,4594.36,4178.46,4211.79,4206.15,4269.23,4602.05,4341.03,0
4286.67,3994.87,4264.1,4113.85,4336.92,4618.97,4063.59,4605.13,4189.23,4217.95,4207.18,4271.79,4605.64,4346.15,0
4288.21,3995.9,4264.62,4116.92,4335.38,4617.44,4060,4607.18,4187.69,4215.9,4205.13,4270.77,4605.13,4346.67,0
4286.15,3995.9,4262.05,4118.46,4335.38,4615.38,4055.38,4605.13,4187.69,4216.41,4202.05,4268.21,4601.03,4339.49,0
4281.54,3994.36,4258.97,4115.38,4335.9,4614.87,4057.95,4603.59,4185.64,4218.97,4195.38,4263.59,4597.44,4333.85,0
4277.44,3994.36,4252.82,4110.77,4337.95,4615.9,4059.49,4597.95,4183.08,4216.41,4191.79,4258.97,4594.36,4333.33,0
4273.33,3993.85,4247.18,4108.72,4335.38,4614.87,4055.9,4597.95,4190.26,4215.9,4191.28,4255.9,4590.26,4331.28,0
4270.77,3985.64,4247.18,4107.18,4327.18,4613.33,4051.79,4603.08,4188.21,4213.85,4187.69,4254.36,4589.23,4327.69,0
4275.9,3985.13,4253.33,4106.67,4330.26,4612.31,4050.77,4597.44,4174.87,4211.79,4193.33,4261.03,4592.31,4333.85,0
4285.64,3991.28,4258.46,4112.31,4338.46,4614.36,4053.33,4592.31,4176.92,4214.36,4201.03,4271.28,4597.95,4342.05,0
4285.13,3988.72,4261.03,4114.87,4334.87,4616.41,4057.95,4601.54,4191.28,4214.36,4197.95,4274.87,4596.92,4339.49,0
4283.59,3986.67,4266.67,4115.9,4330.77,4615.38,4059.49,4606.67,4191.79,4213.85,4200.51,4278.46,4592.82,4341.03,0
4289.23,3991.28,4269.74,4120,4334.36,4617.95,4061.03,4605.64,4188.72,4218.97,4203.59,4281.03,4596.41,4345.13,0
4290.26,3988.21,4264.62,4116.92,4335.9,4622.05,4064.1,4608.21,4189.74,4217.44,4198.97,4274.87,4600,4342.05,0
4283.08,3982.05,4261.03,4108.72,4332.82,4619.49,4060,4607.18,4193.33,4214.87,4196.92,4271.79,4600,4338.97,0
4280,3985.13,4261.54,4108.21,4329.74,4613.33,4053.33,4607.69,4201.54,4224.62,4199.49,4272.82,4601.03,4338.46,0
4283.59,3985.64,4261.54,4112.31,4328.72,4609.23,4049.74,4610.77,4198.46,4227.69,4200.51,4269.23,4598.97,4335.38,0
4280.51,3982.05,4262.05,4107.69,4329.74,4611.28,4046.15,4605.13,4186.67,4218.46,4198.97,4267.18,4595.38,4334.87,0
4274.36,3983.08,4260,4103.08,4330.26,4614.36,4045.64,4601.54,4184.62,4216.41,4197.95,4268.72,4598.97,4335.38,0
4281.03,3986.15,4259.49,4109.74,4332.31,4614.87,4051.28,4607.69,4194.36,4223.59,4199.49,4269.74,4606.15,4336.41,0
4294.36,3991.79,4268.72,4121.03,4340,4618.97,4060.51,4613.33,4203.08,4229.74,4206.67,4274.36,4607.18,4342.05,0
4293.85,3995.9,4271.79,4122.56,4344.1,4624.1,4063.59,4617.44,4208.72,4232.31,4208.21,4277.95,4605.64,4345.64,0
4288.21,4000,4265.13,4124.62,4343.08,4623.59,4061.54,4616.92,4203.59,4232.82,4208.21,4274.87,4609.23,4346.15,0
4295.9,4007.18,4269.74,4136.41,4345.64,4620.51,4064.62,4611.28,4196.92,4230.77,4212.82,4277.95,4613.33,4348.72,0
4302.05,4009.74,4274.36,4135.9,4348.72,4620.51,4072.31,4612.31,4202.56,4232.31,4210.26,4282.56,4612.82,4346.67,0
4294.87,4003.08,4266.67,4128.21,4345.13,4624.1,4074.36,4612.82,4200,4232.31,4202.56,4277.95,4608.21,4340.51,0
4290.77,4000.51,4262.05,4130.26,4343.59,4624.62,4071.28,4606.67,4190.26,4227.18,4203.08,4274.36,4605.13,4338.46,0
4292.82,4002.56,4264.1,4133.85,4346.15,4618.97,4066.15,4604.1,4190.77,4224.1,4205.13,4275.38,4605.13,4340.51,0
4295.9,4001.54,4267.69,4135.38,4342.56,4613.33,4058.46,4601.03,4189.74,4224.1,4201.03,4276.41,4607.69,4341.54,0
4299.49,4004.1,4270.77,4134.87,4342.56,4614.36,4054.36,4597.95,4192.31,4227.69,4202.56,4278.97,4609.74,4342.05,0
4296.92,4006.67,4269.74,4129.23,4346.15,4618.97,4058.46,4606.15,4202.05,4233.33,4210.77,4281.54,4612.31,4342.56,0
4291.28,4003.59,4269.23,4131.79,4344.62,4621.54,4061.54,4611.79,4203.08,4233.33,4209.74,4283.08,4614.36,4344.62,0
4292.82,3996.92,4276.92,4139.49,4341.54,4625.64,4063.59,4609.74,4202.05,4228.21,4208.21,4288.21,4612.31,4343.59,0
4294.87,3993.33,4282.05,4132.31,4339.49,4627.69,4068.21,4615.38,4208.72,4229.23,4211.28,4293.85,4608.72,4340.51,0
4285.64,3991.79,4274.36,4121.03,4338.46,4628.72,4070.77,4621.03,4207.69,4234.36,4210.77,4289.74,4608.21,4337.95,0
4274.36,3989.23,4263.08,4120,4339.49,4628.72,4068.21,4617.44,4199.49,4233.85,4204.1,4277.95,4604.62,4332.31,0
4279.49,3988.21,4260.51,4123.08,4340,4623.08,4063.59,4609.23,4195.9,4226.15,4203.59,4273.33,4605.13,4335.38,0
4287.18,3992.31,4266.15,4125.13,4338.97,4616.92,4057.44,4604.1,4194.87,4221.03,4205.64,4278.97,4608.21,4342.56,0
4281.54,3990.77,4266.15,4121.54,4338.97,4615.38,4054.36,4607.69,4194.36,4222.05,4199.49,4276.41,4601.03,4336.41,0
4273.85,3980.51,4260.51,4117.95,4336.41,4617.95,4053.85,4608.72,4190.77,4220.51,4195.38,4264.62,4595.38,4329.74,0
4278.46,3976.92,4259.49,4118.97,4331.28,4618.97,4051.79,4597.95,4184.1,4221.03,4201.54,4266.15,4608.21,4338.46,0
4286.67,3986.67,4262.56,4121.54,4332.82,4617.95,4054.87,4595.9,4195.9,4228.21,4209.74,4275.38,4622.56,4347.69,0
4287.18,3993.85,4265.64,4121.54,4332.31,4619.49,4064.1,4608.72,4207.18,4227.69,4210.26,4272.82,4621.03,4342.56,0
4281.54,3988.21,4264.62,4118.97,4327.18,4621.03,4063.08,4614.36,4200.51,4224.62,4203.59,4267.69,4612.82,4336.41,0
4280.51,3983.59,4262.56,4118.46,4329.74,4620.51,4057.44,4611.28,4196.92,4227.69,4202.56,4269.74,4611.28,4341.03,0
4286.15,3987.69,4267.18,4120.51,4337.95,4617.95,4060.51,4611.28,4208.21,4231.28,4208.21,4275.38,4614.36,4346.15,0
4286.15,3986.15,4270.26,4122.05,4338.46,4616.92,4063.08,4613.85,4211.79,4231.28,4210.77,4276.41,4614.87,4340,0
4279.49,3978.46,4266.67,4118.97,4332.82,4617.95,4059.49,4610.77,4196.41,4226.67,4204.62,4269.74,4609.74,4332.82,0
4276.92,3975.9,4263.59,4120.51,4331.28,4615.9,4060,4603.59,4183.59,4217.44,4197.44,4264.1,4604.1,4335.38,0
4275.38,3975.9,4263.08,4118.46,4331.28,4615.38,4063.08,4601.54,4187.18,4213.33,4197.44,4268.72,4603.08,4334.87,0
4271.28,3970.77,4262.05,4110.26,4329.23,4618.97,4062.05,4606.15,4196.92,4216.92,4198.97,4269.74,4604.1,4329.23,0
4270.26,3971.79,4261.03,4113.85,4330.26,4618.97,4058.97,4607.69,4194.36,4218.46,4196.92,4263.08,4603.08,4328.72,0
4277.44,3981.54,4260.51,4123.59,4331.28,4615.9,4054.87,4605.13,4194.87,4221.03,4200,4266.67,4603.59,4335.9,0
4287.18,3987.69,4268.21,4124.62,4332.31,4614.87,4054.36,4609.23,4206.67,4230.77,4209.74,4279.49,4612.82,4345.13,0
4290.26,3986.15,4278.97,4122.05,4335.9,4617.44,4057.95,4611.79,4206.15,4236.92,4210.26,4286.67,4617.44,4347.69,0
4289.23,3986.67,4276.92,4123.59,4340,4623.59,4063.08,4612.31,4204.1,4235.38,4204.62,4281.54,4612.31,4345.64,0
4288.72,3987.69,4266.15,4124.1,4337.44,4628.72,4070.26,4622.05,4213.33,4231.28,4206.67,4277.44,4609.23,4338.97,0
4284.1,3982.56,4262.56,4118.97,4334.36,4626.67,4070.26,4627.18,4211.28,4225.13,4207.69,4279.49,4608.21,4331.79,0
4276.92,3976.92,4261.03,4110.77,4337.95,4626.15,4060.51,4620,4201.03,4223.08,4202.56,4277.95,4603.59,4329.74,0
4275.9,3976.92,4252.82,4103.59,4338.97,4631.28,4061.03,4614.87,4198.97,4225.13,4195.9,4271.28,4596.92,4326.15,0
4271.79,3977.44,4247.69,4101.03,4334.87,4627.18,4065.64,4614.87,4193.85,4222.05,4189.23,4264.62,4589.74,4318.97,0
4265.13,3975.9,4247.18,4097.95,4333.33,4617.95,4058.46,4610.77,4187.18,4215.38,4184.1,4260,4583.59,4315.9,0
4265.64,3974.36,4245.64,4094.36,4332.31,4614.87,4054.87,4608.21,4188.72,4211.79,4186.15,4260.51,4584.62,4318.46,0
4269.23,3975.38,4245.13,4092.31,4329.74,4615.38,4063.08,4604.62,4190.77,4212.82,4191.79,4262.56,4589.74,4319.49,0
4270.26,3978.46,4247.18,4093.33,4333.33,4617.44,4069.74,4608.21,4201.54,4221.03,4195.38,4264.1,4593.85,4323.08,0
4276.92,3985.64,4251.28,4100,4340.51,4622.05,4074.36,4621.03,4215.38,4231.79,4201.03,4270.26,4599.49,4331.79,0
4284.62,3991.28,4255.38,4106.67,4339.49,4625.13,4077.44,4621.03,4208.72,4234.87,4207.69,4277.95,4606.67,4338.46,0
4284.1,3992.31,4257.44,4106.15,4337.44,4624.1,4074.87,4611.28,4200,4236.41,4210.77,4280,4611.79,4339.49,0
4281.03,3992.31,4257.44,4105.64,4339.49,4625.13,4072.82,4612.31,4210.26,4240.51,4206.67,4280,4611.28,4339.49,0
4281.03,3986.15,4257.44,4104.62,4337.44,4626.15,4074.87,4616.92,4211.28,4234.36,4203.59,4276.41,4605.64,4338.97,0
4281.54,3980,4250.77,4101.03,4334.36,4625.64,4074.36,4613.85,4194.87,4223.08,4204.1,4270.26,4603.08,4335.9,0
4277.95,3982.56,4247.69,4100,4338.46,4625.13,4068.72,4609.74,4189.23,4221.54,4202.56,4270.77,4601.54,4334.36,0
4277.44,3989.23,4256.41,4103.59,4341.54,4621.54,4067.18,4611.28,4198.46,4224.1,4198.97,4274.36,4596.41,4334.87,0
4282.05,3991.28,4263.08,4106.67,4337.95,4619.49,4067.69,4615.38,4203.59,4225.13,4198.97,4273.85,4595.38,4335.9,0
4282.05,3987.69,4261.03,4104.1,4335.9,4621.54,4070.26,4619.49,4204.62,4225.64,4204.1,4276.92,4602.05,4336.41,0
4279.49,3987.69,4261.54,4099.49,4339.49,4621.54,4074.36,4620.51,4206.67,4232.31,4207.18,4281.03,4608.72,4341.03,0
4285.64,3995.9,4264.1,4101.54,4342.56,4623.08,4072.31,4615.9,4208.21,4240.51,4209.23,4279.49,4611.79,4347.18,0
4291.28,4001.54,4263.08,4107.69,4343.59,4628.72,4069.74,4616.92,4213.85,4244.1,4211.79,4275.38,4613.33,4344.1,0
4283.59,3994.87,4260,4109.23,4341.54,4629.23,4071.28,4622.56,4218.46,4242.56,4209.23,4270.77,4611.28,4333.85,0
4275.9,3988.72,4258.46,4106.15,4336.41,4621.03,4070.26,4620,4210.26,4232.82,4204.1,4264.62,4607.18,4333.85,0
4278.97,3991.79,4261.03,4104.1,4333.85,4617.95,4068.21,4617.44,4204.62,4222.56,4203.08,4264.1,4604.62,4340,0
4285.64,3994.36,4263.59,4103.59,4333.33,4622.05,4070.26,4623.08,4209.74,4224.62,4203.59,4270.26,4605.13,4339.49,0
4284.1,3989.74,4258.97,4102.05,4332.82,4622.56,4068.21,4619.49,4200.51,4228.72,4197.44,4273.33,4602.05,4333.33,0
4274.36,3982.05,4251.28,4095.38,4330.77,4617.44,4064.1,4608.72,4190.77,4220,4193.85,4266.67,4593.33,4329.23,0
4267.69,3978.97,4246.67,4088.21,4331.28,4614.36,4067.18,4609.74,4196.41,4215.38,4193.33,4260.51,4591.79,4330.26,0
4269.23,3982.56,4246.15,4093.33,4335.38,4616.41,4063.59,4608.72,4196.41,4223.59,4194.36,4262.05,4602.05,4335.9,0
4273.33,3986.67,4248.21,4102.56,4335.38,4614.36,4052.82,4597.44,4189.23,4223.59,4197.95,4267.18,4606.15,4338.97,0
4272.82,3984.62,4247.69,4103.08,4332.31,4612.82,4053.85,4594.87,4189.23,4213.33,4196.92,4265.64,4596.41,4336.41,0
4276.41,3986.15,4247.69,4103.08,4333.33,4614.36,4063.08,4603.08,4196.92,4215.38,4194.87,4266.15,4593.85,4338.97,0
4287.18,3993.33,4255.9,4106.15,4334.36,4615.38,4068.72,4611.79,4208.21,4226.15,4197.44,4272.82,4602.56,4343.59,0
4287.69,3994.36,4263.59,4106.15,4332.82,4617.44,4067.69,4616.92,4209.74,4227.18,4202.05,4274.36,4603.08,4342.56,0
4286.15,3993.33,4262.56,4105.64,4333.33,4615.38,4060.51,4613.33,4198.97,4224.1,4203.59,4270.26,4599.49,4344.62,0
4294.36,3999.49,4264.1,4105.64,4335.9,4612.82,4056.92,4612.31,4207.69,4229.23,4206.67,4276.92,4607.18,4352.82,0
4295.38,3998.97,4266.15,4103.08,4336.92,4615.9,4060.51,4620,4218.97,4231.79,4207.69,4278.46,4613.33,4350.26,0
4283.08,3987.69,4257.95,4101.54,4334.87,4616.92,4060,4610.77,4196.41,4218.97,4198.97,4266.15,4602.05,4335.38,0
4275.9,3985.64,4246.15,4096.41,4330.26,4612.31,4053.85,4586.15,4169.74,4205.64,4187.69,4260,4589.23,4328.72,0
4277.95,3990.77,4245.64,4092.82,4329.23,4612.82,4054.36,4578.46,4173.33,4202.05,4185.13,4263.08,4589.74,4333.33,0
4277.95,3985.13,4253.85,4098.97,4333.33,4617.44,4061.54,4588.21,4184.62,4206.67,4191.28,4266.15,4593.85,4340.51,0
4281.03,3987.18,4260.51,4105.64,4339.49,4619.49,4068.21,4593.33,4193.33,4216.92,4197.95,4273.85,4595.9,4347.18,0
4290.77,4004.62,4269.74,4112.31,4343.08,4622.05,4069.23,4597.95,4198.97,4223.08,4205.13,4283.08,4602.05,4352.82,0
4299.49,4014.87,4278.97,4120,4342.56,4620.51,4068.72,4604.1,4200.51,4227.18,4208.21,4284.1,4606.15,4357.95,0
4300.51,4015.9,4276.41,4122.05,4341.54,4616.92,4072.31,4610.26,4210.26,4235.9,4210.26,4286.15,4605.64,4361.03,0
4298.46,4018.46,4267.18,4118.97,4341.03,4616.41,4070.26,4613.33,4213.85,4237.44,4214.36,4287.18,4607.69,4357.95,0
4294.87,4014.87,4264.1,4116.92,4337.44,4617.44,4058.97,4607.69,4201.54,4227.18,4211.28,4277.44,4606.15,4349.74,0
4289.23,4006.67,4264.1,4110.26,4335.38,4616.92,4053.33,4601.54,4200,4220.51,4202.05,4271.28,4596.92,4341.54,0
4288.72,4007.18,4262.56,4105.64,4337.95,4613.33,4055.38,4600.51,4205.64,4219.49,4195.9,4270.77,4591.28,4339.49,0
4291.28,4010.77,4263.08,4110.77,4337.44,4612.31,4053.33,4595.38,4192.31,4217.95,4193.33,4267.18,4592.31,4342.05,0
4290.26,4010.77,4262.56,4111.79,4332.82,4613.33,4050.77,4587.18,4182.56,4218.97,4191.28,4264.1,4590.26,4341.54,0
4287.18,4008.72,4259.49,4108.21,4332.82,4611.79,4053.85,4593.33,4199.49,4221.54,4190.77,4266.67,4589.23,4338.46,0
4288.21,4007.18,4260,4109.23,4336.92,4613.33,4060,4605.64,4209.74,4226.15,4193.85,4268.21,4591.28,4340.51,0
4291.28,4008.72,4262.56,4113.33,4334.87,4616.92,4063.59,4605.13,4198.46,4227.18,4194.36,4266.15,4590.77,4340.51,0
4289.23,4008.21,4261.03,4110.26,4328.72,4610.77,4060,4598.46,4191.79,4220,4192.31,4266.15,4588.72,4335.9,0
4284.62,4004.62,4257.44,4107.69,4329.23,4603.59,4051.79,4597.44,4197.95,4215.38,4192.82,4266.67,4590.26,4336.92,0
4287.18,4005.64,4261.03,4113.33,4331.28,4606.15,4048.21,4598.97,4199.49,4216.92,4195.9,4268.21,4590.26,4341.03,0
4291.28,4008.72,4264.1,4120,4332.31,4607.18,4050.26,4598.46,4194.87,4220,4193.33,4266.15,4590.26,4343.59,0
4291.79,4010.26,4259.49,4119.49,4335.9,4606.15,4050.26,4600.51,4196.92,4225.13,4193.85,4261.03,4593.85,4345.64,0
4295.38,4014.36,4259.49,4118.46,4335.9,4611.79,4048.21,4602.05,4201.54,4225.64,4203.59,4264.1,4597.95,4346.67,0
4296.92,4014.87,4265.64,4118.97,4330.26,4615.38,4054.36,4605.13,4203.59,4221.54,4202.56,4271.28,4594.87,4342.05,0
4293.85,4010.77,4263.59,4121.03,4331.28,4613.85,4061.54,4610.26,4208.72,4228.72,4193.33,4271.28,4590.77,4339.49,0
4295.38,4010.77,4266.15,4123.08,4336.92,4613.85,4060.51,4611.79,4207.18,4236.92,4194.36,4273.85,4591.28,4343.59,0
4298.97,4011.28,4274.36,4123.08,4335.38,4612.31,4058.46,4610.26,4197.44,4228.21,4197.44,4279.49,4589.74,4344.1,0
4293.85,4006.67,4269.23,4121.54,4331.28,4612.82,4061.54,4609.23,4196.92,4216.92,4192.31,4274.87,4584.1,4338.97,0
4280.51,4003.08,4261.54,4120,4333.33,4616.41,4066.67,4613.85,4205.13,4216.92,4187.69,4267.18,4580.51,4332.82,0
4276.41,4003.08,4263.59,4120,4337.44,4615.9,4064.62,4613.85,4202.56,4218.97,4186.15,4269.23,4580,4328.72,0
4278.46,4001.54,4258.97,4121.03,4336.41,4611.28,4057.44,4603.08,4188.21,4211.28,4181.03,4267.69,4575.38,4324.1,0
4275.9,4002.05,4249.74,4118.46,4333.85,4611.79,4054.87,4599.49,4187.69,4205.13,4176.92,4260.51,4570.77,4323.08,0
4277.44,4006.67,4251.28,4120.51,4336.41,4614.87,4060,4607.69,4201.54,4213.85,4184.62,4264.62,4580,4334.87,0
4282.56,4007.18,4253.85,4124.62,4337.95,4613.85,4064.62,4608.72,4203.59,4221.54,4192.82,4269.23,4589.74,4339.49,0
4277.44,3999.49,4248.21,4116.92,4330.77,4612.82,4065.13,4605.13,4196.41,4216.41,4185.64,4263.08,4580,4328.72,0
4275.38,3994.36,4247.18,4108.72,4326.67,4612.82,4065.64,4610.26,4198.97,4213.85,4185.64,4264.62,4574.87,4330.26,0
4286.67,4001.54,4254.36,4115.38,4331.79,4613.85,4068.72,4614.87,4212.31,4223.08,4197.95,4274.87,4586.15,4341.54,0
4291.79,4009.74,4264.1,4123.59,4337.95,4617.44,4074.36,4617.44,4220.51,4228.21,4196.41,4274.36,4591.28,4341.03,0
4288.72,4012.82,4262.56,4123.08,4337.95,4623.08,4076.41,4621.54,4218.46,4228.21,4188.21,4264.1,4584.62,4335.38,0
4283.08,4009.23,4250.26,4121.03,4336.41,4623.59,4076.41,4620,4213.33,4229.74,4190.26,4259.49,4583.59,4331.28,0
4280,4006.15,4246.67,4120.51,4337.95,4618.97,4074.87,4611.79,4205.13,4226.67,4191.28,4260,4589.74,4331.28,0
4287.69,4013.85,4256.41,4125.64,4339.49,4615.38,4068.72,4607.18,4201.03,4224.1,4191.79,4264.1,4592.31,4337.95,0
4289.74,4017.95,4257.95,4128.21,4334.87,4615.38,4066.67,4610.26,4205.13,4225.64,4194.36,4268.21,4585.13,4332.31,0
4278.46,4004.1,4248.72,4118.97,4326.15,4614.36,4065.64,4608.21,4203.59,4220,4188.72,4264.62,4576.92,4320,0
4277.95,3997.44,4247.18,4115.38,4329.74,4610.77,4061.54,4602.56,4196.41,4211.28,4189.74,4263.59,4589.23,4331.79,0
4286.67,4008.72,4252.31,4122.56,4336.41,4610.77,4061.54,4607.18,4197.95,4216.92,4203.08,4269.23,4606.15,4348.21,0
4281.03,4007.18,4249.23,4121.54,4328.21,4614.36,4068.21,4621.03,4206.15,4220.51,4202.05,4267.18,4601.03,4338.97,0
4273.85,3997.44,4242.56,4115.38,4321.54,4614.87,4070.26,4623.59,4206.67,4214.87,4194.36,4261.03,4591.28,4330.77,0
4280,4004.1,4246.15,4122.05,4333.85,4613.33,4066.15,4612.82,4203.59,4221.54,4203.08,4268.72,4601.03,4342.56,0
4288.72,4013.85,4257.44,4130.26,4345.64,4615.38,4066.15,4608.72,4209.23,4236.41,4213.85,4279.49,4613.85,4349.23,0
4288.72,4010.26,4256.41,4125.64,4338.97,4617.44,4067.18,4612.82,4212.82,4234.87,4210.77,4274.87,4609.74,4338.97,0
4280.51,4003.08,4249.74,4119.49,4329.74,4613.33,4062.05,4613.85,4204.1,4223.59,4201.03,4270.77,4598.46,4333.33,0
4275.9,4001.03,4254.36,4120.51,4328.21,4610.26,4061.03,4611.79,4197.44,4220.51,4197.95,4272.82,4595.9,4338.46,0
4281.54,4002.05,4262.05,4123.59,4329.74,4612.31,4067.18,4611.79,4202.56,4221.54,4202.05,4274.87,4597.44,4339.49,0
4285.64,4004.62,4262.56,4122.56,4329.74,4611.79,4067.18,4610.77,4200.51,4220.51,4206.67,4274.87,4596.92,4336.41,0
4284.62,4007.69,4262.05,4123.59,4331.28,4608.21,4064.62,4608.72,4190.26,4214.36,4201.54,4273.33,4594.36,4337.95,0
4289.23,4008.21,4266.15,4128.72,4330.77,4605.13,4065.64,4603.08,4192.82,4211.28,4194.87,4272.31,4592.82,4336.41,0
4286.67,4002.56,4264.1,4124.1,4324.62,4600.51,4061.03,4595.38,4194.36,4211.28,4194.36,4270.26,4589.74,4327.69,0
4279.49,3998.97,4253.33,4114.87,4326.67,4601.03,4053.85,4597.44,4189.23,4208.21,4193.85,4266.15,4586.15,4324.62,0
4282.56,4003.59,4245.64,4115.38,4334.36,4608.72,4054.36,4606.67,4199.49,4211.79,4194.36,4263.59,4588.72,4330.77,0
4286.67,4009.23,4247.69,4121.03,4335.9,4611.79,4058.97,4611.28,4214.87,4229.23,4201.03,4266.67,4598.46,4336.92,0
4289.74,4014.36,4253.85,4122.56,4338.46,4612.82,4058.46,4617.44,4214.87,4237.95,4210.77,4272.31,4610.26,4344.62,0
4291.28,4016.92,4252.82,4119.49,4343.08,4620.51,4062.56,4625.64,4211.79,4232.31,4217.44,4276.41,4613.85,4348.72,0
4288.21,4012.31,4249.74,4116.41,4343.08,4625.64,4070.26,4625.13,4211.79,4231.79,4215.9,4279.49,4608.21,4344.1,0
4286.67,4007.18,4256.41,4116.41,4341.03,4620.51,4072.82,4622.05,4209.23,4234.36,4207.69,4278.97,4599.49,4334.87,0
4287.18,4006.15,4263.59,4113.85,4339.49,4615.9,4072.82,4623.08,4209.74,4228.72,4200,4272.82,4589.74,4330.77,0
4280.51,4004.1,4254.36,4106.15,4336.92,4618.46,4075.38,4625.64,4213.85,4222.56,4203.08,4266.67,4589.74,4333.33,0
4278.97,4004.62,4244.1,4104.1,4337.44,4624.1,4078.46,4627.69,4215.38,4227.69,4210.26,4268.72,4600,4336.92,0
4285.64,4008.21,4248.21,4106.67,4337.95,4624.1,4076.92,4626.15,4214.87,4234.36,4209.74,4270.77,4602.05,4337.44,0
4281.54,4005.13,4247.69,4100,4333.33,4616.92,4071.28,4621.03,4211.79,4227.69,4204.62,4267.18,4592.82,4332.82,0
4275.9,4000,4242.05,4094.36,4332.31,4615.38,4065.13,4621.54,4215.38,4223.59,4205.13,4265.64,4593.85,4330.26,0
4280.51,4004.62,4244.62,4101.03,4338.46,4618.97,4064.1,4624.62,4224.1,4240,4212.31,4266.15,4603.08,4334.87,0
4283.59,4013.85,4247.69,4108.72,4340,4616.92,4063.59,4619.49,4219.49,4250.77,4214.36,4263.08,4606.15,4340.51,0
4283.59,4013.85,4245.13,4104.62,4333.33,4615.38,4060,4612.82,4209.23,4240,4209.74,4262.56,4606.67,4343.59,0
4285.64,4005.13,4249.23,4097.95,4330.77,4616.41,4061.03,4614.36,4211.28,4237.44,4210.26,4270.77,4608.72,4345.64,0
4287.18,4009.23,4257.44,4101.54,4334.87,4616.92,4066.67,4616.41,4213.85,4240.51,4213.85,4276.92,4608.21,4344.62,0
4284.1,4024.62,4255.38,4108.21,4337.44,4618.97,4068.21,4608.72,4203.59,4229.74,4209.23,4270.77,4597.95,4338.97,0
4281.54,4029.23,4249.74,4108.21,4336.41,4619.49,4063.59,4602.56,4197.95,4221.03,4198.46,4263.08,4583.59,4333.85,0
4282.05,4022.05,4250.77,4105.64,4334.87,4618.46,4060.51,4605.64,4200,4221.54,4191.79,4264.1,4581.54,4331.79,0
4278.97,4022.05,4250.77,4106.15,4335.38,4618.46,4061.03,4607.18,4202.56,4220.51,4191.79,4262.56,4581.54,4329.23,0
4276.92,4023.08,4246.67,4104.1,4337.95,4616.92,4059.49,4607.18,4208.21,4226.15,4194.87,4257.95,4581.03,4329.74,0
4280,4017.95,4246.67,4100,4337.95,4614.87,4053.85,4605.64,4209.74,4232.31,4195.38,4258.46,4586.15,4332.31,0
4278.97,4017.95,4248.21,4101.03,4338.97,4615.9,4050.77,4598.97,4198.46,4226.67,4193.85,4260.51,4588.72,4333.33,0
4275.9,4022.56,4248.72,4105.13,4342.05,4617.44,4056.41,4595.38,4191.28,4218.97,4195.38,4261.54,4585.13,4334.87,0
4282.56,4025.13,4256.41,4107.69,4341.54,4617.95,4063.08,4601.54,4198.97,4222.56,4196.41,4267.18,4587.69,4338.97,0
4291.28,4025.13,4264.62,4106.67,4335.9,4616.92,4068.21,4609.74,4205.64,4227.69,4196.92,4271.79,4593.85,4336.41,0
4287.69,4023.59,4266.15,4105.13,4332.31,4616.92,4070.77,4613.33,4201.54,4225.13,4201.54,4272.31,4591.28,4331.28,0
4285.64,4025.13,4265.13,4109.23,4336.92,4621.54,4069.74,4609.74,4196.92,4223.08,4204.62,4273.33,4588.21,4339.49,0
4293.85,4030.26,4267.69,4115.9,4343.59,4621.54,4066.15,4598.46,4192.82,4225.64,4202.05,4272.82,4592.82,4348.72,0
4296.41,4037.44,4266.15,4116.92,4344.62,4617.95,4065.13,4592.82,4195.9,4228.21,4197.95,4267.69,4597.44,4343.59,0
4292.82,4041.03,4262.05,4117.44,4346.15,4620,4067.69,4603.08,4206.15,4228.72,4201.54,4268.21,4598.97,4341.03,0
4293.85,4042.56,4263.08,4121.54,4351.28,4626.67,4069.23,4615.38,4211.79,4234.36,4210.26,4276.92,4601.54,4350.77,0
4297.44,4043.08,4267.69,4122.56,4349.74,4628.21,4065.64,4616.92,4211.79,4243.08,4216.41,4282.56,4609.23,4355.9,0
4297.95,4043.08,4270.26,4121.03,4346.15,4624.62,4061.54,4613.85,4209.74,4243.59,4214.87,4280.51,4613.85,4352.31,0
4297.95,4043.59,4272.31,4123.08,4350.77,4624.1,4066.15,4616.41,4212.31,4239.49,4212.31,4281.03,4609.74,4350.77,0
4298.46,4044.62,4274.87,4124.62,4351.28,4627.18,4073.33,4624.1,4211.28,4238.46,4211.79,4280.51,4602.56,4349.74,0
4296.41,4046.15,4269.74,4122.05,4348.72,4628.72,4073.85,4626.67,4208.72,4239.49,4209.74,4274.87,4601.03,4345.13,0
4294.87,4045.64,4262.05,4121.54,4351.79,4632.31,4075.38,4624.62,4211.28,4238.97,4206.67,4272.31,4604.1,4341.03,0
4289.23,4043.59,4262.05,4120.51,4350.26,4631.79,4078.46,4621.54,4213.33,4237.95,4204.1,4271.28,4601.54,4336.41,0
4284.1,4041.54,4263.08,4117.95,4342.05,4623.08,4070.77,4613.85,4206.67,4237.44,4201.54,4266.15,4595.38,4330.77,0
4285.64,4038.97,4263.08,4114.36,4337.95,4617.44,4062.05,4605.64,4202.05,4231.28,4197.44,4264.62,4591.79,4332.82,0
4287.18,4034.87,4263.59,4110.26,4335.38,4621.03,4062.05,4609.74,4207.69,4223.59,4196.41,4267.69,4590.26,4338.46,0
4286.15,4031.28,4261.54,4107.69,4335.38,4623.59,4060.51,4614.36,4200.51,4220.51,4197.95,4269.74,4589.23,4337.95,0
4292.31,4037.95,4258.97,4114.36,4343.59,4622.56,4058.97,4608.21,4191.79,4224.62,4202.05,4275.38,4593.85,4341.03,0
4298.97,4045.64,4263.59,4122.05,4348.72,4625.13,4066.15,4610.77,4202.05,4231.79,4207.69,4281.03,4602.56,4349.23,0
4297.44,4043.59,4272.82,4123.08,4346.67,4629.74,4073.33,4626.15,4213.33,4236.41,4209.23,4282.05,4603.59,4351.79,0
4298.46,4045.13,4278.46,4123.59,4348.21,4633.85,4072.82,4629.74,4217.44,4240.51,4211.79,4286.15,4604.62,4354.87,0
4301.54,4052.31,4273.33,4124.1,4346.67,4634.36,4071.79,4624.62,4220,4244.62,4214.87,4285.64,4612.82,4356.41,0
4296.41,4048.72,4265.64,4121.03,4342.05,4630.77,4075.9,4626.67,4217.95,4244.62,4212.82,4277.95,4612.31,4349.23,0
4294.87,4044.62,4264.62,4119.49,4343.08,4631.28,4077.44,4627.18,4212.82,4239.49,4206.15,4278.97,4603.08,4347.69,0
4301.03,4047.18,4273.85,4122.05,4347.18,4633.33,4071.79,4622.05,4216.92,4237.95,4205.13,4281.54,4602.05,4352.31,0
4301.03,4046.15,4278.97,4121.54,4345.13,4630.77,4066.67,4622.56,4217.95,4238.97,4208.21,4278.97,4606.15,4347.69,0
4295.38,4041.03,4271.28,4114.87,4341.03,4627.69,4068.21,4624.62,4214.87,4239.49,4205.64,4279.49,4602.05,4341.54,0
4290.77,4037.95,4262.56,4113.33,4341.54,4630.26,4068.72,4616.92,4210.77,4237.44,4198.46,4274.87,4596.41,4341.03,0
4288.72,4038.46,4262.56,4120,4347.69,4633.85,4062.05,4608.21,4198.46,4231.79,4195.9,4264.62,4595.38,4339.49,0
4289.23,4045.64,4263.59,4123.59,4351.28,4634.36,4059.49,4610.26,4196.41,4228.21,4195.38,4266.15,4593.85,4336.41,0
4290.77,4048.21,4260.51,4121.03,4346.15,4633.33,4066.15,4617.44,4211.79,4229.74,4195.9,4272.31,4593.33,4337.44,0
4293.85,4046.15,4266.67,4122.56,4344.1,4632.82,4072.31,4620,4216.92,4234.36,4204.62,4274.36,4600,4346.15,0
4294.87,4045.13,4276.92,4125.13,4349.23,4634.36,4075.9,4623.08,4211.28,4238.46,4211.28,4279.49,4606.67,4347.18,0
4291.28,4045.64,4282.56,4124.1,4351.79,4633.33,4077.44,4624.62,4216.41,4241.03,4207.69,4283.08,4605.64,4342.05,0
4293.33,4051.28,4282.05,4124.1,4349.74,4632.82,4075.38,4621.03,4222.05,4242.56,4207.69,4284.1,4605.13,4348.72,0
4301.03,4053.85,4281.03,4126.15,4348.21,4629.74,4070.26,4617.44,4213.33,4238.97,4212.31,4289.74,4610.26,4360.51,0
4302.56,4051.28,4281.03,4126.67,4346.67,4622.56,4066.67,4613.85,4202.56,4231.79,4210.77,4294.87,4610.77,4358.46,0
4300,4051.28,4281.03,4127.18,4345.64,4621.54,4067.18,4610.26,4204.62,4231.79,4208.21,4292.82,4606.67,4351.79,0
4298.97,4050.26,4277.44,4125.64,4345.64,4627.69,4067.18,4612.82,4211.28,4239.49,4209.74,4287.69,4606.67,4351.28,0
4293.33,4042.05,4267.18,4121.54,4341.03,4630.26,4062.56,4615.9,4209.23,4237.95,4206.67,4278.97,4608.21,4347.18,0
4286.67,4038.97,4260.51,4118.97,4337.44,4626.67,4057.95,4614.36,4205.13,4229.74,4201.54,4274.36,4604.62,4343.08,0
4290.26,4045.64,4268.21,4122.56,4342.56,4620,4060.51,4617.44,4212.31,4232.31,4202.56,4278.97,4603.08,4346.67,0
4300,4049.74,4279.49,4130.26,4346.67,4617.95,4064.1,4621.03,4215.38,4238.97,4207.18,4284.62,4606.67,4351.28,0
4303.08,4050.77,4282.05,4136.41,4346.15,4623.59,4063.08,4614.36,4205.13,4237.44,4206.67,4286.15,4607.18,4352.82,0
4303.59,4053.33,4280.51,4138.97,4346.67,4627.18,4065.64,4609.74,4201.54,4229.23,4205.13,4288.72,4607.18,4354.87,0
4307.18,4056.41,4279.49,4138.46,4346.15,4626.67,4072.82,4614.36,4206.67,4226.15,4207.18,4289.74,4608.72,4358.46,0
4307.18,4058.97,4280,4137.95,4345.64,4627.69,4072.31,4615.38,4206.67,4233.33,4208.72,4286.15,4610.77,4356.92,0
4301.03,4055.9,4277.95,4138.97,4347.18,4627.69,4064.62,4612.82,4207.18,4235.38,4204.62,4280.51,4607.18,4349.74,0
4295.38,4047.18,4269.74,4135.38,4347.18,4629.74,4066.15,4615.9,4215.9,4229.74,4196.41,4273.33,4598.46,4343.08,0
4295.38,4043.08,4264.1,4130.77,4350.26,4632.82,4069.74,4617.44,4217.44,4232.82,4195.38,4271.28,4596.41,4343.59,0
4297.44,4044.1,4270.26,4132.31,4353.85,4631.28,4067.69,4612.31,4213.33,4244.1,4204.1,4276.41,4605.13,4348.21,0
4297.44,4047.18,4275.9,4136.92,4350.26,4631.28,4070.77,4612.82,4217.95,4243.08,4209.74,4282.05,4607.18,4350.26,0
4297.95,4053.33,4276.41,4138.46,4347.69,4631.79,4075.38,4618.46,4220,4236.92,4207.18,4286.15,4606.15,4353.33,0
4303.59,4057.95,4280,4138.97,4351.79,4626.67,4072.31,4615.9,4211.79,4241.54,4208.21,4288.72,4612.31,4358.97,0
4301.03,4053.33,4280,4137.44,4348.21,4625.13,4071.28,4610.77,4203.59,4240.51,4210.77,4285.13,4614.87,4355.38,0
4291.28,4048.21,4275.9,4133.85,4338.97,4627.18,4074.36,4611.28,4203.08,4229.23,4206.15,4277.44,4607.69,4346.67,0
4292.82,4051.79,4278.46,4135.9,4338.97,4621.54,4067.69,4608.72,4207.69,4228.21,4203.59,4277.95,4606.15,4347.18,0
4297.95,4057.44,4279.49,4138.97,4345.13,4623.59,4064.62,4607.69,4208.21,4234.87,4208.72,4284.62,4611.79,4351.28,0
4297.95,4055.9,4277.44,4136.92,4347.18,4632.82,4072.31,4610.26,4204.1,4229.74,4210.77,4288.72,4613.85,4356.41,0
4295.9,4051.79,4278.46,4136.41,4345.64,4628.72,4072.82,4611.28,4205.64,4222.56,4207.18,4286.15,4609.23,4356.41,0
4293.33,4053.33,4276.92,4138.97,4347.18,4623.59,4066.15,4616.41,4215.38,4227.18,4200.51,4278.46,4603.59,4349.74,0
4293.85,4058.97,4272.82,4138.46,4351.79,4631.28,4066.15,4621.54,4215.9,4233.33,4194.87,4277.44,4602.56,4347.18,0
4297.44,4060.51,4274.36,4142.56,4353.33,4634.87,4067.18,4610.77,4205.13,4232.82,4196.41,4279.49,4608.21,4350.77,0
4296.92,4062.05,4275.9,4148.72,4351.28,4628.72,4067.69,4603.59,4202.56,4234.87,4204.62,4279.49,4613.33,4354.87,0
4297.44,4065.64,4276.92,4148.72,4352.31,4629.23,4073.85,4615.38,4214.36,4239.49,4209.23,4281.54,4614.87,4354.36,0
4303.08,4065.64,4274.87,4150.26,4351.28,4632.82,4075.38,4621.03,4216.92,4240,4200.51,4277.95,4612.82,4347.69,0
4301.03,4063.59,4267.69,4151.79,4347.18,4630.26,4071.28,4612.82,4209.23,4236.41,4197.95,4270.26,4612.82,4347.18,0
4297.44,4061.54,4267.18,4146.15,4345.13,4628.72,4074.36,4612.31,4210.26,4233.33,4205.13,4273.85,4616.92,4355.38,0
4297.95,4058.97,4272.31,4140.51,4344.1,4632.31,4080,4616.41,4211.28,4232.31,4200.51,4277.95,4614.36,4350.26,0
4290.26,4053.85,4268.21,4139.49,4344.1,4631.28,4076.41,4608.72,4198.46,4227.69,4184.62,4268.21,4600,4333.33,0
4285.13,4047.18,4264.62,4137.44,4345.13,4624.62,4068.72,4600,4190.26,4217.95,4176.92,4260.51,4588.72,4330.26,0
4290.26,4046.15,4272.31,4135.38,4347.18,4623.08,4066.67,4601.03,4194.36,4212.82,4179.49,4266.67,4592.31,4338.97,0
4294.36,4051.79,4275.9,4137.44,4349.23,4626.67,4069.23,4606.67,4203.59,4221.03,4188.21,4273.33,4601.54,4347.69,0
4298.46,4055.38,4266.67,4138.46,4351.79,4630.26,4073.85,4618.97,4219.49,4230.77,4196.41,4279.49,4606.67,4352.31,0
4303.59,4055.38,4261.03,4139.49,4352.31,4632.31,4077.44,4628.72,4224.62,4234.36,4193.85,4284.1,4609.23,4350.26,0
4299.49,4054.36,4267.18,4135.9,4354.36,4630.77,4077.95,4621.03,4210.77,4233.33,4191.28,4278.46,4608.21,4347.69,0
4297.44,4056.92,4274.87,4133.33,4357.44,4631.28,4075.38,4612.82,4205.64,4230.77,4195.9,4277.44,4611.79,4352.31,0
4302.56,4060,4271.28,4135.9,4356.41,4633.85,4074.87,4613.85,4209.23,4232.31,4198.97,4283.59,4618.97,4358.46,0
4305.64,4060,4267.69,4137.44,4354.36,4632.31,4075.9,4614.87,4205.64,4237.44,4197.44,4284.62,4618.97,4358.97,0
4304.1,4056.92,4267.18,4132.31,4353.33,4630.77,4074.87,4617.44,4207.69,4236.92,4196.92,4282.56,4617.44,4355.9,0
4300.51,4052.82,4266.67,4124.62,4354.36,4632.82,4074.87,4627.18,4216.41,4235.38,4198.97,4282.05,4618.46,4354.87,0
4298.97,4049.74,4263.08,4123.08,4355.38,4631.28,4072.82,4625.64,4216.92,4240.51,4196.92,4276.92,4613.85,4349.74,0
4298.97,4045.13,4253.85,4123.08,4352.31,4628.21,4071.28,4615.9,4215.38,4245.64,4191.28,4267.18,4609.74,4343.08,0
4294.36,4042.05,4249.23,4119.49,4345.64,4629.74,4076.41,4620.51,4223.59,4247.69,4193.85,4266.67,4613.85,4345.64,0
4292.31,4043.59,4258.97,4117.95,4344.62,4631.79,4080.51,4629.74,4230.26,4248.72,4200,4275.9,4618.97,4353.85,0
4298.97,4049.23,4269.74,4123.59,4349.23,4631.79,4076.41,4626.15,4225.13,4251.79,4198.46,4281.54,4619.49,4356.41,0
4299.49,4049.23,4266.67,4124.62,4346.67,4630.77,4073.85,4613.85,4205.13,4244.62,4192.82,4278.46,4614.36,4350.26,0
4293.85,4043.08,4261.54,4115.9,4337.95,4627.18,4072.82,4606.67,4193.33,4226.15,4189.74,4274.36,4605.64,4345.13,0
4297.44,4043.08,4268.72,4113.85,4340,4624.62,4071.28,4614.36,4205.13,4222.56,4190.26,4280,4604.62,4348.72,0
4304.1,4048.72,4276.92,4122.05,4351.28,4626.15,4073.33,4621.54,4216.92,4234.87,4194.36,4286.15,4611.79,4357.44,0
4301.03,4053.33,4270.77,4125.13,4353.33,4630.26,4073.85,4615.9,4210.77,4237.95,4195.38,4283.59,4614.36,4360.51,0
4296.92,4052.82,4262.05,4122.05,4347.69,4628.72,4072.82,4613.85,4206.67,4231.28,4192.82,4276.92,4609.74,4356.92,0
4297.95,4047.69,4264.62,4117.95,4345.13,4623.59,4077.44,4619.49,4209.74,4228.72,4191.79,4273.33,4606.67,4350.26,0
4295.38,4045.64,4266.15,4112.82,4341.03,4623.08,4076.41,4617.44,4203.08,4224.1,4187.18,4274.87,4603.08,4347.18,0
4291.79,4046.67,4260,4109.74,4337.95,4619.49,4067.69,4608.72,4192.31,4217.95,4182.05,4271.79,4598.46,4348.21,0
4292.82,4048.21,4257.95,4112.82,4341.54,4617.95,4067.69,4605.64,4191.79,4223.08,4188.21,4268.72,4601.54,4350.77,0
4294.87,4050.26,4262.05,4119.49,4343.59,4623.59,4073.85,4608.21,4198.97,4230.77,4194.87,4275.38,4607.69,4353.33,0
4296.41,4054.36,4264.1,4124.1,4344.1,4625.13,4070.77,4612.31,4203.08,4229.23,4192.82,4282.05,4605.13,4355.38,0
4303.08,4055.38,4265.64,4123.59,4344.62,4617.44,4065.13,4606.15,4194.87,4225.64,4193.33,4280,4603.08,4357.95,0
4303.08,4054.87,4265.64,4122.05,4340,4614.87,4065.13,4596.41,4186.67,4224.62,4194.36,4275.38,4604.62,4357.44,0
4297.44,4052.82,4265.13,4121.54,4337.95,4619.49,4067.18,4598.97,4195.38,4225.64,4194.36,4276.92,4606.67,4354.87,0
4301.03,4050.26,4269.74,4122.05,4344.62,4621.54,4065.64,4605.64,4205.64,4229.74,4200.51,4284.1,4613.33,4361.03,0
4307.69,4050.77,4277.44,4123.08,4346.67,4621.03,4062.05,4605.64,4204.1,4233.33,4209.23,4289.23,4620,4370.26,0
4301.54,4050.26,4277.95,4122.05,4341.03,4621.03,4062.56,4605.64,4196.41,4232.82,4204.62,4285.64,4615.9,4366.15,0
4295.38,4044.62,4273.85,4120.51,4337.95,4621.54,4065.13,4608.21,4195.38,4228.21,4195.9,4281.03,4608.72,4354.87,0
4297.95,4045.64,4271.79,4121.54,4342.56,4620.51,4064.1,4609.74,4203.08,4226.67,4197.44,4282.56,4608.72,4355.9,0
4297.95,4052.82,4269.74,4122.56,4346.15,4620.51,4063.59,4605.64,4201.03,4226.67,4199.49,4282.05,4614.36,4360,0
4292.82,4053.33,4267.18,4122.56,4342.56,4622.56,4068.21,4598.97,4194.36,4223.08,4198.97,4278.97,4617.44,4355.38,0
4292.31,4049.23,4263.59,4122.56,4339.49,4622.56,4068.72,4599.49,4199.49,4223.59,4199.49,4278.46,4610.26,4349.23,0
4290.77,4048.72,4263.08,4120.51,4340,4621.54,4065.64,4603.59,4202.05,4226.67,4195.38,4274.36,4601.03,4346.15,0
4286.67,4048.72,4263.59,4120,4338.97,4620,4060.51,4595.9,4189.74,4223.08,4188.21,4265.64,4601.03,4344.1,0
4285.13,4048.21,4255.9,4119.49,4337.95,4616.92,4055.38,4587.69,4186.15,4213.33,4189.23,4260.51,4601.54,4343.08,0
4283.59,4048.21,4248.72,4115.38,4341.54,4616.41,4057.95,4598.46,4198.46,4215.9,4194.36,4264.62,4601.03,4342.05,0
4286.67,4049.23,4256.41,4113.85,4344.62,4618.46,4058.46,4607.18,4198.97,4222.56,4192.82,4266.15,4604.62,4344.1,0
4291.79,4053.85,4264.1,4120,4343.08,4617.44,4054.36,4597.44,4193.85,4216.92,4189.23,4262.56,4603.59,4347.18,0
4289.23,4056.41,4258.46,4123.08,4345.13,4619.49,4057.44,4594.87,4198.46,4212.82,4189.23,4263.08,4596.92,4344.62,0
4282.56,4051.28,4250.26,4121.03,4347.18,4623.08,4064.62,4602.56,4203.08,4220.51,4187.18,4262.56,4594.87,4339.49,0
4281.54,4049.23,4249.23,4118.46,4346.67,4620.51,4065.13,4602.56,4200,4228.72,4186.67,4262.05,4598.97,4338.97,0
4282.56,4053.33,4252.31,4116.92,4346.15,4614.36,4063.08,4596.92,4200.51,4226.15,4191.79,4265.64,4603.08,4340.51,0
4281.03,4047.18,4251.79,4113.33,4344.1,4613.85,4066.67,4599.49,4200,4219.49,4192.82,4265.13,4597.95,4337.95,0
4280,4036.92,4247.18,4107.18,4344.1,4616.92,4071.28,4605.64,4197.44,4218.46,4189.74,4261.54,4590.26,4334.87,0
4276.92,4037.95,4250.26,4109.23,4345.13,4618.46,4071.79,4604.1,4197.95,4217.95,4186.15,4260.51,4591.28,4336.92,0
4277.95,4043.08,4255.9,4117.44,4345.13,4620.51,4070.26,4598.46,4191.79,4210.26,4180,4258.97,4590.77,4336.92,0
4284.1,4041.54,4253.85,4118.46,4344.1,4622.56,4070.26,4595.38,4185.64,4206.67,4179.49,4258.97,4588.72,4335.38,0
4284.1,4039.49,4252.82,4117.95,4347.69,4623.08,4076.41,4603.59,4201.54,4217.95,4189.74,4263.59,4596.41,4340,0
4280.51,4042.56,4255.9,4121.54,4347.69,4625.64,4079.49,4613.33,4207.69,4223.59,4194.36,4264.1,4604.62,4348.21,0
4286.15,4044.1,4260.51,4119.49,4342.05,4626.67,4073.85,4606.15,4192.31,4217.95,4189.74,4268.72,4603.08,4351.28,0
4297.95,4050.77,4268.21,4121.54,4347.69,4623.59,4068.21,4597.95,4197.44,4222.05,4196.41,4277.44,4606.15,4355.38,0
4303.08,4061.03,4272.31,4134.87,4357.44,4626.15,4071.28,4603.59,4214.87,4235.38,4208.21,4276.41,4617.44,4358.46,0
4304.62,4065.13,4265.13,4140.51,4357.95,4631.79,4074.87,4604.62,4205.64,4234.87,4204.1,4266.67,4617.44,4352.82,0
4305.13,4063.08,4262.05,4131.28,4353.85,4631.79,4073.85,4596.92,4196.41,4226.67,4196.41,4263.59,4609.23,4349.74,0
4300.51,4058.46,4266.67,4129.23,4354.87,4630.77,4075.38,4600.51,4209.23,4228.21,4197.44,4271.79,4608.21,4352.31,0
4294.36,4055.9,4265.13,4133.85,4354.36,4633.33,4077.95,4607.69,4214.36,4231.28,4198.46,4274.36,4611.28,4351.28,0
4294.87,4059.49,4262.05,4134.87,4353.33,4633.33,4075.38,4602.56,4205.13,4225.64,4199.49,4269.74,4608.72,4348.21,0
4298.97,4065.13,4266.67,4133.85,4358.46,4632.31,4072.82,4596.41,4200,4224.62,4204.1,4270.26,4610.26,4349.74,0
4300.51,4061.03,4271.28,4135.9,4357.95,4633.33,4076.41,4597.44,4203.08,4228.21,4203.59,4271.28,4610.77,4350.77,0
4297.44,4055.38,4269.74,4138.97,4349.74,4631.28,4077.44,4599.49,4207.69,4228.21,4197.95,4273.33,4607.69,4351.28,0
4292.31,4055.38,4265.64,4133.85,4346.67,4629.23,4070.77,4596.92,4204.1,4226.15,4197.95,4276.41,4608.21,4349.74,0
4290.77,4053.33,4264.1,4124.62,4349.23,4631.79,4067.69,4593.85,4198.46,4224.1,4200.51,4272.82,4608.72,4349.23,0
4297.44,4056.92,4268.21,4128.21,4351.79,4633.85,4072.31,4596.41,4204.1,4226.15,4205.64,4272.31,4609.23,4357.95,0
4305.64,4064.1,4276.41,4140,4354.87,4630.77,4073.85,4600,4209.74,4232.31,4212.31,4282.56,4615.38,4368.21,0
4304.1,4066.67,4280.51,4141.03,4361.03,4633.85,4072.31,4598.97,4204.62,4232.82,4211.79,4284.62,4622.56,4368.21,0
4304.1,4067.69,4278.97,4137.95,4362.05,4641.54,4077.44,4604.62,4212.82,4234.36,4211.79,4282.05,4622.05,4367.69,0
4309.74,4069.74,4282.05,4141.03,4357.44,4643.08,4083.59,4617.95,4233.33,4243.08,4216.41,4288.21,4621.03,4370.26,0
4305.13,4064.62,4282.05,4138.97,4351.79,4642.05,4081.03,4620.51,4235.38,4245.64,4214.36,4288.21,4621.54,4364.62,0
4292.31,4053.33,4268.72,4128.72,4346.67,4640.51,4072.31,4609.23,4215.38,4235.38,4205.13,4276.92,4610.77,4350.26,0
4283.08,4046.67,4258.97,4121.54,4342.56,4635.38,4068.72,4602.56,4205.64,4225.64,4193.33,4265.13,4594.87,4337.95,0
4284.1,4049.23,4261.03,4121.54,4342.05,4632.31,4072.31,4605.13,4210.77,4224.62,4189.23,4264.62,4592.82,4338.97,0
4290.26,4054.87,4264.62,4126.15,4345.13,4630.26,4073.33,4601.03,4208.21,4226.15,4198.97,4275.38,4604.1,4351.28,0
4296.92,4056.41,4266.67,4131.28,4347.69,4626.67,4069.74,4594.87,4207.18,4229.23,4210.26,4280.51,4612.31,4360.51,0
4301.54,4058.46,4274.87,4137.95,4349.74,4628.21,4071.79,4601.03,4215.38,4237.95,4211.28,4278.46,4617.44,4363.08,0
4304.1,4061.54,4276.92,4138.97,4350.77,4630.26,4074.87,4607.18,4214.87,4236.92,4206.67,4277.95,4614.87,4356.92,0
4296.92,4057.44,4266.15,4129.74,4347.69,4627.69,4071.28,4602.05,4201.54,4221.03,4200,4271.28,4600.51,4343.59,0
4290.26,4056.41,4261.54,4128.21,4347.69,4625.64,4071.28,4595.38,4201.03,4216.92,4192.82,4263.08,4597.95,4342.05,0
4293.85,4062.05,4265.64,4137.44,4352.31,4627.69,4073.85,4596.41,4205.13,4220.51,4192.82,4269.23,4603.08,4351.28,0
4297.95,4064.62,4268.72,4142.05,4353.85,4630.26,4071.79,4600,4198.46,4212.31,4196.92,4275.9,4601.03,4350.26,0
4300,4063.59,4268.72,4138.97,4350.26,4629.23,4066.15,4600,4198.46,4212.82,4195.38,4270.77,4601.03,4346.67,0
4296.41,4059.49,4266.15,4136.41,4346.67,4630.77,4068.72,4600,4204.62,4219.49,4190.26,4266.67,4598.97,4349.23,0
4291.79,4057.44,4264.62,4136.92,4345.64,4631.28,4071.28,4602.05,4202.05,4215.9,4195.38,4272.31,4594.87,4352.82,0
4297.95,4062.56,4273.85,4139.49,4345.64,4624.1,4061.54,4595.38,4194.87,4216.41,4204.62,4280,4603.59,4356.92,0
4303.08,4060.51,4281.03,4138.97,4343.08,4618.46,4052.82,4586.67,4194.87,4221.54,4201.03,4280,4612.82,4355.9,0
4298.46,4051.28,4272.31,4135.38,4344.62,4620,4057.44,4590.77,4199.49,4221.54,4197.95,4273.85,4607.18,4347.18,0
4292.31,4048.72,4261.03,4137.44,4347.18,4622.05,4062.05,4596.41,4201.54,4221.54,4200.51,4266.15,4604.1,4340,0
4288.21,4047.18,4257.44,4133.33,4346.67,4624.1,4058.97,4596.41,4206.67,4221.54,4201.54,4263.59,4605.13,4342.56,0
4285.13,4043.59,4261.03,4125.13,4345.13,4627.18,4061.54,4600,4207.18,4217.95,4200.51,4272.31,4604.1,4348.21,0
4288.72,4047.69,4263.59,4130.26,4345.13,4624.62,4068.72,4601.54,4199.49,4221.03,4199.49,4278.97,4606.15,4350.26,0
4294.36,4052.82,4264.1,4137.44,4348.72,4625.13,4067.69,4597.44,4195.9,4222.56,4200.51,4271.79,4606.15,4349.74,0
4300,4058.46,4270.77,4140,4354.87,4629.74,4063.59,4595.38,4205.13,4222.56,4203.08,4269.74,4608.72,4353.33,0
4302.56,4060.51,4274.87,4141.03,4353.85,4625.13,4062.56,4597.95,4210.77,4227.18,4201.03,4274.36,4613.85,4351.79,0
4295.38,4049.23,4265.13,4132.31,4345.13,4617.95,4062.05,4598.46,4204.62,4223.08,4194.36,4270.26,4607.69,4344.1,0
4293.33,4045.13,4259.49,4126.15,4346.15,4620,4065.13,4596.92,4204.62,4216.92,4198.97,4269.74,4603.08,4346.67,0
4299.49,4055.9,4267.18,4133.33,4351.28,4624.1,4070.77,4600.51,4216.92,4228.72,4204.62,4279.49,4610.26,4352.31,0
4302.05,4056.92,4267.18,4133.85,4349.23,4625.64,4073.85,4608.21,4221.03,4237.44,4207.69,4278.97,4614.87,4349.74,0
4300,4046.67,4262.05,4122.56,4346.15,4628.21,4076.92,4613.33,4210.26,4229.23,4210.26,4273.85,4609.23,4347.18,0
4301.03,4043.08,4263.59,4120,4347.69,4625.13,4076.41,4611.28,4206.67,4230.77,4209.23,4281.54,4611.79,4354.87,0
4302.56,4042.05,4263.59,4121.54,4347.69,4623.08,4072.31,4604.62,4207.18,4235.9,4208.72,4287.18,4617.44,4356.92,0
4301.03,4040.51,4263.59,4118.97,4347.18,4630.26,4072.82,4600.51,4200.51,4225.13,4205.64,4282.56,4610.26,4349.74,0
4298.97,4041.54,4265.13,4119.49,4349.23,4628.72,4073.85,4601.03,4202.05,4218.97,4204.62,4277.95,4604.62,4348.21,0
4300,4045.13,4263.08,4117.44,4352.31,4620.51,4070.77,4604.62,4212.31,4227.69,4206.67,4277.44,4612.31,4352.31,0
4303.08,4048.21,4262.05,4113.85,4352.82,4623.59,4067.18,4606.67,4213.85,4235.9,4207.18,4277.95,4618.46,4354.36,0
4306.15,4048.72,4262.56,4116.92,4350.77,4628.72,4063.08,4604.62,4206.15,4235.38,4206.67,4280,4616.41,4355.38,0
4305.13,4048.72,4263.59,4119.49,4351.79,4623.08,4062.05,4602.05,4200,4229.74,4201.54,4276.92,4614.87,4355.9,0
4303.59,4047.69,4263.08,4116.41,4355.9,4621.03,4068.72,4602.05,4205.13,4227.69,4195.38,4271.79,4615.38,4353.33,0
4302.05,4044.62,4261.03,4111.28,4353.33,4625.13,4075.38,4608.72,4214.36,4230.26,4195.38,4271.28,4611.79,4346.67,0
4304.1,4043.08,4262.05,4109.23,4348.21,4621.54,4073.85,4610.77,4209.23,4227.69,4198.46,4274.36,4610.26,4345.13,0
4305.13,4042.56,4265.13,4112.31,4351.28,4616.41,4068.72,4598.46,4195.38,4224.1,4196.92,4276.92,4607.18,4348.21,0
4299.49,4038.97,4263.08,4115.38,4355.38,4620.51,4068.72,4591.79,4194.87,4225.13,4190.77,4273.85,4600.51,4345.13,0
4296.92,4043.08,4262.05,4114.87,4357.95,4626.67,4069.74,4600.51,4207.18,4226.67,4191.79,4273.33,4604.1,4347.69,0
4306.15,4053.85,4272.31,4119.49,4359.49,4625.13,4072.82,4608.21,4212.82,4233.33,4203.08,4280,4616.92,4361.03,0
4307.69,4050.77,4274.87,4121.03,4354.36,4626.15,4076.41,4609.23,4205.13,4237.44,4209.23,4283.59,4616.92,4359.49,0
4294.36,4036.41,4265.13,4110.77,4349.74,4627.69,4073.33,4605.13,4195.38,4223.59,4191.79,4277.95,4603.08,4340.51,0
4288.21,4033.33,4258.46,4104.1,4351.28,4623.59,4067.69,4597.95,4192.31,4211.79,4176.92,4268.72,4592.82,4335.38,0
4290.26,4040,4254.87,4107.18,4353.33,4623.59,4065.13,4597.44,4196.92,4216.92,4184.62,4265.13,4591.28,4341.54,0
4289.74,4041.54,4255.38,4110.26,4355.38,4629.23,4067.18,4605.13,4200,4219.49,4189.74,4265.64,4596.92,4341.03,0
4292.82,4042.05,4261.03,4112.82,4356.92,4628.72,4067.18,4600.51,4197.44,4216.41,4180,4268.21,4601.54,4343.59,0
4297.44,4047.18,4266.67,4115.9,4353.85,4622.56,4063.59,4591.79,4192.31,4216.41,4178.46,4268.72,4596.41,4350.26,0
4302.56,4049.74,4273.33,4119.49,4356.92,4623.08,4064.62,4591.79,4191.28,4218.46,4189.74,4275.38,4598.46,4353.85,0
4307.18,4048.21,4278.46,4122.56,4363.08,4628.72,4070.26,4596.41,4202.05,4225.13,4195.9,4282.05,4608.72,4356.92,0
4304.62,4046.67,4274.87,4122.56,4361.03,4630.77,4072.82,4606.15,4216.92,4235.38,4196.41,4278.97,4612.31,4363.08,0
4302.05,4048.72,4269.23,4121.54,4358.46,4628.72,4074.87,4611.28,4213.33,4232.31,4197.95,4278.46,4610.26,4362.56,0
4298.97,4048.72,4267.69,4116.92,4355.9,4628.21,4074.87,4601.03,4194.87,4220,4193.85,4279.49,4606.67,4355.38,0
4292.31,4043.08,4262.05,4113.85,4349.74,4623.08,4069.74,4591.79,4189.23,4217.95,4186.15,4274.87,4600.51,4349.23,0
4290.26,4044.62,4260,4117.95,4352.31,4616.92,4066.67,4598.46,4202.05,4224.1,4187.69,4275.9,4602.05,4352.82,0
4298.46,4055.9,4267.18,4121.54,4361.54,4620,4065.64,4605.13,4208.72,4232.31,4198.97,4284.62,4613.85,4364.1,0
4303.59,4060.51,4271.28,4122.56,4363.59,4627.18,4062.05,4597.44,4201.54,4237.95,4201.03,4286.15,4618.97,4365.13,0
4300.51,4055.9,4266.15,4123.59,4361.03,4629.23,4060.51,4593.33,4198.46,4235.38,4193.33,4281.54,4612.82,4353.85,0
4293.85,4054.87,4261.54,4122.05,4360,4629.74,4067.69,4603.08,4210.26,4229.74,4190.26,4275.9,4609.74,4348.21,0
4292.31,4058.97,4262.56,4120,4359.49,4634.36,4073.33,4612.31,4221.54,4233.33,4192.31,4269.23,4614.36,4353.85,0
4298.97,4062.05,4264.1,4122.56,4360.51,4633.33,4067.69,4606.67,4214.36,4242.56,4193.33,4273.33,4621.03,4359.49,0
4306.15,4063.08,4267.69,4124.62,4359.49,4625.13,4057.95,4599.49,4209.74,4241.54,4198.97,4285.64,4623.59,4363.59,0
4310.26,4063.08,4274.87,4123.59,4356.92,4623.59,4057.95,4606.67,4221.03,4244.62,4207.18,4287.18,4623.59,4370.77,0
4310.26,4060,4277.44,4123.59,4356.41,4625.13,4061.03,4607.69,4215.9,4249.23,4205.64,4283.08,4621.54,4364.1,0
4302.56,4053.33,4270.26,4120.51,4354.36,4627.18,4061.03,4596.41,4191.28,4228.72,4190.26,4278.46,4608.21,4345.64,0
4292.31,4047.69,4262.56,4114.87,4352.82,4631.28,4066.15,4587.69,4180.51,4203.59,4174.87,4268.72,4591.28,4337.44,0
4287.69,4046.15,4262.56,4115.38,4351.79,4626.67,4067.18,4586.15,4188.21,4204.62,4168.72,4261.03,4587.69,4336.41,0
4291.79,4046.15,4262.56,4117.95,4351.28,4616.41,4059.49,4586.15,4196.41,4212.82,4174.36,4265.64,4593.85,4335.9,0
4297.44,4049.74,4264.62,4118.97,4355.38,4620.51,4061.54,4587.69,4201.03,4215.38,4183.59,4273.33,4600,4347.18,0
4300.51,4057.95,4272.31,4123.08,4361.03,4630.77,4069.74,4596.92,4205.64,4228.72,4188.72,4274.36,4606.67,4359.49,0
4300,4063.59,4272.82,4131.28,4361.54,4630.26,4066.67,4603.08,4206.15,4238.97,4192.82,4272.31,4613.33,4357.95,0
4294.87,4060,4264.62,4131.28,4358.46,4630.77,4068.21,4601.54,4202.05,4229.74,4194.87,4273.33,4612.31,4347.69,0
4295.9,4055.38,4263.59,4124.62,4359.49,4633.85,4076.41,4600.51,4196.92,4218.97,4191.28,4279.49,4607.69,4342.56,0
4304.62,4056.92,4267.18,4123.59,4360,4631.79,4074.36,4600.51,4196.92,4222.56,4186.67,4280,4608.72,4344.62,0
4304.1,4059.49,4265.13,4124.1,4358.97,4629.23,4069.74,4603.08,4201.54,4227.69,4187.18,4270.26,4613.33,4345.13,0
4295.38,4056.92,4262.05,4125.13,4356.41,4628.21,4072.82,4604.1,4205.64,4224.62,4189.23,4262.56,4614.36,4336.41,0
4294.36,4053.85,4262.05,4126.67,4355.9,4626.67,4072.31,4602.56,4212.31,4227.69,4188.21,4266.67,4612.82,4338.46,0
4298.97,4055.38,4263.08,4126.67,4356.41,4627.18,4070.26,4603.59,4214.36,4233.85,4191.28,4277.44,4616.92,4351.28,0
4299.49,4060,4265.13,4124.1,4353.33,4632.82,4075.9,4606.67,4205.13,4227.69,4190.77,4281.03,4617.44,4352.31,0
4295.9,4056.92,4264.1,4122.56,4345.64,4633.33,4075.38,4601.54,4194.36,4217.44,4183.59,4273.85,4611.28,4343.59,0
4292.82,4047.69,4262.56,4122.56,4342.05,4627.18,4067.69,4597.95,4198.46,4216.92,4176.92,4265.13,4605.64,4337.95,0
4295.9,4047.18,4263.08,4122.56,4346.15,4625.13,4068.72,4605.64,4209.23,4221.03,4177.44,4265.13,4603.08,4336.41,0
4301.03,4056.41,4266.15,4126.15,4351.28,4625.64,4072.31,4604.62,4200,4219.49,4183.08,4275.38,4602.56,4338.46,0
4300.51,4059.49,4270.77,4130.77,4348.21,4620.51,4067.69,4591.79,4182.05,4210.26,4183.59,4280.51,4603.59,4337.95,0
4298.46,4053.85,4273.85,4130.26,4343.59,4613.85,4059.49,4590.26,4186.15,4210.26,4182.56,4278.46,4606.67,4337.44,0
4297.44,4046.67,4271.28,4125.13,4342.56,4613.85,4058.46,4600,4202.56,4221.54,4185.64,4277.95,4607.69,4338.46,0
4292.82,4041.03,4265.13,4121.03,4342.05,4615.38,4063.59,4600.51,4203.59,4221.03,4184.62,4277.95,4605.64,4336.92,0
4292.82,4044.62,4265.13,4125.13,4341.03,4613.85,4062.05,4597.44,4198.46,4214.36,4185.13,4277.44,4605.64,4338.46,0
4294.87,4047.69,4268.21,4127.18,4340,4616.92,4061.54,4603.59,4200,4217.44,4188.72,4280.51,4608.21,4342.56,0
4292.82,4041.54,4265.64,4121.03,4338.97,4627.18,4068.21,4606.67,4198.46,4217.95,4184.62,4278.46,4606.15,4341.03,0
4293.85,4041.03,4263.59,4120,4338.46,4627.18,4067.69,4599.49,4191.79,4209.74,4174.36,4268.72,4603.08,4338.97,0
4295.38,4045.13,4263.59,4124.62,4338.46,4617.44,4059.49,4591.79,4185.64,4208.72,4173.85,4260.51,4603.59,4336.92,0
4292.31,4043.59,4262.05,4122.56,4340.51,4615.38,4057.95,4591.28,4184.62,4214.36,4182.05,4261.03,4605.13,4335.38,0
4293.85,4048.21,4263.08,4125.13,4343.59,4620,4060.51,4593.85,4192.82,4215.9,4188.72,4271.28,4609.74,4345.64,0
4300,4056.41,4268.21,4136.41,4347.18,4623.08,4062.56,4598.97,4203.59,4222.56,4186.67,4279.49,4612.82,4351.79,0
4296.41,4050.77,4267.69,4136.92,4347.69,4630.77,4069.23,4602.05,4207.69,4225.64,4176.41,4273.85,4608.72,4340.51,0
4290.26,4041.03,4264.62,4126.15,4344.1,4633.33,4070.77,4604.1,4208.72,4217.95,4175.38,4263.08,4601.54,4330.77,0
4284.62,4037.95,4260,4121.54,4339.49,4623.59,4067.18,4604.1,4199.49,4210.26,4178.46,4254.36,4597.44,4328.72,0
4280,4034.87,4255.9,4123.59,4337.44,4620.51,4065.64,4596.41,4182.56,4206.15,4174.87,4253.33,4596.41,4327.69,0
4283.08,4035.9,4259.49,4122.56,4340,4628.21,4068.21,4592.31,4182.56,4205.64,4175.38,4261.03,4602.05,4335.38,0
4287.69,4044.1,4264.62,4125.13,4347.18,4631.79,4070.77,4597.44,4194.36,4208.21,4184.1,4269.23,4609.23,4343.08,0
4289.23,4049.23,4266.67,4135.38,4352.82,4633.33,4071.28,4598.97,4190.77,4211.28,4186.15,4272.82,4606.15,4338.46,0
4289.23,4047.69,4265.13,4133.33,4351.79,4632.82,4065.64,4593.85,4182.56,4209.23,4180.51,4273.33,4600,4337.44,0
4293.33,4047.69,4265.13,4126.67,4349.23,4625.13,4060,4592.31,4191.28,4211.28,4186.67,4277.44,4607.18,4348.21,0
4299.49,4053.33,4270.26,4132.31,4349.74,4619.49,4063.59,4601.03,4205.13,4218.46,4201.54,4284.1,4617.95,4357.44,0
4302.56,4056.92,4274.87,4137.44,4348.72,4624.1,4066.15,4614.36,4210.77,4222.05,4206.67,4287.69,4620.51,4361.54,0
4305.64,4055.9,4273.33,4133.33,4350.77,4628.72,4059.49,4615.9,4208.21,4227.69,4203.08,4285.13,4624.62,4363.59,0
4304.62,4053.85,4268.21,4133.33,4354.87,4629.23,4056.41,4604.62,4201.54,4229.23,4196.41,4276.92,4625.64,4356.92,0
4297.44,4054.87,4264.1,4136.41,4355.9,4630.26,4063.59,4600.51,4203.08,4225.13,4189.23,4266.67,4614.87,4347.18,0
4296.92,4059.49,4266.15,4138.97,4355.9,4631.79,4070.26,4604.62,4207.18,4223.08,4188.21,4263.08,4611.79,4350.26,0
4300.51,4060.51,4268.21,4143.59,4355.38,4631.79,4071.28,4605.64,4207.18,4228.21,4190.77,4268.21,4621.03,4355.9,0
4296.92,4056.41,4267.69,4143.59,4355.38,4632.82,4074.36,4609.23,4208.72,4230.26,4190.77,4271.28,4617.95,4354.87,0
4300,4055.9,4271.79,4140,4354.87,4632.31,4080,4612.82,4213.85,4227.69,4193.33,4275.38,4610.26,4356.92,0
4307.18,4057.44,4272.31,4137.95,4352.82,4630.77,4076.92,4610.77,4210.77,4230.77,4200,4281.54,4615.38,4361.03,0
4303.59,4057.44,4266.67,4137.95,4354.87,4633.33,4066.67,4612.82,4208.72,4235.38,4205.13,4280.51,4624.1,4360.51,0
4306.15,4062.56,4269.23,4145.64,4362.05,4637.44,4069.23,4620,4220,4243.08,4207.69,4280,4627.69,4363.08,0
4313.85,4065.13,4277.95,4154.87,4361.03,4633.85,4075.9,4624.62,4232.82,4249.74,4208.72,4288.21,4628.72,4369.23,0
4311.28,4057.44,4277.95,4150.26,4354.36,4626.67,4074.36,4623.59,4226.67,4247.18,4210.77,4294.36,4627.69,4367.69,0
4305.13,4054.87,4271.79,4140.51,4357.95,4628.21,4072.31,4613.33,4206.67,4240,4209.74,4289.23,4624.62,4360.51,0
4303.08,4056.92,4265.64,4137.95,4360.51,4632.31,4073.33,4601.03,4201.03,4231.79,4199.49,4279.49,4620,4357.95,0
4304.62,4055.9,4263.59,4138.46,4358.46,4630.77,4071.28,4602.56,4209.23,4225.13,4197.44,4276.92,4616.92,4359.49,0
4309.74,4057.95,4266.67,4138.46,4362.56,4632.31,4072.82,4611.28,4211.28,4225.13,4203.08,4278.46,4618.46,4359.49,0
4311.79,4062.05,4270.26,4139.49,4360,4636.41,4078.97,4613.85,4210.26,4233.85,4201.03,4277.44,4622.05,4356.92,0
4313.33,4060.51,4271.28,4141.03,4351.79,4635.9,4080,4612.82,4211.28,4240,4197.95,4277.95,4623.08,4361.54,0
4315.38,4059.49,4268.72,4137.44,4354.87,4635.38,4078.97,4614.87,4211.28,4235.38,4202.05,4283.59,4620,4367.18,0
4307.18,4054.87,4263.08,4127.69,4357.44,4634.36,4078.46,4614.87,4206.67,4229.74,4204.1,4284.62,4618.97,4364.1,0
4296.41,4046.67,4254.36,4119.49,4352.31,4629.74,4074.87,4607.18,4206.67,4232.31,4204.62,4273.85,4620.51,4357.95,0
4291.79,4042.56,4245.64,4117.44,4349.23,4627.18,4069.74,4605.64,4210.26,4235.9,4203.59,4262.56,4618.46,4352.31,0
4291.79,4045.13,4244.1,4120,4348.72,4626.15,4064.1,4608.21,4208.72,4234.87,4198.97,4263.08,4614.87,4351.28,0
4300.51,4050.77,4251.79,4121.03,4350.26,4626.67,4064.1,4605.64,4201.03,4232.82,4197.44,4272.31,4613.85,4355.9,0
4305.64,4052.31,4258.46,4120.51,4353.85,4628.72,4070.77,4603.59,4198.97,4229.74,4200,4273.85,4615.38,4357.95,0
4301.03,4050.26,4256.92,4121.03,4354.36,4630.26,4069.74,4604.62,4204.1,4229.23,4201.03,4267.18,4616.41,4353.33,0
4301.03,4052.82,4248.21,4121.54,4355.38,4630.26,4063.08,4602.05,4203.59,4231.28,4201.54,4266.67,4617.44,4355.38,0
4304.1,4057.44,4246.15,4120.51,4355.38,4629.74,4068.21,4600.51,4202.56,4229.23,4202.56,4269.23,4617.95,4361.54,0
4301.54,4054.36,4254.36,4120,4350.26,4629.23,4076.41,4605.13,4201.54,4224.1,4200.51,4271.79,4616.92,4360,0
4302.05,4052.31,4261.03,4121.03,4345.64,4626.67,4074.87,4609.23,4200.51,4224.62,4197.44,4272.82,4612.31,4357.95,0
4304.62,4055.9,4262.56,4121.03,4346.67,4622.05,4074.87,4611.28,4208.72,4231.28,4200.51,4272.82,4609.23,4363.59,0
4305.64,4058.97,4262.56,4124.1,4348.21,4620.51,4075.9,4605.64,4209.74,4234.87,4208.72,4274.87,4616.41,4369.74,0
4310.77,4059.49,4263.59,4126.15,4349.23,4624.62,4072.31,4598.97,4198.46,4232.82,4209.23,4277.44,4623.59,4368.72,0
4312.31,4054.87,4262.56,4121.54,4349.74,4627.69,4073.85,4601.54,4193.33,4227.18,4204.1,4275.38,4621.03,4368.72,0
4312.31,4051.28,4264.1,4118.46,4350.26,4625.13,4077.44,4602.56,4200.51,4227.18,4207.69,4277.44,4620,4378.46,0
4316.92,4054.36,4270.26,4122.05,4351.28,4619.49,4071.79,4596.92,4201.54,4233.33,4212.82,4286.67,4624.1,4379.49,0
4315.9,4054.87,4269.74,4122.56,4346.15,4617.95,4065.13,4597.44,4200.51,4231.79,4204.1,4283.08,4618.46,4367.69,0
4312.82,4055.38,4267.69,4122.05,4345.13,4624.1,4069.74,4606.67,4209.23,4227.69,4197.44,4274.36,4611.28,4363.59,0
4313.85,4056.92,4268.72,4125.64,4351.28,4629.23,4076.92,4612.82,4210.26,4232.82,4202.05,4276.92,4616.92,4368.21,0
4309.23,4050.77,4264.62,4125.13,4347.69,4627.18,4077.95,4610.77,4201.54,4232.82,4202.56,4276.92,4616.41,4362.56,0
4301.54,4046.67,4262.05,4118.97,4343.59,4629.23,4076.92,4610.77,4203.59,4222.56,4200.51,4272.31,4607.18,4358.97,0
4304.62,4055.9,4266.67,4125.64,4352.31,4632.31,4076.92,4613.85,4209.74,4223.59,4204.62,4274.87,4609.74,4368.21,0
4312.82,4060.51,4267.69,4135.38,4355.9,4631.28,4075.9,4612.31,4204.1,4226.67,4201.54,4275.38,4614.36,4366.67,0
4312.31,4057.44,4264.1,4132.31,4350.77,4630.77,4075.38,4608.21,4201.54,4220,4194.87,4267.69,4608.21,4357.44,0
4311.28,4058.97,4266.15,4128.72,4353.85,4631.79,4075.38,4608.72,4208.72,4224.1,4203.59,4270.26,4611.28,4363.08,0
4313.33,4063.08,4266.15,4130.26,4356.41,4631.28,4075.9,4610.26,4214.87,4236.92,4214.87,4281.03,4622.56,4374.36,0
4314.36,4062.56,4263.08,4129.74,4352.82,4633.33,4077.44,4612.82,4218.46,4243.59,4217.44,4283.59,4627.69,4374.87,0
4311.79,4058.97,4263.59,4127.69,4351.28,4632.31,4077.95,4615.9,4218.46,4244.62,4213.85,4277.44,4626.67,4367.18,0
4307.18,4055.38,4261.54,4125.13,4348.21,4623.08,4075.38,4614.36,4210.77,4241.54,4207.69,4275.38,4623.59,4362.56,0
4305.64,4053.85,4261.03,4121.54,4345.64,4623.08,4076.41,4613.85,4209.74,4238.46,4209.23,4282.56,4621.54,4366.15,0
4308.72,4054.36,4270.77,4122.56,4346.67,4627.69,4079.49,4617.44,4215.38,4235.9,4217.44,4289.74,4621.54,4372.82,0
4312.31,4052.82,4273.85,4124.1,4347.18,4626.67,4075.9,4614.87,4208.72,4230.26,4212.82,4287.18,4618.46,4365.13,0
4307.18,4049.23,4265.64,4121.54,4344.1,4623.08,4070.26,4609.23,4198.46,4224.1,4198.46,4277.95,4608.72,4351.79,0
4299.49,4048.21,4262.05,4120,4338.46,4620.51,4069.74,4607.69,4197.95,4224.1,4196.41,4271.28,4604.1,4353.33,0
4300.51,4046.67,4263.59,4117.44,4335.9,4622.05,4075.9,4613.85,4209.74,4223.08,4200.51,4272.31,4606.15,4358.46,0
4305.13,4046.67,4261.54,4116.92,4342.05,4624.62,4080,4622.05,4217.44,4228.21,4200.51,4275.9,4606.15,4355.9,0
4307.69,4049.23,4262.56,4121.54,4346.15,4627.69,4075.38,4617.95,4209.74,4235.9,4201.03,4277.95,4606.15,4352.82,0
4305.13,4050.26,4264.62,4121.03,4345.64,4631.28,4072.82,4610.77,4201.54,4230.77,4204.1,4275.38,4609.74,4355.38,0
4301.03,4047.69,4260.51,4113.85,4344.62,4628.21,4074.36,4612.31,4204.1,4224.1,4206.15,4271.28,4611.79,4355.9,0
4303.08,4046.15,4257.95,4115.38,4339.49,4618.46,4070.26,4611.79,4206.15,4227.18,4204.1,4270.77,4610.77,4355.38,0
4309.23,4050.26,4262.56,4122.56,4338.97,4621.03,4071.79,4609.74,4204.62,4230.26,4198.97,4272.31,4611.79,4358.46,0
4307.69,4054.36,4268.21,4122.56,4343.08,4631.28,4077.95,4612.31,4206.15,4226.67,4196.92,4270.77,4611.79,4355.38,0
4303.59,4051.28,4265.13,4118.97,4343.59,4628.72,4074.36,4609.74,4204.62,4222.56,4196.41,4268.21,4607.18,4349.74,0
4308.21,4047.18,4261.54,4118.46,4343.08,4623.59,4069.23,4606.15,4204.62,4225.13,4198.46,4270.26,4607.69,4355.38,0
4307.18,4048.72,4267.18,4120,4343.08,4625.64,4072.31,4607.18,4204.1,4226.15,4203.59,4270.77,4610.77,4359.49,0
4296.92,4044.62,4263.08,4115.38,4337.44,4626.15,4074.36,4603.08,4191.79,4214.36,4198.97,4266.67,4605.13,4348.21,0
4292.31,4038.97,4250.26,4108.72,4333.33,4620,4070.26,4601.03,4191.28,4208.72,4190.77,4264.1,4596.41,4340.51,0
4292.82,4046.67,4253.85,4115.9,4333.85,4615.9,4070.77,4605.13,4202.56,4214.36,4191.28,4264.1,4597.95,4344.1,0
4293.85,4053.85,4259.49,4121.54,4333.33,4616.41,4072.31,4601.03,4192.82,4209.74,4189.23,4261.03,4599.49,4342.05,0
4293.85,4049.23,4250.26,4115.38,4337.44,4617.44,4070.77,4592.82,4181.54,4203.59,4185.64,4259.49,4595.9,4338.46,0
4291.28,4045.64,4246.15,4112.82,4342.05,4622.56,4072.82,4599.49,4193.33,4214.36,4188.72,4259.49,4594.87,4337.95,0
4290.26,4045.64,4249.74,4116.92,4339.49,4629.74,4078.46,4609.23,4201.03,4222.56,4188.21,4254.87,4595.38,4338.46,0
4297.95,4050.26,4252.31,4118.46,4341.03,4626.15,4077.44,4604.62,4194.36,4214.36,4187.18,4258.46,4596.92,4343.08,0
4304.62,4057.44,4258.46,4121.54,4347.18,4618.97,4072.82,4601.03,4195.38,4212.31,4195.38,4269.74,4605.64,4349.23,0
4302.56,4057.95,4263.59,4125.64,4345.13,4622.56,4075.38,4605.64,4198.97,4220,4201.03,4270.26,4610.77,4349.23,0
4302.05,4054.87,4261.03,4125.13,4342.05,4628.72,4079.49,4608.72,4201.03,4222.05,4196.92,4263.08,4607.18,4348.72,0
4304.1,4058.46,4263.08,4124.62,4350.26,4629.74,4079.49,4609.74,4203.59,4221.03,4192.31,4265.13,4606.15,4353.33,0
4304.1,4058.97,4266.15,4128.72,4356.92,4633.85,4081.03,4613.33,4207.69,4222.56,4195.9,4271.28,4609.23,4352.82,0
4303.59,4055.38,4264.1,4134.87,4353.85,4637.95,4087.69,4615.38,4206.15,4223.08,4198.97,4270.26,4605.64,4348.21,0
4308.21,4061.54,4265.64,4137.44,4353.85,4633.85,4090.26,4608.21,4196.92,4219.49,4196.41,4270.77,4605.64,4353.33,0
4313.85,4068.72,4273.33,4136.92,4355.38,4626.67,4082.05,4594.87,4185.64,4216.41,4197.95,4276.92,4612.82,4360.51,0
4314.36,4067.69,4271.28,4138.46,4351.79,4624.62,4075.9,4591.79,4189.23,4217.44,4205.64,4282.56,4613.85,4359.49,0
4311.28,4061.03,4263.59,4133.85,4347.18,4628.72,4081.54,4605.64,4201.54,4224.1,4206.67,4280,4609.23,4357.44,0
4309.74,4057.44,4267.69,4127.18,4344.62,4632.82,4085.64,4612.82,4202.56,4222.56,4197.95,4276.92,4609.23,4355.38,0
4310.26,4057.44,4272.31,4128.72,4344.62,4626.67,4076.92,4605.64,4192.82,4210.77,4192.82,4271.79,4609.74,4347.69,0
4304.1,4052.31,4265.64,4133.33,4343.59,4625.13,4070.77,4594.87,4183.59,4204.1,4189.74,4264.1,4598.97,4338.97,0
4297.44,4046.67,4262.56,4132.31,4344.62,4629.74,4073.85,4591.79,4182.56,4203.08,4184.62,4261.54,4590.26,4339.49,0
4298.97,4049.23,4265.64,4132.31,4346.15,4624.62,4074.87,4594.36,4190.26,4207.69,4187.18,4263.08,4598.97,4346.15,0
4302.56,4052.31,4264.1,4133.33,4342.56,4619.49,4069.74,4594.36,4190.77,4213.33,4194.36,4265.64,4607.18,4348.72,0
4300.51,4049.74,4262.05,4131.79,4339.49,4625.64,4070.77,4594.36,4186.15,4210.26,4192.82,4266.67,4600,4345.64,0
4294.87,4042.56,4263.08,4132.82,4342.05,4629.23,4078.97,4601.03,4191.28,4203.59,4183.59,4265.13,4592.31,4342.05,0
4293.33,4041.54,4263.59,4131.28,4345.64,4627.69,4083.59,4605.13,4198.46,4205.64,4181.03,4262.56,4593.33,4341.03,0
4294.36,4045.13,4263.08,4125.64,4345.13,4633.33,4080,4605.64,4200.51,4210.26,4187.69,4267.69,4594.36,4341.03,0
4296.41,4047.69,4262.56,4128.21,4346.15,4631.28,4076.41,4607.69,4203.08,4212.31,4194.87,4273.85,4597.95,4346.67,0
4306.15,4050.26,4271.79,4137.95,4348.21,4621.54,4074.87,4607.18,4203.59,4222.05,4197.44,4274.87,4608.72,4357.95,0
4313.33,4054.36,4278.97,4137.95,4346.67,4621.03,4073.33,4600,4194.87,4221.03,4195.38,4273.33,4611.28,4358.46,0
4305.13,4055.38,4270.26,4135.38,4343.08,4625.64,4071.79,4593.33,4181.54,4204.1,4189.23,4269.23,4602.56,4348.72,0
4301.54,4053.85,4261.54,4137.95,4343.08,4622.56,4068.21,4588.72,4180,4202.05,4189.74,4270.26,4603.08,4348.72,0
4310.26,4055.38,4263.59,4136.41,4343.59,4613.85,4063.59,4590.26,4190.77,4215.38,4197.95,4276.41,4611.28,4358.46,0
4310.26,4055.9,4267.18,4135.38,4342.56,4616.41,4066.67,4596.41,4195.9,4214.36,4197.95,4275.38,4610.77,4360.51,0
4304.1,4051.28,4266.15,4138.46,4342.56,4626.67,4074.87,4597.95,4187.18,4205.13,4191.79,4269.74,4603.08,4353.85,0
4300.51,4046.67,4261.54,4135.9,4342.56,4624.62,4074.87,4591.28,4178.46,4206.15,4189.23,4268.21,4600,4349.74,0
4298.46,4046.15,4257.95,4131.28,4342.05,4615.38,4069.74,4589.23,4179.49,4206.67,4189.74,4266.67,4602.05,4348.72,0
4296.41,4047.69,4260.51,4133.33,4345.13,4619.49,4068.21,4595.38,4190.77,4205.64,4190.26,4263.59,4603.59,4347.18,0
4294.36,4044.1,4258.97,4136.41,4347.18,4625.13,4067.18,4597.44,4196.92,4208.21,4190.77,4265.64,4602.05,4342.56,0
4288.21,4040,4249.23,4132.82,4344.1,4617.95,4064.1,4592.82,4186.67,4201.03,4183.59,4262.05,4593.85,4335.38,0
4289.23,4045.13,4248.72,4133.85,4345.13,4617.44,4065.13,4595.38,4181.54,4196.92,4179.49,4255.9,4591.28,4339.49,0
4297.95,4054.36,4257.44,4140,4351.79,4626.67,4068.72,4594.87,4184.1,4204.1,4188.21,4261.03,4601.54,4349.74,0
4296.92,4053.33,4257.44,4140.51,4350.77,4627.69,4067.69,4582.05,4174.36,4201.03,4191.79,4263.08,4606.67,4346.15,0
4291.28,4045.13,4248.21,4135.9,4347.18,4624.62,4065.13,4576.92,4169.23,4192.31,4185.13,4254.87,4600.51,4339.49,0
4294.36,4047.69,4248.72,4136.41,4348.21,4625.64,4062.56,4584.62,4183.08,4203.08,4187.69,4254.87,4602.05,4347.18,0
4298.97,4053.33,4253.85,4135.9,4347.69,4625.13,4062.05,4589.23,4188.72,4214.36,4195.38,4264.1,4606.15,4348.72,0
4293.33,4046.15,4250.77,4132.31,4344.1,4625.64,4068.21,4593.33,4187.18,4207.69,4191.79,4264.1,4601.03,4342.05,0
4291.28,4041.54,4255.38,4135.38,4346.15,4626.15,4074.87,4599.49,4193.85,4204.62,4191.79,4262.56,4603.59,4350.26,0
4297.44,4045.64,4262.05,4136.41,4347.18,4620.51,4074.36,4601.54,4194.87,4210.26,4200,4269.23,4608.21,4354.36,0
4296.41,4040.51,4253.33,4124.1,4341.54,4618.46,4075.38,4601.03,4183.59,4204.1,4197.44,4268.72,4598.46,4342.56,0
4293.33,4034.87,4251.28,4121.54,4340,4623.08,4078.46,4599.49,4180,4196.92,4190.77,4261.03,4591.28,4343.08,0
4300,4043.59,4264.1,4134.87,4346.15,4623.59,4076.41,4595.9,4187.18,4201.03,4193.33,4263.59,4595.9,4352.82,0
4303.59,4048.21,4267.69,4135.9,4348.21,4619.49,4073.85,4595.9,4188.72,4207.69,4196.92,4272.82,4597.44,4346.15,0
4298.97,4040.51,4260,4122.56,4345.64,4623.08,4075.9,4601.54,4186.67,4209.74,4196.41,4275.38,4595.9,4341.03,0
4297.44,4038.46,4254.87,4119.49,4344.1,4627.18,4075.9,4602.05,4188.72,4207.69,4194.87,4268.21,4596.41,4348.21,0
4297.44,4041.03,4253.33,4120.51,4344.1,4624.62,4077.44,4599.49,4187.69,4200,4190.26,4262.05,4592.82,4345.13,0
4293.33,4037.44,4250.77,4112.31,4344.62,4625.64,4080,4604.1,4189.74,4197.95,4186.67,4261.03,4589.23,4336.92,0
4291.28,4037.44,4249.74,4109.23,4345.13,4627.18,4078.46,4605.13,4195.38,4205.13,4190.77,4263.08,4591.79,4342.56,0
4296.41,4043.59,4254.36,4116.41,4345.13,4627.18,4077.95,4602.05,4196.92,4213.85,4195.9,4264.62,4596.41,4350.77,0
4300,4043.59,4260,4122.05,4344.62,4629.23,4078.97,4603.08,4192.82,4218.46,4194.87,4266.15,4600.51,4345.64,0
4297.95,4039.49,4259.49,4118.46,4344.1,4626.67,4075.38,4605.64,4194.36,4216.41,4194.36,4267.69,4602.05,4340.51,0
4297.44,4039.49,4258.97,4114.87,4347.18,4624.1,4072.31,4605.13,4200.51,4217.44,4201.03,4269.74,4604.1,4348.21,0
4300,4041.03,4260.51,4117.44,4347.69,4627.18,4077.95,4608.72,4199.49,4221.03,4208.72,4273.85,4608.72,4357.44,0
4300,4037.95,4260.51,4115.9,4343.08,4627.69,4085.64,4612.31,4199.49,4220,4208.72,4275.38,4608.72,4358.97,0
4302.56,4038.46,4264.1,4114.87,4341.54,4625.13,4084.62,4607.18,4201.03,4218.46,4207.18,4274.87,4605.64,4356.92,0
4307.18,4040.51,4264.62,4116.41,4344.62,4626.67,4082.05,4605.64,4196.41,4215.9,4205.13,4275.9,4605.13,4356.92,0
4304.1,4039.49,4263.59,4114.36,4344.62,4624.62,4081.54,4610.26,4196.41,4212.82,4202.56,4278.46,4607.69,4363.08,0
4303.59,4040,4264.62,4112.31,4341.54,4622.05,4080.51,4613.33,4204.62,4221.54,4206.67,4281.54,4611.28,4367.18,0
4309.23,4043.59,4264.62,4115.38,4343.08,4623.59,4078.46,4610.77,4203.08,4231.79,4213.33,4283.08,4614.87,4365.13,0
4308.72,4042.56,4264.1,4116.92,4345.13,4620,4077.44,4604.1,4191.79,4225.64,4210.26,4281.03,4612.82,4362.56,0
4302.56,4037.95,4264.1,4112.31,4339.49,4616.41,4077.95,4602.05,4193.33,4218.97,4204.1,4275.38,4607.18,4364.1,0
4303.59,4036.92,4261.54,4108.72,4336.92,4621.03,4076.92,4605.13,4198.97,4220,4206.67,4275.38,4612.82,4365.64,0
4310.77,4040,4262.56,4110.77,4344.62,4628.72,4077.44,4604.62,4196.41,4221.54,4211.79,4278.46,4620.51,4369.23,0
4308.21,4040,4264.1,4116.41,4350.26,4631.28,4080,4603.08,4196.41,4224.1,4211.79,4278.46,4614.36,4367.18,0
4300.51,4039.49,4262.56,4118.97,4348.21,4628.21,4077.44,4606.15,4202.56,4224.1,4208.72,4276.41,4607.69,4360,0
4303.59,4044.62,4264.1,4121.03,4349.23,4628.21,4077.44,4611.28,4206.15,4223.59,4210.26,4276.92,4613.33,4362.56,0
4306.67,4047.69,4265.13,4123.59,4348.72,4632.82,4084.62,4615.38,4206.15,4227.18,4212.31,4277.95,4616.41,4365.64,0
4300,4042.05,4263.08,4123.08,4344.62,4630.77,4082.56,4615.9,4206.15,4226.15,4212.31,4277.95,4608.72,4358.97,0
4296.41,4036.41,4261.54,4120.51,4343.59,4621.54,4071.28,4604.1,4197.95,4221.03,4209.23,4277.95,4607.18,4355.9,0
4292.31,4032.31,4255.38,4115.9,4338.46,4617.95,4068.72,4595.38,4190.26,4215.9,4202.05,4271.28,4609.23,4351.79,0
4283.59,4027.18,4247.69,4107.18,4334.36,4617.44,4072.31,4598.46,4194.36,4209.74,4194.87,4262.56,4602.05,4346.15,0
4284.1,4028.21,4247.18,4104.1,4340.51,4615.38,4073.33,4600,4195.9,4210.26,4195.38,4261.03,4597.44,4347.69,0
4290.77,4035.38,4249.74,4110.77,4344.62,4616.92,4075.38,4597.44,4193.33,4218.46,4201.54,4267.69,4603.59,4351.28,0
4291.79,4036.41,4253.85,4115.38,4340,4621.03,4076.41,4604.1,4196.41,4220.51,4203.59,4274.36,4608.21,4353.85,0
4295.9,4035.38,4262.56,4113.33,4338.97,4623.59,4075.9,4609.74,4199.49,4220,4204.1,4280.51,4605.64,4362.56,0
4305.13,4040.51,4268.72,4114.87,4343.59,4628.21,4077.95,4610.77,4199.49,4219.49,4208.21,4285.13,4608.21,4370.26,0
4304.62,4038.46,4264.1,4117.44,4344.62,4629.74,4080,4611.79,4201.54,4213.85,4207.18,4282.05,4610.26,4364.1,0
4294.87,4030.26,4253.85,4108.72,4342.56,4624.62,4077.44,4610.26,4198.97,4212.82,4203.08,4276.41,4602.05,4354.36,0
4290.26,4031.79,4251.79,4107.18,4343.08,4621.03,4075.9,4605.64,4195.38,4220,4203.59,4276.92,4597.95,4356.92,0
4295.38,4040,4255.9,4117.95,4346.67,4620,4074.87,4604.1,4200.51,4224.62,4208.72,4275.38,4606.15,4364.1,0
4297.95,4038.97,4253.85,4118.97,4345.64,4620,4072.82,4604.62,4198.46,4220.51,4204.1,4269.23,4606.67,4360,0
4290.77,4031.28,4247.69,4112.82,4338.97,4621.54,4071.28,4606.67,4193.85,4211.28,4196.41,4266.67,4596.92,4350.77,0
4286.67,4034.36,4247.18,4115.9,4339.49,4623.08,4073.33,4610.77,4203.59,4213.33,4202.05,4268.21,4597.95,4354.87,0
4294.87,4041.54,4252.31,4121.03,4346.15,4624.62,4077.95,4607.69,4206.15,4225.13,4207.69,4272.31,4607.69,4364.62,0
4305.13,4044.1,4257.95,4123.59,4347.18,4626.67,4079.49,4601.54,4195.38,4224.1,4204.62,4275.9,4613.33,4369.23,0
4307.69,4047.18,4259.49,4124.1,4345.13,4628.72,4076.92,4604.62,4200,4216.41,4205.64,4274.87,4614.87,4369.23,0
4305.64,4050.26,4255.38,4122.05,4346.67,4629.23,4076.92,4613.33,4211.79,4223.08,4208.21,4274.36,4614.36,4367.18,0
4306.15,4048.72,4260,4125.13,4351.28,4630.77,4081.54,4613.33,4209.74,4229.23,4208.72,4279.49,4617.95,4370.77,0
4305.64,4047.18,4261.54,4126.15,4350.26,4632.82,4081.03,4606.15,4204.1,4225.13,4210.77,4280.51,4620.51,4370.77,0
4298.97,4046.67,4251.28,4120,4345.13,4629.74,4073.85,4605.13,4205.13,4225.64,4207.18,4272.31,4613.33,4362.56,0
4295.9,4043.59,4251.28,4119.49,4341.54,4622.56,4069.74,4610.77,4205.64,4228.21,4202.05,4272.82,4609.23,4363.08,0
4300,4042.05,4263.08,4121.54,4338.97,4622.05,4075.38,4617.44,4210.26,4227.69,4209.74,4281.03,4617.44,4370.77,0
4305.13,4042.05,4266.67,4120,4337.44,4632.31,4082.56,4620.51,4218.97,4231.28,4215.9,4285.13,4622.05,4372.31,0
4302.05,4044.62,4259.49,4120,4341.03,4634.87,4079.49,4618.97,4217.44,4233.85,4211.28,4280.51,4617.95,4363.59,0
4296.92,4046.67,4252.82,4123.59,4345.13,4629.74,4071.79,4615.9,4206.15,4230.26,4207.18,4275.9,4611.79,4356.92,0
4297.95,4047.18,4251.28,4124.1,4345.64,4627.69,4072.31,4611.79,4201.54,4225.13,4207.18,4273.85,4609.23,4358.46,0
4298.46,4051.28,4251.28,4122.56,4347.18,4628.21,4077.44,4612.82,4206.15,4224.1,4207.18,4274.87,4612.82,4364.1,0
4297.44,4054.87,4251.28,4124.1,4350.26,4629.23,4076.92,4618.97,4210.26,4231.79,4208.21,4279.49,4616.41,4363.59,0
4295.9,4051.28,4252.82,4126.15,4347.69,4627.18,4074.87,4617.44,4210.26,4235.38,4208.21,4278.46,4613.33,4356.41,0
4292.31,4048.21,4259.49,4125.64,4343.08,4623.59,4076.41,4611.79,4207.18,4228.72,4209.23,4277.44,4611.79,4354.36,0
4292.31,4047.18,4262.05,4124.1,4341.03,4628.21,4078.97,4615.9,4209.23,4229.23,4212.31,4280.51,4616.92,4360.51,0
4295.38,4046.15,4260.51,4126.15,4343.59,4634.36,4080.51,4623.59,4220,4240,4215.9,4281.03,4623.08,4366.67,0
4297.95,4048.72,4263.59,4127.18,4346.67,4632.31,4078.46,4624.1,4221.03,4241.03,4215.38,4276.92,4624.62,4363.59,0
4293.85,4045.64,4264.1,4124.62,4344.62,4631.79,4076.41,4620.51,4212.31,4234.87,4213.33,4273.85,4621.54,4357.44,0
4287.69,4033.85,4255.38,4121.54,4340.51,4630.26,4076.92,4618.46,4208.72,4230.26,4209.74,4271.79,4615.9,4350.77,0
4283.08,4032.31,4247.69,4120.51,4342.05,4622.05,4074.87,4613.85,4206.15,4224.1,4199.49,4267.18,4607.69,4345.64,0
4278.97,4039.49,4248.72,4122.05,4347.69,4621.54,4072.82,4612.82,4208.72,4221.54,4192.31,4263.08,4602.05,4343.59,0
4275.9,4035.38,4248.72,4122.56,4345.64,4629.74,4075.9,4622.56,4216.92,4220,4195.38,4263.59,4599.49,4341.03,0
4276.92,4026.67,4245.64,4120.51,4340.51,4628.72,4078.46,4623.59,4207.69,4216.41,4195.38,4263.59,4595.9,4340,0
4278.46,4028.21,4247.69,4121.54,4340.51,4622.05,4073.85,4610.77,4196.92,4217.44,4193.85,4262.05,4596.92,4342.56,0
4274.87,4030.26,4250.77,4122.05,4340,4623.59,4070.26,4610.77,4210.77,4223.59,4196.92,4262.56,4603.59,4341.03,0
4273.33,4026.67,4250.77,4117.44,4336.92,4628.72,4074.87,4618.97,4221.03,4229.74,4195.38,4262.05,4602.56,4334.87,0
4272.82,4022.56,4249.23,4116.92,4337.95,4628.21,4082.56,4614.36,4208.72,4227.69,4190.77,4255.9,4592.82,4333.33,0
4271.28,4024.1,4251.79,4122.05,4341.54,4627.69,4085.64,4612.82,4205.64,4221.54,4194.36,4255.9,4594.36,4340,0
4278.97,4032.82,4258.46,4123.59,4344.1,4628.21,4084.1,4618.97,4212.82,4224.1,4201.54,4266.67,4606.15,4346.67,0
4286.15,4036.41,4262.56,4122.56,4345.64,4623.08,4081.54,4614.87,4207.18,4228.21,4208.72,4271.28,4607.69,4347.69,0
4282.56,4031.28,4263.59,4123.08,4342.56,4622.56,4080.51,4611.28,4203.08,4219.49,4206.15,4271.79,4606.67,4347.18,0
4280.51,4027.69,4264.62,4122.05,4337.44,4626.15,4080,4617.95,4209.74,4211.28,4196.92,4278.97,4608.72,4346.15,0
4283.08,4029.74,4264.1,4121.54,4335.9,4623.08,4076.92,4619.49,4210.26,4215.9,4196.41,4280.51,4605.13,4343.59,0
4285.13,4033.85,4261.54,4127.18,4342.05,4623.59,4075.38,4613.85,4205.13,4219.49,4199.49,4272.31,4603.59,4343.59,0
4291.28,4038.97,4262.05,4135.38,4349.23,4628.21,4075.9,4608.21,4203.08,4220,4199.49,4268.21,4613.85,4349.23,0
4297.44,4042.05,4265.64,4137.95,4349.23,4629.74,4075.38,4607.18,4205.64,4223.08,4203.08,4270.26,4620,4351.79,0
4298.46,4042.56,4267.69,4137.44,4345.13,4628.72,4077.95,4615.38,4211.28,4228.21,4210.26,4273.33,4617.95,4351.28,0
4299.49,4042.05,4267.18,4137.95,4343.08,4625.64,4080,4622.05,4213.33,4234.87,4209.74,4278.46,4619.49,4351.79,0
4298.97,4040.51,4265.13,4137.44,4344.62,4621.54,4076.92,4615.9,4208.72,4234.87,4204.1,4278.97,4618.97,4348.21,0
4292.82,4040.51,4261.03,4133.85,4342.05,4620.51,4076.92,4609.23,4203.59,4226.15,4197.95,4272.31,4613.33,4343.08,0
4288.21,4040,4256.92,4130.77,4338.46,4622.56,4078.97,4611.79,4204.62,4220,4195.9,4270.26,4609.74,4344.1,0
4289.74,4032.82,4261.03,4127.69,4338.97,4622.05,4073.85,4615.38,4211.79,4222.05,4198.97,4274.87,4610.77,4351.28,0
4289.23,4027.69,4262.05,4125.13,4336.92,4620.51,4070.77,4608.72,4206.67,4223.08,4197.95,4272.82,4609.74,4353.85,0
4282.05,4025.64,4252.82,4122.56,4332.82,4617.44,4074.87,4600,4186.15,4217.44,4191.79,4262.05,4606.67,4345.13,0
4278.97,4021.54,4250.26,4120.51,4334.36,4616.92,4073.33,4597.44,4180,4206.67,4188.72,4260,4604.62,4342.05,0
4287.18,4023.59,4261.54,4126.67,4340,4616.92,4065.13,4596.41,4191.28,4207.69,4194.36,4273.33,4609.74,4352.31,0
4294.36,4029.74,4265.64,4133.33,4339.49,4613.85,4065.64,4596.92,4194.87,4221.03,4200.51,4282.56,4616.92,4357.95,0
4293.33,4026.67,4262.56,4131.79,4337.95,4616.92,4074.87,4604.62,4198.97,4226.67,4196.92,4280.51,4611.28,4353.33,0
4292.31,4024.62,4266.67,4131.28,4338.97,4618.97,4074.87,4612.31,4209.23,4217.44,4193.33,4278.46,4606.15,4347.69,0
4293.33,4030.26,4266.67,4133.33,4337.44,4615.9,4068.72,4608.21,4204.62,4214.36,4196.92,4276.92,4611.28,4345.13,0
4289.74,4028.21,4263.59,4128.21,4335.38,4615.38,4069.23,4603.08,4196.41,4220.51,4197.95,4272.31,4610.26,4344.1,0
4284.1,4017.95,4261.54,4121.54,4332.82,4614.87,4071.28,4604.1,4196.41,4215.38,4189.74,4270.26,4598.97,4343.08,0
4283.59,4017.95,4253.85,4119.49,4332.82,4613.33,4067.18,4603.08,4194.36,4205.13,4186.67,4270.26,4597.44,4338.97,0
4282.56,4021.03,4247.69,4116.92,4337.95,4617.44,4070.77,4601.54,4191.79,4210.26,4191.79,4268.21,4602.56,4337.44,0
4280,4016.41,4248.72,4110.77,4338.46,4622.56,4078.97,4605.13,4192.31,4215.38,4190.77,4268.21,4597.44,4338.46,0
4279.49,4011.28,4249.74,4109.74,4333.33,4617.44,4075.38,4604.1,4189.23,4205.13,4184.62,4266.67,4588.72,4334.36,0
4284.62,4015.9,4247.69,4114.36,4335.38,4612.31,4066.15,4596.41,4183.08,4200,4183.59,4262.56,4592.31,4335.38,0
4292.31,4025.13,4249.74,4120,4345.13,4615.9,4067.69,4594.87,4187.69,4212.82,4189.23,4263.08,4603.08,4347.18,0
4297.95,4028.72,4253.85,4122.56,4347.69,4618.46,4075.9,4598.97,4192.82,4218.97,4194.36,4269.23,4609.23,4345.64,0
4293.33,4023.59,4252.31,4115.9,4341.54,4620.51,4078.46,4603.08,4196.92,4213.85,4194.36,4268.21,4608.72,4335.9,0
4287.18,4019.49,4247.18,4109.23,4340.51,4627.18,4077.44,4607.69,4202.05,4214.87,4194.87,4265.13,4606.67,4341.03,0
4292.31,4023.08,4253.85,4114.36,4343.08,4627.69,4080.51,4609.74,4202.56,4221.03,4198.46,4270.26,4606.67,4349.74,0
4300,4026.67,4260,4116.92,4342.05,4620,4080.51,4606.67,4197.44,4220.51,4199.49,4273.85,4607.18,4344.1,0
4295.9,4024.1,4253.85,4108.21,4340,4617.44,4075.9,4602.56,4194.87,4217.95,4194.87,4271.28,4607.18,4340.51,0
4290.26,4020,4254.87,4104.62,4338.97,4618.97,4076.41,4602.05,4198.46,4222.56,4196.92,4274.87,4610.26,4348.72,0
4295.38,4021.03,4258.46,4108.72,4335.38,4616.92,4077.95,4601.03,4196.92,4225.13,4203.59,4276.92,4613.85,4353.33,0
4295.9,4022.05,4250.26,4106.67,4333.85,4614.87,4073.33,4597.44,4190.77,4219.49,4202.56,4265.64,4611.79,4343.59,0
4283.08,4015.9,4241.54,4101.54,4330.77,4616.41,4073.85,4599.49,4192.82,4213.85,4192.82,4257.95,4604.62,4335.38,1
4281.03,4011.79,4246.67,4101.54,4328.72,4617.44,4078.46,4607.69,4197.44,4212.82,4191.79,4266.67,4602.56,4342.56,1
4292.82,4017.95,4255.38,4109.74,4336.41,4614.87,4074.36,4604.62,4196.41,4217.44,4202.56,4277.44,4609.74,4353.85,1
4303.08,4028.72,4261.54,4121.03,4347.18,4610.26,4066.15,4594.87,4197.44,4226.67,4208.21,4281.03,4618.97,4360.51,1
4310.26,4038.97,4264.1,4124.62,4347.69,4609.74,4065.13,4600,4209.74,4237.95,4210.77,4283.59,4626.15,4368.72,1
4311.28,4038.97,4261.03,4122.05,4344.62,4614.36,4068.72,4612.82,4215.38,4242.05,4215.38,4286.67,4627.69,4368.21,1
4302.56,4027.69,4259.49,4118.46,4343.59,4616.41,4069.74,4611.79,4205.13,4236.41,4211.28,4282.56,4616.92,4355.9,1
4295.9,4019.49,4258.97,4118.46,4342.56,4616.41,4071.28,4606.67,4200,4228.72,4202.56,4276.92,4609.23,4355.9,1
4300.51,4024.62,4263.08,4122.05,4345.13,4616.41,4074.36,4610.77,4206.15,4228.21,4204.62,4281.54,4617.44,4369.23,1
4309.23,4033.33,4266.67,4123.59,4349.74,4622.05,4081.03,4612.31,4204.1,4229.74,4212.31,4288.21,4624.1,4370.77,1
4311.28,4036.41,4264.62,4121.54,4351.28,4627.69,4085.13,4609.23,4200,4227.18,4209.74,4283.59,4622.05,4366.15,1
4309.74,4037.44,4267.69,4125.13,4352.82,4625.13,4078.97,4607.69,4208.21,4232.31,4210.26,4285.13,4626.67,4372.82,1
4318.46,4041.03,4280.51,4134.87,4356.92,4616.41,4067.69,4604.1,4212.82,4243.59,4222.56,4302.56,4639.49,4382.56,1
4330.77,4046.15,4292.82,4140,4359.49,4612.82,4066.15,4601.03,4206.15,4243.08,4229.23,4310.77,4645.13,4382.56,1
4328.72,4046.67,4289.74,4139.49,4357.44,4620,4070.26,4605.13,4203.08,4235.38,4221.03,4299.49,4638.46,4380,1
4322.05,4043.08,4282.05,4136.92,4352.31,4624.62,4070.77,4604.1,4196.41,4228.72,4212.31,4293.85,4629.23,4378.46,1
4318.46,4038.46,4279.49,4129.23,4346.67,4621.03,4071.79,4601.54,4189.23,4221.54,4211.28,4296.92,4623.59,4374.87,1
4316.41,4036.41,4277.95,4124.1,4344.62,4617.95,4071.28,4602.05,4196.41,4222.56,4211.79,4293.33,4621.54,4375.38,1
4321.54,4040.51,4278.46,4132.31,4348.21,4618.97,4068.21,4602.56,4205.64,4230.77,4214.87,4290.77,4625.64,4381.03,1
4329.23,4048.21,4282.56,4142.05,4353.85,4619.49,4068.21,4602.56,4202.05,4232.82,4218.97,4295.9,4629.74,4380,1
4325.13,4047.69,4280.51,4135.9,4352.82,4621.03,4071.79,4599.49,4189.74,4224.1,4210.26,4292.31,4621.03,4370.26,1
4317.95,4041.03,4271.28,4124.1,4347.69,4621.03,4068.21,4592.82,4186.67,4214.36,4199.49,4282.56,4608.72,4365.64,1
4320,4037.44,4270.26,4121.54,4345.13,4615.38,4061.54,4593.85,4191.28,4212.82,4203.08,4284.62,4610.26,4370.26,1
4322.56,4038.46,4271.79,4122.05,4342.56,4612.31,4060,4596.92,4189.74,4214.87,4205.64,4288.72,4611.79,4370.26,1
4323.08,4044.62,4266.15,4122.05,4341.54,4610.77,4057.44,4592.31,4184.62,4211.79,4197.95,4280,4608.21,4368.21,1
4331.79,4060,4265.64,4129.23,4346.15,4607.18,4053.85,4590.26,4187.69,4211.79,4195.9,4275.38,4609.74,4374.36,1
4343.08,4069.74,4272.82,4138.97,4348.21,4611.28,4056.92,4593.33,4194.36,4214.87,4195.9,4279.49,4608.21,4377.95,1
4347.18,4065.64,4275.38,4137.95,4344.62,4618.46,4066.15,4592.31,4186.15,4205.13,4188.72,4275.9,4599.49,4374.87,1
4353.33,4069.74,4276.41,4135.38,4345.64,4616.41,4067.18,4586.15,4175.9,4198.46,4192.31,4276.92,4604.62,4385.64,1
4367.69,4087.18,4282.56,4143.59,4350.26,4612.31,4060,4584.1,4181.54,4213.85,4205.64,4291.28,4622.05,4403.59,1
4376.92,4100.51,4287.69,4153.33,4350.77,4613.85,4059.49,4592.82,4190.77,4220,4206.67,4296.41,4622.56,4409.23,1
4381.54,4106.15,4291.79,4155.38,4349.74,4614.36,4061.54,4597.95,4187.69,4205.64,4203.08,4290.77,4612.82,4411.28,1
4388.72,4106.15,4294.87,4152.31,4347.69,4614.87,4062.56,4595.9,4187.18,4201.54,4201.03,4293.33,4610.26,4415.9,1
4397.95,4113.33,4294.87,4155.38,4347.18,4614.87,4064.62,4602.56,4198.97,4212.31,4199.49,4299.49,4612.82,4422.05,1
4406.67,4128.21,4296.92,4162.56,4348.72,4607.69,4062.56,4601.03,4192.82,4211.28,4202.05,4296.41,4617.95,4427.69,1
4409.23,4127.69,4297.44,4160.51,4347.18,4604.1,4054.36,4584.62,4175.38,4202.56,4202.05,4295.38,4617.95,4431.28,1
4411.79,4118.97,4295.38,4158.46,4343.59,4604.62,4051.79,4581.03,4181.03,4206.67,4201.03,4299.49,4619.49,4438.97,1
4416.41,4127.69,4298.46,4165.64,4342.56,4600,4052.82,4590.77,4193.33,4214.87,4208.21,4300.51,4627.18,4442.56,1
4418.46,4138.97,4301.03,4169.74,4344.62,4599.49,4050.26,4588.72,4182.56,4213.33,4211.28,4295.9,4630.26,4436.92,1
4418.97,4133.85,4298.46,4168.21,4346.15,4604.1,4049.23,4580,4168.21,4205.64,4207.69,4296.41,4630.77,4441.03,1
4421.03,4129.23,4298.97,4167.18,4344.62,4603.59,4050.26,4577.95,4174.87,4205.13,4210.77,4304.62,4636.41,4451.79,1
4422.05,4131.79,4301.54,4163.59,4345.13,4604.1,4054.87,4580,4183.08,4213.33,4216.92,4305.13,4640,4451.79,1
4422.56,4132.31,4300,4162.56,4348.21,4609.74,4060,4586.67,4182.56,4220,4218.97,4302.56,4642.05,4449.74,1
4424.1,4129.23,4297.95,4165.13,4346.15,4606.15,4060,4592.82,4183.08,4216.92,4215.9,4304.1,4643.08,4447.69,1
4420,4126.67,4298.97,4160.51,4342.56,4601.54,4057.44,4591.28,4183.08,4208.21,4209.23,4303.59,4637.95,4445.64,1
4421.03,4126.67,4297.95,4161.03,4342.56,4602.05,4057.44,4588.72,4184.1,4206.15,4211.28,4302.05,4642.05,4451.79,1
4423.59,4122.05,4293.85,4163.08,4341.03,4601.54,4058.97,4584.1,4181.54,4212.31,4214.87,4299.49,4650.26,4449.74,1
4422.56,4120.51,4292.31,4160,4342.56,4603.08,4055.38,4572.82,4173.33,4214.87,4210.26,4294.87,4646.15,4443.59,1
4423.08,4128.21,4296.41,4165.13,4350.26,4610.26,4052.82,4571.28,4177.44,4213.85,4215.38,4296.92,4648.21,4453.85,1
4426.15,4129.74,4297.95,4172.31,4350.26,4614.36,4054.36,4582.05,4189.23,4216.92,4225.64,4304.1,4658.46,4462.56,1
4425.64,4122.05,4294.36,4167.69,4343.59,4613.85,4054.87,4585.13,4189.23,4218.97,4225.13,4304.1,4657.44,4457.95,1
4426.15,4122.56,4300.51,4168.21,4345.13,4611.28,4054.36,4585.13,4190.26,4216.92,4222.05,4303.59,4655.38,4457.44,1
4431.28,4127.18,4310.26,4174.36,4350.26,4607.69,4052.82,4589.23,4193.85,4220,4227.69,4308.21,4666.67,4466.67,1
4435.9,4121.54,4314.36,4170.26,4349.74,4607.18,4053.33,4586.67,4185.13,4223.08,4234.87,4313.85,4676.41,4475.38,1
4438.97,4118.97,4317.44,4168.72,4347.18,4604.62,4048.21,4578.46,4179.49,4220,4238.97,4318.97,4676.92,4478.46,1
4441.03,4125.13,4317.44,4171.79,4346.67,4601.03,4044.62,4576.41,4183.08,4215.9,4235.9,4315.38,4672.31,4472.31,1
4437.95,4122.05,4311.28,4169.74,4345.64,4607.69,4052.82,4580.51,4181.03,4210.77,4226.15,4306.67,4664.62,4464.62,1
4433.85,4112.82,4310.77,4167.18,4346.67,4618.97,4061.03,4586.67,4184.1,4211.28,4222.05,4306.67,4665.13,4470.26,1
4434.87,4109.74,4315.38,4168.72,4349.23,4620,4065.64,4593.85,4195.9,4220.51,4224.1,4309.23,4667.69,4471.79,1
4434.36,4109.23,4314.87,4164.62,4347.18,4617.95,4065.64,4596.92,4201.03,4224.62,4227.69,4307.69,4665.64,4463.59,1
4429.23,4105.64,4311.28,4162.56,4344.1,4617.44,4062.56,4594.87,4199.49,4225.64,4235.38,4310.26,4672.31,4468.21,1
4426.67,4104.1,4309.74,4167.69,4345.13,4613.33,4061.03,4593.85,4196.41,4230.77,4239.49,4311.79,4684.1,4474.87,1
4429.23,4107.69,4310.26,4169.74,4347.69,4610.26,4060.51,4593.85,4192.82,4230.26,4236.41,4306.67,4678.46,4469.74,1
4435.9,4111.79,4312.31,4169.23,4348.21,4608.72,4053.85,4585.13,4186.15,4219.49,4236.41,4304.1,4672.82,4471.79,1
4436.41,4109.23,4311.28,4169.74,4347.69,4606.15,4046.67,4572.31,4168.21,4213.85,4236.92,4306.15,4679.49,4477.44,1
4429.74,4103.59,4310.77,4170.26,4349.23,4605.13,4050.26,4567.69,4160,4212.82,4231.28,4308.72,4677.44,4470.26,1
4427.69,4103.59,4316.92,4173.85,4349.74,4607.69,4054.36,4575.38,4178.97,4211.28,4228.72,4312.31,4667.69,4464.62,1
4429.23,4102.05,4321.03,4176.41,4348.21,4610.77,4057.95,4589.74,4197.95,4218.46,4229.23,4314.87,4665.64,4462.56,1
4423.59,4095.9,4314.87,4170.26,4346.67,4612.31,4062.56,4600.51,4197.95,4223.59,4225.13,4310.77,4665.64,4457.95,1
4415.9,4090.77,4306.15,4165.64,4346.67,4615.38,4065.13,4600,4193.85,4220.51,4222.56,4302.05,4664.1,4457.44,1
4414.87,4086.67,4304.62,4167.69,4348.21,4613.85,4064.62,4592.82,4189.23,4217.44,4224.62,4302.56,4662.56,4456.41,1
4417.44,4085.64,4308.21,4168.21,4346.15,4610.26,4067.18,4592.82,4183.59,4214.36,4225.13,4308.72,4662.56,4454.87,1
4424.1,4087.69,4311.28,4169.23,4345.64,4612.31,4070.77,4591.28,4178.46,4214.36,4231.28,4314.87,4675.9,4466.67,0
4426.15,4087.18,4314.87,4170.77,4352.31,4615.38,4066.67,4576.92,4175.38,4222.56,4242.56,4320.51,4692.31,4474.87,0
4417.95,4081.54,4310.77,4168.21,4356.41,4615.9,4061.03,4573.85,4186.67,4231.28,4245.13,4318.46,4693.85,4462.56,0
4407.69,4073.33,4301.03,4166.67,4353.33,4615.9,4062.05,4589.74,4207.69,4234.36,4238.97,4312.31,4685.64,4448.72,0
4404.1,4068.21,4298.97,4169.23,4352.31,4617.95,4061.54,4600,4211.79,4234.36,4236.41,4307.69,4677.95,4447.18,0
4405.64,4067.69,4301.54,4166.67,4353.33,4617.44,4053.33,4594.36,4196.41,4232.31,4235.9,4304.1,4674.36,4452.82,0
4407.69,4065.13,4302.05,4158.46,4346.67,4609.74,4046.67,4594.87,4192.82,4226.15,4234.87,4304.62,4677.44,4459.49,0
4408.72,4054.36,4301.54,4153.33,4341.54,4605.13,4052.31,4610.77,4209.74,4227.69,4240,4312.82,4684.62,4463.59,0
4405.64,4045.13,4300,4153.85,4344.1,4606.15,4062.05,4619.49,4217.95,4235.38,4245.13,4317.44,4687.69,4462.56,0
4403.59,4046.15,4294.87,4151.79,4342.05,4607.69,4065.13,4604.1,4202.05,4238.46,4241.03,4308.72,4685.13,4458.97,0
4404.1,4048.21,4291.79,4145.64,4338.46,4609.23,4063.59,4584.62,4184.62,4231.79,4237.44,4300,4683.08,4455.9,0
4402.56,4042.56,4286.67,4138.46,4339.49,4612.31,4065.64,4582.05,4186.15,4222.56,4234.87,4302.56,4678.97,4454.87,0
4403.08,4041.03,4278.97,4135.38,4340.51,4614.87,4069.23,4584.62,4191.28,4220.51,4229.23,4302.05,4675.9,4456.41,0
4404.1,4045.64,4277.44,4136.92,4341.03,4615.38,4069.23,4588.72,4191.79,4226.67,4233.33,4296.92,4684.1,4460,0
4403.08,4037.95,4277.95,4133.33,4343.59,4615.9,4067.69,4600.51,4196.92,4234.87,4242.05,4298.46,4695.38,4463.59,0
4404.62,4029.23,4278.46,4123.08,4343.59,4611.28,4065.64,4612.82,4211.79,4239.49,4245.13,4304.1,4693.33,4464.62,0
4411.79,4040.51,4281.03,4124.1,4343.59,4606.67,4062.56,4620,4222.05,4244.62,4247.18,4306.15,4692.82,4467.18,0
4413.33,4049.74,4284.62,4135.9,4343.59,4605.64,4060,4618.46,4213.85,4246.67,4249.23,4306.15,4697.44,4469.74,0
4408.21,4038.46,4289.23,4135.38,4338.46,4606.67,4058.97,4604.62,4201.54,4239.49,4247.69,4307.18,4692.31,4467.69,0
4407.69,4029.74,4296.41,4126.15,4335.9,4609.74,4062.56,4595.9,4204.62,4237.95,4247.18,4309.74,4690.77,4469.23,0
4406.15,4028.72,4297.44,4122.05,4336.92,4613.33,4070.26,4602.56,4211.28,4242.05,4248.21,4313.33,4696.41,4470.26,0
4396.92,4022.05,4286.15,4118.97,4335.9,4615.38,4073.33,4606.15,4205.64,4238.46,4245.64,4311.28,4691.28,4462.56,0
4388.21,4013.33,4280.51,4112.82,4333.85,4612.31,4070.26,4604.62,4202.05,4234.36,4245.13,4309.23,4684.1,4457.44,0
4388.72,4010.26,4287.18,4111.79,4333.33,4605.64,4067.18,4608.72,4211.28,4238.97,4248.72,4311.79,4687.18,4457.95,0
4391.79,4013.85,4294.87,4119.49,4334.36,4601.03,4063.59,4607.69,4207.69,4237.95,4251.28,4314.36,4692.31,4460,0
4393.85,4016.92,4297.95,4125.13,4336.41,4599.49,4057.44,4591.79,4186.15,4230.26,4245.64,4315.38,4690.26,4458.97,0
4393.33,4017.44,4296.92,4124.1,4336.41,4603.08,4056.41,4586.15,4182.56,4229.74,4241.54,4314.87,4684.1,4456.41,0
4394.36,4021.54,4296.92,4124.62,4341.03,4601.03,4055.9,4600,4205.64,4236.41,4249.74,4316.41,4688.21,4457.95,0
4396.41,4025.13,4298.46,4127.18,4345.13,4599.49,4053.33,4613.85,4222.05,4247.69,4257.95,4320.51,4698.46,4461.03,0
4389.23,4019.49,4293.33,4125.64,4338.97,4608.21,4060,4619.49,4221.03,4253.85,4254.36,4317.95,4700,4456.41,0
4377.95,4013.85,4280.51,4118.46,4334.87,4618.97,4070.26,4620.51,4216.92,4248.21,4246.67,4308.21,4689.74,4443.59,0
4370.77,4010.77,4276.41,4111.79,4338.46,4617.95,4069.74,4614.36,4207.69,4240,4240,4300.51,4677.44,4434.36,0
4364.62,4004.1,4280,4106.67,4335.38,4612.82,4067.18,4595.9,4190.26,4234.36,4236.41,4299.49,4672.31,4432.82,0
4360.51,3997.95,4274.87,4105.64,4329.23,4612.82,4066.67,4582.05,4176.92,4226.15,4235.38,4301.54,4671.28,4429.74,0
4358.97,3996.92,4265.13,4106.15,4334.87,4614.36,4062.05,4583.08,4176.41,4221.03,4232.31,4297.44,4667.18,4422.56,0
4355.38,3994.87,4267.18,4105.64,4339.49,4611.79,4057.95,4589.23,4187.18,4225.13,4227.69,4288.72,4665.64,4421.54,0
4348.72,3989.74,4273.33,4106.15,4332.31,4605.64,4058.46,4594.36,4197.44,4229.23,4230.26,4290.77,4669.74,4425.13,0
4353.33,3988.72,4277.95,4107.18,4330.77,4603.08,4057.44,4601.03,4211.28,4236.41,4241.54,4302.56,4673.85,4429.74,0
4362.56,3994.87,4280,4107.69,4335.38,4604.62,4054.36,4615.38,4230.26,4250.26,4250.26,4306.67,4682.56,4437.44,0
4357.44,3994.36,4273.85,4108.72,4334.87,4604.62,4058.46,4626.15,4232.82,4256.41,4247.18,4301.03,4688.72,4435.38,0
4342.05,3985.64,4264.62,4102.56,4330.77,4608.72,4067.69,4622.56,4213.85,4248.21,4237.44,4293.33,4678.46,4415.38,0
4333.85,3985.64,4262.05,4095.9,4330.26,4614.36,4073.33,4612.82,4202.05,4235.38,4228.21,4285.13,4664.1,4403.08,0
4333.85,3989.23,4263.08,4099.49,4333.85,4618.46,4077.95,4613.85,4206.67,4233.33,4222.56,4284.1,4660,4406.67,0
4335.38,3986.67,4265.64,4105.64,4338.97,4622.05,4083.59,4619.49,4211.28,4241.03,4227.18,4292.82,4662.56,4413.33,0
4335.9,3986.67,4268.21,4107.18,4340.51,4621.03,4078.97,4614.87,4210.77,4244.1,4235.9,4294.87,4666.15,4414.36,0
4330.26,3989.23,4263.08,4102.05,4334.36,4615.9,4067.69,4606.15,4206.67,4240.51,4230.77,4285.13,4663.59,4406.67,0
4325.64,3986.15,4259.49,4098.46,4333.33,4619.49,4069.23,4609.74,4209.74,4242.05,4226.67,4281.03,4664.62,4403.59,0
4328.72,3986.15,4264.62,4104.1,4340,4620,4076.41,4624.62,4224.1,4250.77,4238.46,4289.74,4669.74,4407.69,0
4330.77,3992.82,4265.13,4111.79,4341.03,4615.38,4076.41,4633.85,4237.95,4257.44,4243.59,4297.95,4666.67,4406.15,0
4331.28,3989.74,4264.1,4108.21,4335.9,4618.46,4074.36,4635.38,4238.46,4257.95,4236.92,4300.51,4659.49,4401.03,0
4326.15,3976.41,4262.56,4097.44,4331.28,4621.03,4072.82,4631.28,4225.13,4250.26,4232.82,4295.9,4656.41,4398.46,0
4315.9,3968.21,4253.33,4092.31,4328.72,4617.44,4072.82,4624.62,4213.33,4241.03,4229.23,4286.15,4652.31,4392.82,0
4310.26,3968.72,4245.13,4089.23,4327.18,4617.44,4076.41,4624.1,4215.9,4239.49,4224.62,4281.54,4647.18,4387.69,0
4311.28,3969.23,4253.85,4091.28,4328.21,4618.46,4079.49,4625.64,4216.41,4237.95,4223.59,4281.54,4645.13,4386.67,0
4315.38,3971.28,4266.67,4098.46,4328.21,4616.92,4074.87,4620,4207.18,4234.87,4221.54,4283.59,4644.1,4389.23,0
4315.9,3973.33,4267.69,4100,4326.67,4614.36,4070.77,4615.9,4205.64,4236.41,4222.05,4288.21,4644.62,4394.36,0
4308.72,3969.74,4266.67,4095.9,4327.18,4611.79,4070.26,4621.03,4213.85,4234.36,4222.56,4290.26,4641.54,4391.28,0
4301.03,3965.13,4266.67,4094.87,4330.77,4615.9,4075.38,4630.77,4223.59,4235.9,4218.97,4289.74,4635.9,4382.56,0
4302.56,3967.18,4263.59,4096.92,4334.36,4627.69,4082.05,4641.03,4236.41,4251.79,4221.54,4289.74,4637.95,4380,0
4304.1,3973.85,4261.54,4094.87,4336.92,4631.79,4079.49,4642.56,4242.56,4262.05,4226.15,4285.64,4646.15,4379.49,0
4303.08,3974.87,4262.05,4096.41,4341.03,4632.31,4075.9,4634.87,4236.41,4256.92,4226.67,4278.46,4648.21,4380.51,0
4305.64,3971.79,4263.59,4102.05,4340,4632.31,4077.44,4631.79,4228.72,4256.41,4225.13,4281.54,4648.72,4387.18,0
4306.15,3973.85,4265.13,4103.59,4333.85,4624.62,4074.87,4631.28,4226.67,4259.49,4226.15,4284.62,4652.82,4387.18,0
4302.05,3975.38,4263.59,4103.08,4332.31,4615.38,4073.33,4627.69,4224.62,4249.74,4224.62,4277.95,4647.18,4375.9,0
4296.41,3967.18,4257.95,4100.51,4333.33,4616.41,4076.41,4623.08,4215.9,4236.41,4216.41,4278.46,4635.38,4370.77,0
4292.31,3965.13,4258.97,4100.51,4335.38,4623.59,4074.36,4619.49,4207.18,4235.9,4210.26,4284.62,4630.77,4372.31,0
4293.85,3971.79,4263.59,4103.59,4340,4625.13,4071.28,4622.05,4209.74,4239.49,4210.26,4284.1,4631.28,4372.82,0
4298.46,3969.74,4255.9,4101.03,4338.46,4623.08,4074.36,4628.72,4223.59,4238.97,4212.31,4281.03,4629.74,4371.79,0
4294.87,3967.18,4243.08,4095.38,4333.85,4623.08,4072.82,4629.23,4225.64,4240.51,4211.79,4277.44,4629.23,4367.69,0
4290.26,3973.85,4243.08,4100.51,4337.44,4626.15,4066.15,4623.08,4211.28,4240.51,4208.72,4270.77,4630.77,4364.62,0
4293.33,3976.92,4247.69,4109.23,4342.05,4628.21,4066.67,4614.87,4203.08,4235.38,4207.18,4267.69,4631.79,4366.67,0
4293.85,3972.82,4246.67,4105.13,4338.97,4625.13,4072.31,4612.82,4212.82,4237.95,4209.74,4272.31,4632.31,4370.77,0
4290.26,3972.82,4254.36,4102.56,4333.33,4619.49,4073.85,4623.08,4223.08,4244.1,4212.31,4277.44,4631.28,4370.77,0
4287.69,3972.31,4264.62,4103.08,4327.69,4616.92,4075.38,4626.15,4217.44,4236.41,4207.69,4276.41,4625.13,4361.54,0
4285.64,3966.15,4259.49,4098.46,4324.62,4619.49,4078.97,4616.92,4201.54,4224.62,4201.03,4271.28,4618.46,4353.85,0
4281.54,3960.51,4247.69,4091.79,4326.67,4617.95,4075.9,4611.28,4194.87,4221.54,4195.38,4266.67,4614.87,4351.79,0
4276.92,3957.44,4245.64,4089.74,4330.77,4613.85,4069.74,4612.82,4202.56,4223.08,4191.79,4263.08,4611.79,4347.69,0
4272.82,3956.92,4247.18,4093.85,4333.33,4612.31,4067.69,4616.41,4211.79,4227.69,4200,4263.08,4612.31,4345.64,0
4272.82,3961.03,4244.1,4100,4336.41,4615.38,4068.21,4623.08,4212.31,4230.26,4203.08,4267.18,4618.46,4350.26,0
4277.95,3963.59,4247.69,4104.1,4340,4618.97,4071.28,4630.77,4216.92,4231.79,4198.46,4273.85,4624.62,4357.44,0
4285.64,3964.1,4258.46,4105.13,4341.54,4617.95,4069.74,4629.23,4218.46,4235.38,4206.15,4278.46,4627.18,4366.67,0
4289.23,3968.72,4264.1,4105.64,4340,4614.87,4066.15,4624.62,4213.85,4240,4221.03,4281.03,4632.82,4376.41,0
4287.69,3971.79,4263.59,4108.21,4336.92,4617.95,4070.77,4627.18,4215.38,4241.03,4225.64,4286.15,4637.44,4375.9,0
4290.26,3972.31,4263.08,4110.26,4334.87,4624.1,4075.38,4629.23,4216.41,4236.92,4217.95,4287.18,4635.38,4369.74,0
4291.79,3968.21,4263.59,4106.67,4335.38,4623.59,4072.31,4624.1,4213.33,4231.28,4210.26,4280.51,4628.72,4364.1,0
4286.15,3960.51,4261.54,4099.49,4335.38,4625.64,4074.87,4624.62,4216.41,4230.77,4202.05,4275.38,4618.46,4358.46,0
4282.56,3959.49,4261.03,4100,4332.31,4631.79,4079.49,4632.82,4224.1,4235.9,4202.05,4276.92,4615.9,4360,0
4287.18,3970.26,4263.59,4107.18,4338.97,4632.31,4076.92,4640,4231.79,4244.1,4212.31,4281.03,4628.21,4368.21,0
4288.72,3976.92,4259.49,4109.23,4348.21,4630.77,4076.41,4646.67,4241.54,4250.77,4215.9,4280.51,4634.87,4366.15,0
4278.97,3967.69,4249.23,4105.64,4343.08,4627.18,4071.28,4643.59,4240,4248.21,4210.77,4270.26,4628.21,4356.41,0
4271.79,3961.03,4245.13,4105.13,4335.9,4618.46,4060,4625.64,4222.56,4242.56,4212.82,4267.69,4629.23,4356.41,0
4273.85,3959.49,4248.21,4106.15,4337.44,4618.46,4061.03,4616.41,4213.85,4242.56,4217.44,4277.44,4633.85,4360.51,0
4274.87,3951.28,4248.72,4101.03,4334.87,4623.59,4071.28,4624.62,4214.36,4241.03,4210.77,4277.44,4626.15,4356.92,0
4270.77,3946.15,4249.74,4097.95,4328.21,4619.49,4070.77,4622.56,4210.26,4233.85,4201.54,4270.77,4615.38,4352.31,0
4272.82,3958.97,4250.26,4101.03,4332.31,4617.95,4067.18,4614.36,4211.79,4229.23,4200.51,4272.82,4613.85,4353.33,0
4282.05,3976.92,4247.69,4110.26,4338.46,4622.56,4069.74,4622.05,4221.03,4231.28,4202.56,4272.31,4616.41,4356.41,0
4289.23,3983.59,4253.33,4119.49,4340,4622.56,4069.74,4631.28,4224.62,4237.44,4207.18,4271.28,4620.51,4360.51,0
4295.9,3988.21,4263.08,4118.97,4341.54,4624.1,4066.15,4625.13,4222.05,4244.1,4211.79,4276.92,4628.21,4364.1,0
4293.33,3995.38,4263.08,4116.41,4343.59,4628.21,4064.1,4620,4221.03,4244.1,4212.31,4279.49,4632.82,4363.08,0
4280.51,3987.69,4257.44,4115.38,4342.05,4624.1,4065.13,4624.62,4217.95,4233.85,4207.69,4273.33,4621.03,4351.28,0
4277.44,3973.85,4258.97,4112.31,4338.46,4620,4067.69,4622.05,4208.21,4224.62,4197.95,4268.21,4605.64,4342.56,0
4281.03,3974.36,4263.59,4109.23,4337.95,4622.05,4068.72,4614.36,4196.92,4217.95,4192.82,4267.69,4605.13,4344.1,0
4277.44,3977.95,4261.03,4109.74,4335.9,4619.49,4064.62,4612.31,4198.46,4213.85,4193.33,4267.69,4606.67,4344.62,0
4274.87,3971.28,4251.28,4106.67,4336.41,4614.87,4061.03,4608.72,4205.13,4215.9,4190.77,4265.64,4601.03,4343.08,0
4282.56,3970.77,4247.18,4108.72,4339.49,4615.9,4062.05,4606.15,4198.97,4217.95,4189.74,4260.51,4603.59,4343.08,0
4283.08,3980.51,4249.23,4120,4336.41,4619.49,4064.62,4607.18,4197.44,4218.97,4196.92,4261.54,4609.23,4342.05,0
4281.03,3989.23,4250.26,4122.56,4336.41,4623.08,4069.23,4615.9,4217.44,4230.77,4208.72,4270.26,4615.38,4347.69,0
4289.23,3997.95,4251.79,4122.05,4344.1,4626.67,4072.31,4628.21,4226.67,4244.1,4214.87,4276.92,4628.21,4358.46,0
4292.31,4000,4252.82,4124.62,4346.15,4629.23,4069.23,4626.67,4212.82,4240,4215.38,4270.77,4631.28,4357.95,0
4283.59,3994.36,4250.26,4118.97,4342.56,4631.28,4067.69,4615.38,4203.08,4229.23,4211.79,4260.51,4619.49,4349.23,0
4279.49,3986.15,4246.67,4110.26,4342.56,4628.21,4069.23,4613.85,4207.69,4227.69,4208.72,4262.56,4613.85,4343.08,0
4281.54,3980,4248.72,4108.21,4344.62,4620.51,4067.69,4620,4215.38,4232.82,4206.15,4267.69,4615.38,4339.49,0
4277.44,3977.95,4246.67,4104.62,4342.56,4621.03,4064.62,4614.87,4211.79,4230.26,4200.51,4262.56,4609.23,4336.41,0
4268.21,3971.79,4237.44,4093.33,4337.95,4622.56,4062.05,4605.64,4203.08,4220.51,4191.79,4252.31,4598.97,4330.26,0
4267.69,3965.13,4230.26,4088.72,4333.33,4617.44,4064.1,4604.1,4200.51,4219.49,4189.74,4254.87,4597.44,4332.31,0
4276.92,3969.23,4232.31,4097.44,4334.36,4615.9,4065.64,4613.85,4204.1,4223.08,4200,4262.56,4601.54,4340.51,0
4282.56,3979.49,4234.87,4101.03,4336.92,4618.46,4061.03,4620,4208.72,4222.05,4205.13,4261.03,4603.59,4344.1,0
4282.05,3982.56,4232.82,4093.85,4335.9,4618.97,4057.44,4616.92,4209.74,4221.54,4198.46,4256.41,4604.1,4342.56,0
4280,3977.95,4233.85,4088.21,4333.33,4624.1,4066.15,4616.41,4206.15,4223.59,4198.46,4260,4606.15,4342.56,0
4283.08,3975.9,4240.51,4091.28,4334.87,4630.77,4073.85,4619.49,4209.23,4226.15,4210.77,4267.69,4611.79,4348.72,0
4290.26,3976.41,4248.21,4092.82,4339.49,4627.18,4069.74,4617.95,4211.79,4232.31,4215.9,4269.23,4615.38,4353.85,0
4294.36,3978.46,4248.21,4092.31,4339.49,4620.51,4067.18,4613.85,4210.26,4233.85,4211.79,4268.21,4613.33,4350.77,0
4294.36,3984.1,4245.64,4095.9,4338.46,4622.56,4069.74,4615.38,4215.38,4230.26,4209.23,4270.77,4609.74,4349.23,0
4291.28,3991.28,4247.69,4100.51,4343.59,4621.03,4069.23,4617.44,4217.95,4232.31,4207.18,4270.26,4609.23,4353.85,0
4285.64,3990.26,4246.67,4104.1,4346.67,4613.85,4065.64,4613.85,4202.56,4230.77,4200,4263.08,4606.15,4347.18,0
4280.51,3987.18,4243.59,4102.56,4345.64,4616.41,4066.15,4606.67,4187.18,4218.46,4195.9,4260.51,4600.51,4340,0
4281.54,3991.28,4246.15,4102.05,4348.21,4628.21,4069.74,4607.18,4195.38,4215.38,4202.05,4266.15,4605.13,4350.26,0
4285.64,3992.82,4249.23,4102.05,4349.23,4631.79,4072.82,4614.36,4212.82,4228.72,4211.79,4271.28,4616.41,4356.92,0
4288.21,3989.23,4248.21,4094.87,4346.67,4627.69,4072.82,4619.49,4218.46,4237.95,4217.44,4270.77,4623.08,4355.38,0
4292.82,3993.85,4250.77,4093.33,4347.18,4630.26,4071.79,4625.13,4222.05,4239.49,4223.08,4273.33,4627.18,4362.05,0
4296.41,3997.95,4254.36,4101.03,4345.13,4631.28,4069.74,4630.26,4228.72,4245.13,4226.15,4280.51,4630.77,4369.23,0
4293.85,3995.9,4251.28,4103.59,4342.56,4625.13,4063.59,4626.15,4227.69,4246.15,4221.03,4277.95,4627.18,4362.05,0
4289.23,3996.41,4247.18,4100.51,4345.64,4624.62,4062.05,4615.9,4212.31,4234.87,4212.31,4266.15,4618.97,4352.31,0
4290.26,3995.38,4245.64,4102.05,4346.15,4629.74,4064.1,4610.77,4204.62,4226.67,4206.67,4263.08,4614.36,4353.85,0
4295.38,3991.79,4250.26,4102.56,4344.1,4629.74,4061.03,4611.79,4210.77,4231.28,4205.64,4270.26,4610.77,4357.44,0
4295.9,3994.36,4255.9,4102.56,4348.72,4629.74,4056.41,4613.85,4212.31,4232.82,4206.67,4270.26,4610.77,4355.38,0
4291.28,3994.36,4255.38,4104.62,4348.72,4633.33,4056.41,4612.82,4207.18,4226.67,4205.13,4265.13,4611.28,4348.72,0
4287.18,3987.69,4249.74,4098.97,4341.03,4627.18,4055.38,4608.21,4203.08,4223.08,4197.44,4259.49,4602.05,4342.05,0
4284.62,3982.56,4245.64,4092.31,4339.49,4615.9,4058.46,4613.33,4205.64,4223.59,4194.36,4258.46,4595.9,4344.1,0
4283.59,3982.05,4246.67,4090.77,4343.59,4618.46,4068.72,4623.08,4210.77,4227.18,4204.62,4266.15,4606.15,4353.33,0
4285.13,3983.59,4248.21,4089.74,4344.62,4623.08,4069.74,4619.49,4208.72,4228.72,4213.33,4273.33,4614.87,4357.44,0
4287.18,3989.23,4249.74,4092.31,4345.13,4617.95,4064.1,4610.77,4204.1,4225.13,4210.77,4270.26,4610.77,4352.82,0
4282.05,3990.77,4249.23,4094.36,4346.67,4620,4064.62,4613.33,4207.69,4224.62,4206.15,4264.1,4608.21,4346.67,0
4274.87,3989.74,4247.69,4094.36,4346.15,4631.79,4071.28,4618.46,4213.85,4230.77,4204.62,4264.62,4611.28,4345.64,0
4276.92,3992.31,4247.69,4094.36,4344.62,4633.33,4072.31,4619.49,4211.79,4235.38,4204.62,4265.13,4610.26,4345.64,0
4276.92,3988.21,4245.64,4091.79,4340.51,4626.67,4069.23,4621.54,4207.18,4232.82,4208.72,4263.08,4610.26,4343.59,0
4271.79,3984.62,4245.13,4089.74,4341.03,4625.13,4067.69,4622.05,4207.69,4233.85,4211.28,4265.13,4617.44,4348.72,0
4274.36,3995.38,4247.18,4098.97,4350.26,4628.21,4068.72,4624.62,4210.26,4238.46,4211.79,4269.74,4620,4352.31,0
4279.49,4005.13,4245.64,4105.13,4353.33,4631.28,4069.74,4624.62,4211.79,4237.44,4211.28,4270.26,4612.31,4344.1,0
4277.44,3999.49,4241.54,4099.49,4349.23,4629.74,4065.13,4616.92,4211.79,4233.33,4205.64,4266.15,4605.64,4341.03,0
4275.9,3994.87,4244.62,4100,4349.23,4626.15,4061.54,4618.97,4217.44,4233.85,4202.56,4264.1,4608.72,4350.77,0
4283.59,3997.95,4249.23,4106.67,4350.77,4629.74,4069.74,4626.15,4223.08,4236.92,4206.67,4265.64,4614.36,4355.9,0
4285.64,3996.41,4247.18,4100,4347.69,4635.9,4078.97,4623.08,4222.05,4242.56,4211.28,4270.26,4614.87,4351.28,0
4277.44,3986.15,4246.15,4090.26,4344.1,4636.92,4081.03,4623.59,4224.1,4246.15,4210.77,4269.74,4613.33,4348.72,0
4272.82,3980.51,4248.72,4090.77,4344.1,4634.87,4083.08,4630.77,4225.13,4243.59,4210.77,4267.18,4612.31,4348.21,0
4274.87,3983.59,4248.21,4090.77,4344.1,4633.33,4085.13,4627.18,4215.9,4238.97,4210.26,4269.74,4610.77,4347.69,0
4276.41,3985.13,4245.64,4088.72,4342.05,4628.21,4075.38,4623.59,4214.87,4237.95,4206.15,4272.31,4607.18,4348.72,0
4278.46,3978.97,4247.69,4089.74,4338.97,4619.49,4065.13,4627.69,4222.56,4238.46,4205.64,4271.28,4610.26,4347.18,0
4276.41,3970.77,4249.74,4089.74,4334.36,4611.79,4065.13,4621.54,4213.33,4229.74,4205.64,4269.23,4611.28,4339.49,0
4271.28,3971.28,4248.21,4089.74,4332.31,4611.79,4065.64,4606.67,4190.26,4218.46,4199.49,4265.13,4604.62,4337.95,0
4271.79,3977.95,4247.18,4090.26,4338.46,4614.87,4060,4602.56,4186.15,4217.44,4195.9,4262.56,4604.62,4343.59,0
4273.85,3980,4248.21,4090.26,4342.05,4616.92,4058.46,4607.69,4201.03,4221.03,4197.44,4263.08,4607.18,4343.08,0
4269.23,3978.46,4248.21,4090.26,4334.87,4622.05,4058.46,4607.69,4202.56,4220.51,4196.92,4263.59,4604.1,4337.95,0
4264.1,3982.05,4243.59,4090.77,4331.79,4623.59,4055.9,4605.13,4193.85,4217.95,4192.31,4258.97,4598.46,4337.44,0
4266.15,3990.26,4236.92,4092.31,4342.05,4619.49,4055.38,4608.72,4200,4219.49,4192.31,4256.92,4603.08,4337.44,0
4264.1,3994.36,4232.82,4094.87,4348.21,4620,4055.38,4615.38,4211.79,4224.1,4194.87,4258.97,4608.21,4332.82,0
4253.85,3993.33,4231.28,4094.87,4345.64,4626.15,4053.85,4618.46,4210.77,4225.64,4196.41,4256.92,4604.62,4326.67,0
4250.26,3993.85,4231.28,4097.44,4344.62,4624.1,4059.49,4623.08,4214.87,4228.21,4198.97,4254.36,4603.08,4327.18,0
4253.85,3996.41,4232.82,4103.59,4346.67,4616.92,4065.13,4624.62,4221.03,4237.95,4202.05,4260,4609.23,4329.23,0
4254.87,3994.87,4234.36,4102.56,4343.59,4616.41,4060.51,4618.97,4214.87,4239.49,4201.54,4266.15,4611.28,4326.67,0
4247.69,3986.15,4232.31,4093.85,4337.44,4618.97,4060,4610.77,4199.49,4223.59,4190.77,4261.54,4600.51,4318.46,0
4244.1,3980,4229.74,4090.77,4335.9,4616.41,4064.1,4602.56,4184.1,4211.79,4183.59,4252.82,4589.23,4315.38,0
4249.74,3987.69,4231.79,4094.36,4337.44,4613.85,4062.56,4596.92,4178.46,4208.21,4186.15,4251.79,4587.69,4322.05,0
4255.9,3987.18,4239.49,4093.85,4335.9,4616.41,4060.51,4601.54,4183.59,4205.13,4183.59,4254.36,4588.21,4321.54,0
4252.31,3968.72,4244.62,4088.72,4333.33,4616.92,4062.05,4611.28,4193.85,4212.31,4182.56,4258.46,4586.15,4316.41,0
4253.33,3969.23,4249.74,4091.79,4336.41,4613.85,4060.51,4614.36,4198.46,4221.54,4186.15,4260,4584.1,4322.05,0
4271.28,3996.92,4255.9,4104.62,4341.03,4613.85,4057.44,4609.23,4195.9,4214.87,4183.08,4261.03,4582.05,4331.79,0
4284.1,4012.31,4254.87,4110.26,4336.92,4610.77,4053.85,4605.13,4190.77,4208.72,4180,4261.54,4579.49,4332.31,0
4288.72,4015.38,4255.38,4111.28,4332.82,4606.67,4051.28,4603.59,4189.23,4213.33,4184.1,4261.54,4580,4333.85,0
4296.41,4025.13,4261.03,4118.46,4332.31,4607.18,4054.87,4603.08,4186.15,4208.72,4183.59,4262.05,4580.51,4344.1,0
4305.64,4036.41,4263.08,4124.62,4336.92,4611.79,4055.9,4601.54,4177.44,4201.03,4184.1,4263.08,4583.08,4352.31,0
4315.9,4047.18,4262.56,4128.21,4344.1,4613.33,4051.28,4601.03,4181.03,4209.74,4194.36,4270.77,4592.31,4354.87,0
4314.87,4049.74,4261.03,4129.23,4345.13,4615.38,4051.28,4602.56,4188.72,4214.87,4191.28,4267.18,4597.44,4346.67,0
4289.74,4038.46,4245.64,4123.08,4340,4619.49,4055.38,4600.51,4182.05,4200,4174.36,4248.72,4583.59,4328.21,0
4272.31,4033.85,4230.77,4118.46,4341.03,4619.49,4055.9,4597.44,4180.51,4194.87,4167.18,4241.54,4570.26,4320.51,0
4278.97,4041.03,4240.51,4121.54,4344.1,4618.97,4055.9,4604.1,4198.46,4209.74,4176.41,4251.79,4572.82,4325.13,0
4273.85,4037.95,4247.18,4122.56,4342.56,4621.54,4062.56,4619.49,4211.28,4217.95,4180.51,4255.38,4572.31,4315.9,0
4252.31,4027.18,4235.9,4119.49,4342.05,4625.64,4069.74,4628.21,4210.77,4216.92,4171.79,4249.23,4566.15,4303.08,0
4250.77,4026.67,4235.38,4121.03,4344.1,4627.18,4068.72,4625.13,4211.28,4223.08,4174.36,4254.87,4572.82,4314.87,0
4263.08,4036.41,4249.74,4123.08,4344.1,4626.15,4068.72,4624.62,4204.62,4227.69,4184.1,4265.64,4584.62,4324.1,0
4259.49,4025.13,4252.31,4117.44,4336.92,4627.18,4073.85,4625.13,4197.44,4222.05,4180,4265.64,4579.49,4309.23,0
4248.21,4002.05,4243.08,4109.23,4331.79,4626.67,4075.38,4621.03,4196.41,4215.38,4172.31,4260,4566.67,4299.49,0
4248.72,4006.15,4242.05,4107.69,4330.26,4623.59,4066.67,4610.77,4188.21,4206.15,4169.74,4256.41,4562.56,4306.15,0
4260,4026.15,4245.13,4111.79,4329.74,4617.95,4056.41,4597.95,4175.38,4195.38,4164.1,4250.26,4559.49,4306.67,0
4271.28,4035.9,4246.15,4123.08,4333.85,4613.33,4050.77,4590.26,4172.31,4190.26,4157.95,4244.1,4553.33,4305.64,0
4282.05,4045.64,4250.77,4136.41,4340.51,4610.26,4047.18,4593.85,4179.49,4190.26,4161.54,4250.26,4554.87,4321.03,0
4291.79,4058.46,4258.97,4140,4344.1,4612.31,4046.67,4602.56,4187.69,4193.85,4166.67,4260.51,4564.1,4331.28,0
4291.79,4059.49,4260,4138.97,4347.18,4616.41,4045.13,4603.59,4183.08,4196.92,4167.69,4262.05,4567.18,4323.08,0
4286.15,4055.38,4251.79,4140.51,4348.21,4619.49,4045.64,4603.08,4180.51,4198.46,4168.72,4259.49,4565.64,4315.38,0
4280.51,4050.77,4248.21,4139.49,4341.03,4621.03,4054.87,4611.28,4190.26,4196.41,4165.64,4255.9,4562.56,4312.31,0
4273.85,4045.64,4248.72,4137.95,4334.87,4621.03,4057.95,4610.26,4183.59,4190.26,4159.49,4251.79,4556.41,4306.67,0
4271.79,4050.26,4250.26,4142.05,4338.46,4616.41,4051.79,4600,4173.33,4187.18,4160,4252.82,4556.41,4309.23,0
4275.9,4053.85,4249.74,4143.59,4343.59,4614.87,4053.85,4600,4181.54,4192.82,4168.72,4258.46,4562.56,4314.87,0
4263.08,4046.15,4241.54,4138.46,4343.59,4616.92,4061.03,4601.54,4177.44,4191.28,4166.67,4254.36,4559.49,4303.59,0
4245.13,4037.95,4230.77,4135.38,4340.51,4616.41,4055.9,4593.85,4167.69,4182.05,4156.92,4243.08,4550.77,4288.72,0
4244.1,4039.49,4230.77,4136.41,4342.56,4613.85,4046.15,4593.33,4176.41,4185.13,4157.44,4240,4548.21,4286.67,0
4240.51,4037.95,4227.18,4131.79,4345.64,4611.79,4047.18,4598.97,4180,4190.26,4156.92,4238.97,4543.08,4281.03,0
4225.64,4028.72,4217.44,4124.1,4341.03,4613.33,4051.79,4597.95,4168.72,4181.03,4147.69,4235.9,4531.79,4271.28,0
4221.54,4023.08,4215.9,4122.05,4330.77,4613.33,4050.26,4597.44,4167.18,4175.9,4143.59,4233.33,4528.72,4267.18,0
4221.54,4022.05,4217.44,4123.08,4327.69,4609.23,4048.21,4603.08,4176.92,4178.97,4146.15,4230.26,4529.74,4266.67,0
4218.46,4022.56,4215.38,4119.49,4331.79,4611.79,4056.41,4608.21,4180.51,4178.46,4146.67,4230.26,4526.15,4267.18,0
4225.13,4024.1,4216.41,4112.82,4331.79,4617.95,4065.13,4604.62,4170.77,4176.41,4148.72,4234.87,4528.21,4270.77,0
4230.77,4018.97,4217.44,4108.21,4325.13,4614.36,4062.56,4594.36,4158.46,4173.85,4147.69,4236.92,4532.82,4272.31,0
4229.74,4014.36,4217.44,4104.62,4324.1,4610.77,4057.44,4594.87,4164.62,4170.26,4143.59,4233.85,4529.23,4272.31,0
4236.92,4020,4224.62,4105.64,4331.28,4614.36,4057.44,4607.69,4178.97,4176.41,4150.26,4236.92,4528.72,4279.49,0
4243.59,4024.62,4230.26,4108.21,4335.38,4612.31,4059.49,4611.28,4180.51,4187.18,4160.51,4247.18,4536.41,4286.67,0
4244.62,4023.59,4230.77,4107.69,4333.33,4608.72,4056.92,4605.64,4177.44,4191.28,4164.62,4251.79,4545.64,4289.74,0
4244.1,4021.03,4228.21,4105.13,4334.36,4609.23,4054.87,4608.21,4183.59,4194.87,4166.67,4250.77,4550.26,4290.26,0
4241.54,4015.9,4222.56,4101.03,4332.82,4607.69,4055.38,4613.85,4191.28,4196.41,4165.13,4243.59,4548.72,4282.56,0
4231.28,4008.21,4215.38,4093.33,4325.13,4605.64,4054.36,4610.26,4184.62,4187.69,4156.41,4232.31,4538.97,4270.26,0
4224.1,4003.08,4210.26,4086.67,4324.1,4606.67,4052.31,4606.67,4176.92,4177.95,4149.23,4228.21,4529.74,4267.18,0
4220.51,4006.67,4207.69,4089.74,4329.74,4610.26,4050.77,4603.59,4173.85,4177.44,4147.18,4232.31,4530.77,4269.74,0
4214.87,4009.23,4202.56,4090.26,4328.72,4610.26,4052.31,4597.44,4165.13,4177.44,4143.59,4229.74,4530.26,4265.64,0
4215.9,4008.21,4201.03,4087.69,4327.18,4608.72,4053.85,4595.38,4161.54,4172.82,4144.1,4222.56,4525.13,4267.18,0
4221.03,4015.38,4206.67,4095.38,4335.38,4610.77,4052.82,4595.9,4168.21,4174.87,4148.72,4225.64,4531.79,4276.92,0
4223.59,4027.69,4206.67,4106.15,4341.54,4616.41,4054.36,4597.95,4176.41,4185.13,4153.33,4230.77,4545.64,4280,0
4220,4028.21,4202.56,4108.72,4340,4618.46,4058.46,4603.59,4181.54,4189.74,4157.44,4226.67,4549.23,4274.87,0
4214.87,4019.49,4207.18,4105.64,4334.87,4618.46,4062.56,4609.23,4179.49,4186.15,4160.51,4225.64,4542.56,4268.72,0
4216.41,4014.36,4211.28,4102.05,4332.82,4620,4062.05,4609.74,4180.51,4187.69,4158.46,4232.31,4543.08,4271.28,0
4215.9,4011.79,4206.15,4100,4333.85,4620,4060.51,4607.69,4188.21,4195.38,4159.49,4232.31,4548.72,4278.97,0
4215.38,4015.9,4209.74,4103.59,4334.87,4623.08,4061.54,4609.74,4189.23,4199.49,4163.08,4228.72,4551.28,4282.56,0
4221.54,4021.54,4217.95,4107.69,4333.33,4622.56,4062.56,4610.26,4181.54,4198.46,4164.1,4235.38,4549.23,4283.08,0
4228.72,4023.08,4215.38,4105.13,4330.26,4614.87,4058.46,4605.13,4180,4195.38,4163.08,4239.49,4548.21,4284.62,0
4229.74,4027.69,4214.36,4105.13,4335.9,4613.85,4053.85,4604.1,4188.72,4198.46,4163.59,4236.92,4555.9,4287.18,0
4236.41,4032.82,4222.05,4109.23,4344.62,4617.95,4053.85,4609.23,4190.77,4201.54,4165.64,4241.03,4556.92,4291.28,0
4245.13,4032.82,4227.69,4112.82,4347.18,4617.44,4054.36,4608.21,4180.51,4201.03,4166.67,4246.15,4552.82,4294.87,0
4242.05,4032.31,4228.72,4110.77,4346.67,4618.97,4057.44,4603.08,4176.41,4198.46,4163.59,4243.59,4555.38,4293.85,0
4241.03,4031.28,4229.23,4109.23,4345.64,4625.13,4065.64,4605.13,4189.23,4197.95,4162.05,4243.08,4557.95,4296.92,0
4242.05,4025.64,4230.26,4111.28,4344.62,4627.18,4068.21,4611.79,4196.92,4201.03,4168.21,4247.69,4554.87,4300.51,0
4241.54,4026.15,4230.26,4113.85,4343.59,4626.15,4061.54,4613.33,4189.74,4203.59,4173.33,4248.21,4557.95,4295.9,0
4243.08,4032.82,4230.26,4115.38,4345.13,4623.59,4052.82,4614.36,4194.36,4211.79,4172.82,4246.67,4565.64,4296.92,0
4242.56,4029.74,4232.31,4114.36,4343.59,4620.51,4053.85,4620,4207.69,4221.03,4177.95,4249.23,4566.15,4304.62,0
4240,4022.56,4232.82,4113.33,4340.51,4621.03,4063.08,4624.62,4210.26,4221.03,4184.62,4252.82,4567.18,4306.15,0
4237.44,4023.59,4225.64,4111.28,4341.03,4622.05,4067.69,4620,4200,4214.87,4183.08,4250.77,4571.28,4300.51,0
4232.31,4022.05,4216.41,4107.18,4339.49,4617.95,4065.64,4609.74,4186.15,4207.69,4174.87,4238.97,4564.62,4290.77,0
4225.13,4015.38,4215.38,4105.64,4335.9,4614.36,4062.05,4604.62,4179.49,4198.97,4166.15,4228.21,4551.79,4278.97,0
4221.03,4014.87,4213.85,4105.13,4335.9,4617.44,4060.51,4606.15,4182.56,4190.26,4158.97,4229.74,4546.15,4274.36,0
4215.38,4014.87,4203.59,4098.97,4334.87,4618.46,4055.9,4605.64,4184.62,4186.67,4154.36,4230.26,4543.08,4270.26,0
4210.77,4009.74,4197.44,4093.33,4331.79,4616.41,4050.26,4600,4172.31,4179.49,4147.69,4220,4536.92,4262.05,0
4212.82,4010.26,4199.49,4099.49,4331.79,4616.41,4051.79,4590.77,4161.03,4174.36,4143.08,4216.41,4537.44,4265.64,0
4217.44,4016.92,4205.13,4103.59,4332.82,4614.36,4055.38,4586.67,4166.15,4180.51,4147.18,4225.64,4543.59,4279.49,0
4229.74,4024.62,4213.33,4106.15,4337.44,4613.85,4053.33,4594.87,4177.95,4190.26,4160,4233.85,4551.79,4290.77,0
4242.05,4033.85,4223.59,4117.95,4345.64,4616.92,4051.79,4602.56,4179.49,4196.92,4168.21,4239.49,4560,4296.41,0
4247.69,4036.41,4230.77,4122.56,4345.13,4617.95,4054.36,4601.54,4182.56,4200,4168.72,4245.13,4564.62,4301.03,0
4251.28,4034.87,4234.36,4116.92,4340.51,4621.03,4056.92,4606.15,4195.38,4204.1,4172.82,4249.23,4567.69,4305.64,0
4253.33,4041.54,4234.36,4116.92,4343.08,4628.21,4057.44,4611.79,4194.36,4207.18,4178.46,4247.18,4569.23,4301.54,0
4248.21,4040.51,4230.26,4114.87,4341.03,4627.18,4058.97,4612.31,4189.74,4206.67,4172.31,4238.97,4564.62,4290.26,0
4242.05,4026.67,4226.67,4105.64,4333.33,4617.44,4060.51,4613.85,4194.87,4202.56,4164.62,4233.85,4556.41,4288.21,0
4240,4022.56,4221.03,4103.08,4332.31,4615.9,4058.46,4605.64,4178.46,4195.38,4164.1,4236.41,4551.28,4294.87,0
4236.41,4027.69,4216.92,4106.67,4331.28,4618.46,4054.36,4588.21,4156.41,4186.15,4159.49,4234.87,4550.77,4291.28,0
4230.26,4025.13,4216.41,4105.13,4328.72,4616.41,4058.46,4589.23,4168.72,4181.03,4153.85,4227.18,4550.77,4282.05,0
4230.77,4022.56,4217.44,4104.62,4330.26,4614.36,4062.56,4604.1,4184.1,4185.64,4155.38,4228.21,4551.28,4282.56,0
4230.77,4021.03,4216.41,4104.62,4328.72,4614.87,4056.41,4605.13,4175.38,4189.74,4158.97,4232.82,4550.26,4284.62,0
4226.67,4018.46,4215.9,4102.05,4324.62,4615.38,4057.44,4596.92,4173.33,4188.72,4159.49,4231.28,4549.23,4282.05,0
4230.77,4022.05,4218.97,4103.59,4331.28,4615.9,4062.56,4595.9,4181.03,4189.23,4164.62,4231.28,4554.87,4288.72,0
4235.9,4026.15,4219.49,4107.18,4336.41,4617.44,4057.95,4600,4180.51,4191.28,4167.69,4234.36,4558.46,4296.41,0
4228.72,4021.54,4213.33,4106.15,4332.31,4617.95,4053.85,4606.15,4185.13,4188.21,4159.49,4231.28,4551.79,4287.69,0
4226.15,4023.59,4209.23,4104.62,4336.41,4615.38,4057.44,4608.72,4188.72,4189.23,4157.44,4224.1,4546.67,4279.49,0
4235.9,4033.85,4214.36,4113.85,4341.54,4616.41,4059.49,4609.23,4186.67,4195.38,4163.59,4227.69,4552.31,4286.15,0
4240,4036.41,4220,4121.54,4337.44,4618.97,4055.38,4608.72,4183.59,4194.36,4165.13,4233.85,4558.97,4293.85,0
4240,4032.31,4218.97,4118.46,4336.41,4618.97,4053.85,4602.05,4172.82,4190.77,4164.1,4233.33,4560,4296.92,0
4240,4031.79,4217.44,4110.26,4340.51,4615.9,4052.82,4594.36,4164.62,4188.72,4166.15,4230.77,4557.95,4294.87,0
4238.46,4032.82,4215.9,4109.23,4338.97,4616.92,4051.28,4591.79,4169.23,4186.67,4163.08,4229.74,4554.87,4289.74,0
4240.51,4035.38,4216.92,4114.87,4335.38,4617.44,4051.79,4595.38,4179.49,4190.26,4160,4230.26,4556.41,4294.87,0
4246.67,4038.46,4225.64,4120.51,4334.36,4608.21,4053.33,4597.95,4184.62,4201.54,4169.74,4235.38,4562.05,4306.15,0
4254.87,4038.97,4233.33,4121.54,4332.31,4604.1,4054.87,4602.05,4186.67,4203.59,4175.9,4243.08,4566.67,4307.69,0
4260.51,4036.41,4234.36,4122.05,4334.87,4613.85,4057.95,4605.64,4186.67,4198.46,4172.31,4247.69,4567.18,4307.69,0
4256.41,4031.79,4235.9,4121.03,4336.41,4617.95,4062.05,4607.18,4190.77,4201.03,4168.21,4250.26,4562.56,4307.18,0
4247.69,4027.18,4234.87,4118.46,4333.85,4616.41,4062.56,4608.72,4190.77,4200.51,4167.69,4247.69,4554.87,4298.97,0
4246.15,4025.13,4232.82,4118.46,4338.46,4624.1,4063.08,4610.26,4181.54,4190.77,4163.59,4239.49,4548.72,4292.31,0
4245.64,4024.1,4233.85,4117.44,4341.03,4629.74,4066.15,4613.85,4180.51,4183.08,4157.95,4238.46,4545.64,4289.74,0
4241.03,4021.54,4233.33,4112.82,4334.87,4623.08,4063.08,4611.79,4180.51,4183.59,4160.51,4239.49,4547.69,4288.21,0
4241.54,4023.08,4230.77,4113.85,4333.85,4618.46,4055.9,4603.59,4178.97,4188.21,4165.64,4236.92,4554.87,4292.82,0
4246.67,4030.26,4230.77,4120,4338.97,4620,4054.36,4603.08,4187.18,4194.87,4169.74,4239.49,4561.54,4301.54,0
4252.31,4036.41,4232.31,4123.59,4336.92,4620,4055.38,4605.64,4189.23,4202.05,4174.36,4246.67,4569.23,4305.64,0
4252.31,4033.33,4232.82,4123.08,4334.36,4616.41,4052.82,4600.51,4179.49,4203.59,4175.9,4245.64,4572.82,4305.13,0
4244.1,4027.18,4229.23,4117.95,4336.92,4613.85,4049.23,4596.41,4179.49,4200,4169.23,4235.9,4568.21,4296.92,0
4235.9,4022.56,4218.97,4108.72,4333.33,4615.38,4047.69,4597.44,4181.03,4193.85,4160,4227.69,4559.49,4284.62,0
4233.33,4018.46,4212.82,4107.69,4327.69,4615.38,4050.26,4593.85,4171.28,4187.69,4156.41,4226.15,4551.79,4283.08,0
4234.87,4021.54,4215.9,4117.95,4328.72,4613.33,4050.26,4595.9,4170.26,4184.62,4156.41,4229.23,4551.79,4290.77,0
4242.05,4031.79,4217.95,4123.59,4330.77,4613.33,4044.62,4600,4174.87,4187.69,4158.46,4229.74,4558.46,4294.36,0
4247.18,4033.33,4217.44,4121.03,4329.74,4614.36,4044.1,4597.44,4180,4195.38,4164.1,4228.72,4566.15,4293.85,0
4240.51,4025.13,4216.92,4120,4329.23,4615.9,4048.21,4600,4186.67,4201.03,4170.77,4233.33,4568.21,4294.87,0
4236.92,4024.1,4220,4122.56,4332.31,4617.95,4050.77,4603.59,4185.13,4202.05,4170.26,4238.97,4567.69,4296.92,0
4245.13,4027.18,4227.69,4122.56,4336.41,4618.46,4054.36,4602.05,4179.49,4196.41,4163.08,4237.44,4564.1,4297.44,0
4249.23,4026.67,4232.82,4126.67,4336.41,4617.95,4058.97,4604.1,4181.03,4193.33,4161.54,4234.36,4561.03,4301.54,0
4250.77,4028.72,4233.85,4131.28,4334.87,4618.97,4059.49,4609.74,4188.72,4202.56,4168.72,4240.51,4565.64,4308.21,0
4254.87,4028.72,4233.33,4127.69,4334.87,4620.51,4055.9,4609.74,4192.82,4210.77,4175.9,4248.72,4574.36,4311.79,0
4251.79,4024.62,4231.79,4124.62,4332.31,4618.46,4048.72,4606.15,4187.18,4205.13,4174.87,4249.23,4576.92,4306.67,0
4246.15,4024.62,4232.31,4126.67,4327.69,4613.85,4046.15,4598.97,4176.41,4198.46,4168.72,4242.05,4572.31,4298.97,0
4250.26,4031.79,4235.9,4127.69,4329.74,4614.36,4051.28,4598.46,4181.54,4200.51,4166.15,4239.49,4571.28,4301.03,0
4257.44,4033.33,4235.9,4127.18,4337.44,4619.49,4053.85,4607.69,4192.82,4207.18,4167.18,4245.13,4572.31,4306.15,0
4256.41,4026.15,4233.85,4126.15,4341.03,4619.49,4050.77,4604.1,4186.15,4203.08,4164.1,4244.62,4571.28,4304.1,0
4250.26,4025.13,4232.31,4123.59,4339.49,4614.87,4049.23,4590.26,4171.79,4192.82,4160,4232.31,4568.72,4300,0
4245.64,4026.67,4228.21,4120.51,4336.41,4612.82,4050.77,4592.82,4174.36,4190.77,4161.54,4228.21,4565.13,4296.92,0
4246.67,4022.56,4227.18,4117.95,4334.87,4614.87,4055.9,4609.74,4195.38,4197.95,4167.18,4237.95,4564.62,4296.41,0
4251.28,4023.59,4229.23,4116.92,4338.46,4616.41,4064.1,4615.38,4203.59,4207.18,4175.9,4244.62,4574.36,4303.59,0
4253.85,4033.33,4229.74,4118.46,4345.13,4616.92,4068.21,4612.31,4193.85,4213.33,4184.62,4247.69,4584.1,4312.31,0
4253.33,4032.31,4229.23,4115.38,4343.59,4617.95,4066.67,4610.77,4185.64,4214.36,4182.56,4248.72,4582.05,4308.72,0
4253.33,4026.15,4229.74,4109.74,4339.49,4614.87,4067.69,4606.67,4182.56,4210.26,4176.41,4246.67,4575.9,4303.08,0
4255.9,4030.77,4230.77,4115.9,4342.56,4615.38,4072.31,4606.67,4187.69,4207.69,4181.54,4249.23,4575.38,4313.33,0
4258.97,4034.36,4232.82,4120.51,4347.69,4625.13,4074.36,4616.41,4195.38,4211.28,4185.13,4251.79,4580,4320.51,0
4260,4030.26,4229.74,4110.26,4345.64,4627.18,4068.72,4617.95,4191.79,4212.31,4183.08,4247.18,4581.54,4313.85,0
4264.1,4032.31,4227.69,4109.23,4344.62,4618.46,4060.51,4610.77,4190.77,4212.31,4188.21,4249.23,4582.56,4316.41,0
4271.79,4040.51,4234.87,4121.03,4349.74,4616.92,4064.62,4615.38,4200.51,4218.46,4189.74,4259.49,4585.64,4326.15,0
4272.31,4041.54,4242.05,4126.15,4350.77,4622.56,4072.31,4621.03,4198.97,4224.62,4186.15,4257.44,4588.21,4325.64,0
4270.26,4040,4244.1,4121.03,4346.67,4621.54,4069.23,4610.77,4191.28,4220,4189.74,4251.79,4588.72,4321.03,0
4268.72,4035.38,4237.95,4112.82,4346.15,4618.97,4066.15,4603.08,4192.82,4214.36,4189.74,4250.77,4586.67,4321.54,0
4265.13,4029.74,4233.33,4108.21,4346.67,4621.03,4071.28,4608.21,4191.79,4214.36,4179.49,4248.72,4581.54,4321.03,0
4267.18,4033.85,4240.51,4113.33,4343.59,4617.95,4070.77,4611.79,4186.15,4212.82,4180.51,4248.21,4582.05,4321.03,0
4272.31,4040.51,4249.23,4120.51,4344.62,4614.36,4064.62,4608.72,4186.67,4208.72,4190.77,4252.82,4587.69,4324.62,0
4272.82,4039.49,4247.69,4120,4348.72,4615.9,4063.59,4608.21,4192.31,4207.18,4188.21,4253.85,4585.64,4325.13,0
4275.38,4041.54,4247.18,4122.56,4349.23,4616.92,4067.18,4610.26,4193.85,4211.79,4182.56,4251.79,4586.15,4327.18,0
4276.92,4044.62,4249.23,4123.08,4346.67,4616.92,4069.23,4607.18,4186.67,4217.95,4185.64,4252.31,4592.31,4328.72,0
4267.69,4035.9,4243.08,4117.95,4344.62,4618.97,4071.79,4605.64,4187.69,4214.87,4189.23,4252.31,4587.69,4321.54,0
4262.56,4030.26,4238.97,4118.46,4344.62,4618.97,4074.36,4610.77,4197.95,4210.26,4188.21,4252.31,4580,4318.46,0
4265.64,4036.41,4244.62,4122.56,4343.59,4614.36,4073.85,4607.18,4190.26,4210.77,4183.59,4250.77,4583.59,4324.1,0
4264.1,4034.36,4243.59,4117.44,4340.51,4612.31,4064.62,4598.46,4174.87,4209.23,4180.51,4246.67,4583.59,4324.1,0
4264.1,4028.21,4234.36,4113.33,4340.51,4613.85,4056.92,4601.03,4183.08,4205.13,4181.03,4248.21,4578.97,4323.08,0
4271.28,4033.85,4235.9,4118.46,4343.59,4614.87,4062.05,4611.79,4197.95,4206.15,4183.59,4252.82,4583.59,4331.28,0
4273.33,4038.97,4245.13,4125.13,4345.13,4616.41,4064.62,4614.36,4190.26,4209.23,4182.05,4255.9,4587.18,4333.33,0
4271.28,4034.36,4246.67,4122.56,4342.05,4616.92,4058.46,4606.67,4178.97,4204.1,4181.54,4256.41,4583.08,4326.67,0
4271.79,4031.28,4245.64,4118.97,4335.38,4614.87,4058.97,4602.56,4181.54,4200.51,4182.05,4254.36,4580,4326.67,0
4270.26,4029.23,4245.64,4120,4333.33,4609.23,4061.54,4602.56,4178.97,4202.56,4174.87,4249.74,4575.38,4322.05,0
4266.67,4023.59,4243.59,4121.03,4334.87,4602.56,4055.9,4594.36,4172.31,4198.97,4171.28,4245.13,4573.33,4315.38,0
4268.21,4024.62,4245.64,4121.03,4333.85,4598.97,4054.87,4588.72,4175.9,4197.44,4177.95,4245.64,4577.95,4322.56,0
4273.85,4032.82,4249.74,4120.51,4335.9,4600.51,4058.97,4598.46,4183.59,4200.51,4180,4253.85,4581.54,4333.85,0
4278.46,4032.82,4250.77,4120.51,4338.46,4606.15,4062.56,4608.72,4183.08,4199.49,4178.46,4261.54,4581.54,4331.28,0
4279.49,4027.18,4249.74,4121.03,4335.38,4605.64,4063.08,4605.13,4178.46,4201.03,4182.56,4256.92,4582.56,4325.64,0
4276.41,4027.69,4248.21,4117.95,4334.36,4603.08,4060,4597.44,4175.9,4201.54,4184.62,4251.28,4582.05,4326.15,0
4273.85,4026.15,4244.1,4111.28,4338.46,4608.72,4059.49,4600,4180,4199.49,4183.08,4253.33,4582.05,4326.67,0
4268.72,4017.44,4236.92,4106.15,4336.92,4614.87,4063.08,4605.13,4182.56,4201.03,4178.97,4252.31,4578.46,4318.97,0
4260.51,4016.41,4231.79,4106.15,4332.82,4611.79,4060.51,4601.54,4180,4202.05,4169.74,4244.1,4568.72,4311.79,0
4262.56,4030.26,4230.77,4107.69,4334.36,4604.1,4052.31,4594.36,4174.36,4191.79,4165.13,4240,4564.1,4315.38,0
4267.69,4038.97,4230.77,4110.77,4336.92,4600.51,4046.67,4591.79,4169.74,4186.67,4166.15,4240.51,4562.05,4317.44,0
4268.72,4034.87,4229.23,4115.9,4337.44,4601.03,4048.21,4595.38,4174.87,4193.85,4165.64,4242.05,4558.46,4313.85,0
4270.77,4037.44,4232.82,4122.56,4337.95,4603.59,4052.82,4601.03,4182.56,4203.59,4170.77,4247.69,4566.67,4320.51,0
4271.28,4043.08,4235.9,4122.05,4336.41,4605.64,4056.92,4597.44,4175.38,4201.54,4178.46,4249.23,4572.82,4323.08,0
4266.15,4034.87,4230.26,4108.72,4331.28,4603.59,4059.49,4596.41,4170.77,4189.23,4171.79,4240,4561.03,4309.23,0
4261.03,4026.15,4227.18,4105.64,4332.31,4602.56,4062.05,4606.67,4182.05,4189.74,4164.62,4234.87,4556.41,4305.13,0
4261.54,4030.26,4231.28,4114.36,4335.9,4603.59,4063.08,4607.18,4182.05,4199.49,4168.72,4241.03,4564.1,4317.44,0
4264.62,4032.82,4232.82,4111.79,4334.36,4604.1,4060.51,4596.41,4173.85,4197.95,4171.79,4245.64,4563.08,4320,0
4267.69,4028.21,4237.44,4106.67,4332.82,4602.56,4056.92,4599.49,4174.36,4192.82,4168.21,4246.15,4558.46,4313.33,0
4267.69,4026.15,4242.05,4111.28,4333.85,4603.08,4057.95,4602.05,4168.21,4188.21,4165.13,4245.13,4555.9,4311.28,0
4264.1,4026.67,4238.46,4112.31,4332.31,4603.59,4059.49,4589.74,4161.03,4183.08,4163.59,4240,4551.28,4310.77,0
4264.1,4028.21,4236.41,4108.21,4330.26,4601.03,4057.44,4588.72,4169.23,4185.64,4164.62,4243.08,4552.31,4310.26,0
4268.21,4029.23,4239.49,4110.77,4331.28,4598.97,4055.38,4601.54,4178.46,4191.28,4169.74,4252.31,4559.49,4314.36,0
4267.18,4025.64,4238.97,4112.31,4330.77,4603.59,4060,4605.13,4178.46,4192.82,4168.72,4249.74,4557.95,4315.38,0
4263.08,4022.56,4235.9,4108.21,4329.74,4609.23,4066.67,4602.05,4178.97,4193.33,4165.13,4245.13,4553.85,4314.87,0
4264.62,4023.08,4235.9,4107.69,4330.26,4607.18,4067.69,4607.69,4182.05,4196.41,4171.79,4248.72,4559.49,4317.44,0
4267.18,4024.62,4236.41,4110.77,4330.26,4600,4067.69,4613.33,4182.56,4197.95,4179.49,4250.77,4564.62,4318.46,0
4266.67,4026.15,4237.95,4109.23,4331.28,4599.49,4070.77,4610.77,4176.92,4193.33,4174.87,4250.26,4560,4320.51,0
4265.13,4025.64,4238.97,4107.18,4330.77,4609.23,4073.33,4612.82,4178.46,4190.77,4172.82,4252.31,4558.97,4318.46,0
4262.56,4023.08,4235.9,4114.87,4330.77,4611.28,4072.31,4618.97,4186.67,4196.41,4177.44,4251.28,4563.59,4311.79,0
4264.1,4025.13,4237.44,4122.56,4333.33,4603.08,4070.26,4615.9,4184.1,4198.97,4174.36,4247.69,4562.05,4313.85,0
4271.79,4031.79,4244.1,4121.03,4333.33,4603.08,4068.72,4613.85,4182.56,4196.92,4172.82,4248.72,4563.08,4323.59,0
4273.33,4032.82,4248.72,4121.03,4331.79,4611.28,4065.64,4618.46,4190.77,4196.92,4175.9,4253.85,4568.72,4322.56,0
4268.72,4028.72,4246.15,4123.59,4333.33,4612.82,4065.13,4617.44,4186.67,4194.36,4175.38,4253.33,4566.15,4316.92,0
4267.18,4030.77,4243.59,4124.1,4334.87,4607.18,4070.26,4612.82,4181.03,4193.85,4174.36,4249.74,4560.51,4319.49,0
4267.69,4030.77,4246.67,4123.59,4330.77,4602.05,4069.23,4612.31,4187.18,4200.51,4177.44,4254.87,4564.1,4321.03,0
4269.74,4023.08,4249.23,4123.08,4327.69,4602.05,4065.13,4616.41,4193.85,4205.64,4182.05,4262.56,4571.79,4321.03,0
4272.31,4023.59,4250.26,4124.1,4332.31,4605.64,4070.77,4619.49,4198.46,4207.18,4188.72,4265.64,4577.44,4327.69,0
4271.79,4030.26,4248.72,4126.15,4335.38,4609.23,4074.36,4616.41,4194.87,4207.69,4191.28,4264.62,4577.44,4329.23,0
4265.13,4024.1,4242.05,4122.05,4328.72,4608.72,4067.69,4610.26,4180,4199.49,4181.03,4256.92,4567.69,4315.38,0
4257.95,4013.33,4232.82,4115.38,4324.1,4605.64,4064.62,4609.74,4173.85,4189.23,4167.18,4248.72,4556.92,4305.64,0
4257.95,4014.87,4234.87,4115.9,4329.23,4605.13,4068.72,4609.74,4178.46,4186.67,4161.54,4247.18,4553.33,4309.23,0
4263.08,4020,4242.56,4121.03,4330.26,4606.67,4066.67,4607.18,4181.54,4186.15,4164.62,4249.23,4554.36,4312.31,0
4269.74,4022.05,4245.64,4122.05,4325.64,4604.1,4063.59,4611.79,4187.69,4189.74,4172.31,4252.31,4561.03,4317.95,0
4276.41,4023.08,4247.69,4123.08,4327.18,4600,4068.72,4618.46,4190.26,4197.44,4177.44,4261.54,4568.72,4328.72,0
4281.54,4027.69,4251.28,4130.26,4332.82,4601.54,4075.38,4617.95,4185.64,4204.1,4180,4267.18,4573.33,4333.33,0
4281.54,4037.44,4249.74,4137.95,4334.87,4609.74,4078.46,4614.87,4189.23,4205.64,4182.56,4263.59,4578.97,4333.85,0
4281.03,4039.49,4247.18,4139.49,4336.41,4613.33,4076.41,4614.36,4195.9,4204.62,4184.1,4261.54,4584.62,4334.36,0
4282.56,4032.31,4249.23,4134.36,4335.9,4608.72,4071.28,4613.85,4193.33,4204.1,4185.13,4257.95,4584.1,4330.77,0
4274.87,4025.64,4246.67,4125.64,4328.72,4604.1,4068.72,4612.82,4186.15,4202.05,4181.54,4250.26,4578.97,4321.03,0
4263.59,4022.05,4237.44,4120.51,4327.69,4605.13,4069.23,4612.31,4181.03,4196.41,4176.41,4248.21,4572.82,4313.85,0
4261.03,4024.62,4231.79,4127.69,4334.36,4606.67,4068.21,4610.77,4180,4192.82,4174.87,4248.72,4570.77,4313.85,0
4265.13,4031.28,4234.36,4132.82,4334.87,4607.69,4065.64,4610.77,4182.56,4196.92,4171.79,4241.54,4570.77,4312.31,0
4264.62,4027.18,4234.36,4125.13,4326.15,4606.67,4064.62,4608.72,4176.41,4191.79,4162.56,4237.95,4563.08,4305.64,0
4261.54,4017.95,4230.26,4125.64,4322.56,4601.54,4064.62,4602.05,4162.05,4178.97,4158.97,4243.08,4556.41,4305.13,0
4265.64,4022.56,4236.41,4138.46,4328.72,4600,4065.64,4601.54,4168.72,4182.05,4168.72,4249.74,4566.15,4318.97,0
4274.36,4029.74,4249.23,4141.54,4332.31,4602.56,4067.18,4606.67,4182.05,4190.26,4174.36,4255.9,4575.9,4326.15,0
4273.85,4024.1,4249.23,4136.92,4326.67,4602.56,4068.21,4604.1,4171.79,4183.59,4167.69,4256.92,4565.64,4320.51,0
4271.79,4024.1,4246.67,4138.97,4328.21,4600,4065.64,4600,4167.69,4181.03,4166.15,4255.38,4559.49,4322.05,0
4279.49,4029.23,4256.41,4141.54,4332.31,4604.62,4063.59,4605.64,4181.54,4189.74,4175.38,4260.51,4568.72,4327.69,0
4283.08,4027.69,4258.97,4138.97,4330.77,4609.23,4069.23,4612.82,4184.62,4189.74,4179.49,4266.15,4572.31,4327.18,0
4280.51,4028.72,4250.77,4138.46,4334.36,4608.72,4075.9,4614.87,4184.1,4189.74,4178.97,4265.13,4573.85,4328.72,0
4281.03,4034.36,4253.33,4139.49,4340,4608.72,4076.92,4617.44,4196.41,4202.56,4185.64,4263.08,4582.05,4331.79,0
4277.44,4032.31,4254.36,4140.51,4334.87,4608.72,4072.31,4615.9,4192.31,4203.08,4183.59,4257.95,4578.97,4322.56,0
4269.74,4025.64,4238.46,4136.92,4328.72,4607.69,4067.18,4609.74,4176.41,4190.77,4171.28,4245.64,4561.54,4308.21,0
4268.72,4019.49,4228.21,4127.69,4330.26,4608.21,4066.67,4606.15,4174.87,4189.74,4173.33,4242.05,4562.05,4313.33,0
4274.87,4015.9,4234.36,4123.08,4330.77,4609.23,4072.31,4608.72,4184.62,4198.97,4190.26,4250.26,4583.59,4327.18,0
4275.38,4014.87,4236.41,4121.03,4325.64,4610.26,4077.95,4611.28,4187.18,4198.46,4194.36,4252.82,4589.23,4324.1,0
4269.74,4010.77,4231.28,4113.85,4325.64,4614.87,4077.95,4610.26,4183.08,4191.79,4184.1,4246.67,4574.87,4316.41,0
4270.77,4009.74,4231.28,4109.23,4329.74,4613.33,4076.92,4611.79,4184.62,4194.36,4185.64,4250.26,4574.36,4323.59,0
4276.92,4014.36,4234.87,4110.26,4327.69,4603.08,4074.87,4609.74,4181.03,4200.51,4189.74,4255.38,4583.08,4328.72,0
4274.87,4012.82,4231.28,4108.21,4321.54,4597.44,4071.79,4602.05,4170.26,4196.41,4184.1,4251.28,4581.03,4325.13,0
4272.31,4005.64,4231.28,4104.62,4321.54,4596.92,4070.26,4601.54,4169.74,4193.33,4182.56,4253.33,4576.92,4325.64,0
4277.44,4005.13,4243.59,4104.62,4324.1,4599.49,4072.31,4609.23,4181.03,4197.95,4187.18,4262.05,4577.95,4326.67,0
4278.97,4009.23,4251.28,4105.64,4325.13,4604.1,4081.03,4614.36,4190.26,4204.1,4191.28,4266.15,4577.44,4329.23,0
4279.49,4014.36,4248.72,4108.72,4327.18,4608.72,4085.13,4616.92,4191.79,4207.18,4194.36,4269.23,4583.59,4337.95,0
4282.56,4014.36,4248.72,4108.72,4328.72,4610.26,4076.92,4617.44,4189.74,4207.69,4196.41,4268.72,4590.26,4337.95,0
4280.51,4008.21,4250.26,4105.64,4328.72,4611.79,4070.77,4613.85,4188.72,4205.13,4192.82,4260.51,4586.67,4331.79,0
4279.49,4011.28,4249.74,4107.69,4331.79,4612.31,4073.85,4610.77,4188.21,4207.69,4191.28,4262.05,4586.67,4338.46,0
4285.64,4018.46,4248.21,4109.23,4333.85,4613.33,4074.36,4612.31,4189.23,4213.33,4194.36,4269.23,4594.87,4344.1,0
4287.69,4020,4246.15,4109.23,4333.33,4614.36,4071.79,4617.95,4193.85,4210.77,4195.9,4261.03,4593.85,4340.51,0
4284.62,4021.03,4243.08,4112.31,4330.26,4609.23,4069.23,4619.49,4195.38,4210.77,4193.33,4249.74,4590.26,4339.49,0
4288.21,4023.08,4242.56,4113.33,4329.74,4603.59,4064.62,4611.79,4189.23,4215.38,4193.85,4252.82,4593.85,4340.51,0
4287.69,4018.46,4238.46,4109.23,4330.26,4605.64,4067.18,4611.79,4186.15,4212.82,4196.41,4256.41,4592.82,4336.92,0
4277.44,4010.26,4233.85,4104.1,4327.18,4610.77,4072.82,4622.05,4192.31,4209.23,4192.82,4251.79,4588.72,4331.79,0
4277.44,4011.28,4238.46,4104.1,4326.67,4607.69,4068.21,4626.67,4203.59,4217.44,4191.79,4249.74,4593.33,4334.36,0
4285.64,4015.9,4240.51,4107.69,4329.74,4604.1,4065.13,4625.13,4204.1,4225.13,4194.87,4252.31,4595.38,4338.46,0
4281.03,4011.28,4238.46,4106.67,4325.64,4606.67,4069.74,4620,4187.69,4216.92,4193.33,4252.82,4591.79,4334.87,0
4276.92,4007.18,4243.08,4104.1,4321.03,4607.18,4069.74,4613.33,4183.59,4207.18,4192.31,4252.82,4592.82,4333.85,0
4284.1,4016.41,4250.77,4106.67,4325.13,4605.13,4064.62,4611.28,4195.38,4211.28,4196.92,4255.9,4596.41,4342.05,0
4287.69,4019.49,4250.77,4107.18,4328.21,4604.1,4064.62,4614.36,4191.79,4217.44,4200,4261.54,4601.54,4347.69,0
4283.08,4009.74,4247.18,4104.62,4325.64,4605.64,4070.77,4616.41,4181.03,4212.31,4196.92,4265.13,4601.54,4342.56,0
4280,4011.28,4245.64,4105.13,4325.13,4607.18,4072.31,4618.97,4186.15,4207.18,4195.38,4263.08,4594.87,4338.97,0
4283.59,4019.49,4247.18,4109.74,4328.21,4607.69,4066.67,4621.54,4195.9,4214.36,4195.9,4257.44,4593.33,4342.56,0
4286.15,4018.97,4248.21,4111.28,4328.21,4605.13,4063.59,4621.03,4193.33,4222.05,4197.95,4259.49,4595.9,4340.51,0
4279.49,4011.79,4236.92,4107.18,4322.05,4600,4063.08,4614.36,4181.03,4214.36,4196.41,4259.49,4591.28,4330.77,0
4275.38,4010.77,4228.72,4103.59,4321.54,4599.49,4061.03,4608.72,4181.03,4206.15,4192.31,4253.85,4588.72,4331.28,0
4282.56,4017.95,4238.97,4107.18,4331.79,4608.21,4067.69,4616.41,4192.82,4211.28,4194.87,4255.9,4596.41,4343.08,0
4285.13,4018.46,4246.15,4108.72,4333.85,4614.87,4077.95,4627.18,4198.97,4215.9,4198.97,4260.51,4598.97,4340.51,0
4278.46,4009.74,4235.38,4104.1,4325.13,4611.28,4076.92,4628.21,4197.95,4212.82,4192.82,4251.28,4592.31,4327.18,0
4277.44,4010.26,4228.72,4105.13,4325.64,4608.72,4070.77,4622.05,4195.38,4211.79,4187.18,4242.05,4588.72,4328.72,0
4283.59,4022.05,4235.9,4110.77,4332.31,4610.26,4070.26,4617.44,4190.77,4212.82,4192.82,4249.23,4592.31,4336.92,0
4282.56,4025.13,4236.92,4110.26,4330.77,4612.31,4072.82,4618.46,4187.69,4208.72,4194.36,4251.79,4594.87,4333.85,0
4276.41,4017.95,4229.23,4106.67,4330.26,4613.85,4073.33,4618.46,4188.21,4207.69,4191.28,4245.13,4592.82,4328.21,0
4275.9,4015.38,4235.38,4108.21,4331.79,4608.72,4067.69,4614.36,4188.21,4214.87,4196.41,4249.23,4597.44,4333.85,0
4283.08,4018.46,4249.23,4112.31,4328.72,4602.05,4062.05,4612.82,4188.21,4218.46,4203.08,4262.56,4605.64,4344.1,0
4282.56,4014.36,4244.62,4109.23,4324.62,4603.08,4064.62,4615.9,4189.74,4213.33,4200,4260.51,4601.54,4340,0
4277.44,4008.21,4234.36,4103.08,4327.69,4606.15,4068.21,4621.54,4192.31,4208.72,4191.79,4251.79,4592.82,4329.74,0
4282.56,4015.38,4242.05,4111.28,4333.33,4605.64,4064.62,4625.13,4193.85,4214.36,4192.82,4254.87,4594.36,4331.79,0
4289.74,4025.64,4250.77,4122.56,4333.85,4610.77,4066.15,4625.13,4195.38,4222.05,4203.08,4260.51,4597.95,4342.56,0
4288.21,4020.51,4247.69,4115.38,4331.79,4613.33,4072.31,4625.64,4195.9,4219.49,4204.1,4261.54,4595.9,4344.62,0
4282.56,4010.77,4243.59,4105.13,4325.64,4608.21,4070.77,4623.59,4188.72,4213.85,4197.95,4258.97,4592.82,4335.9,0
4282.05,4009.74,4241.54,4107.69,4320,4602.05,4066.67,4610.26,4173.85,4206.67,4190.26,4257.95,4589.23,4329.23,0
4276.41,4009.23,4234.87,4108.72,4318.97,4599.49,4066.67,4602.05,4171.79,4196.92,4181.54,4256.41,4581.54,4325.64,0
4267.69,4005.64,4231.79,4104.1,4318.97,4601.54,4066.67,4610.26,4185.64,4196.92,4182.05,4253.33,4578.46,4323.08,0
4267.69,4006.15,4231.28,4105.64,4318.46,4601.54,4063.59,4616.41,4188.72,4206.15,4185.64,4249.23,4579.49,4321.54,0
4268.72,4009.23,4228.72,4106.15,4320.51,4598.46,4059.49,4611.28,4178.46,4204.62,4183.59,4249.23,4581.03,4323.08,0
4267.18,4010.26,4229.74,4102.05,4322.05,4598.97,4057.44,4604.62,4173.85,4199.49,4186.15,4251.79,4585.13,4325.64,0
4265.64,4006.67,4231.79,4101.03,4322.05,4602.05,4064.1,4606.15,4180,4203.59,4191.79,4249.23,4587.69,4320.51,0
4265.64,4007.18,4230.77,4104.1,4326.67,4603.59,4067.69,4611.79,4186.15,4208.72,4191.28,4250.26,4587.69,4321.54,0
4271.28,4013.33,4232.31,4111.79,4330.26,4604.1,4064.1,4612.82,4192.82,4209.23,4194.36,4257.44,4592.31,4334.36,0
4282.05,4017.95,4242.56,4118.97,4330.77,4606.15,4064.1,4612.82,4193.33,4212.31,4201.54,4264.62,4603.08,4343.59,0
4286.15,4019.49,4251.79,4119.49,4331.28,4606.15,4068.21,4609.74,4181.03,4218.46,4204.62,4265.64,4607.69,4342.05,0
4282.56,4020.51,4249.74,4116.41,4328.72,4602.56,4069.23,4605.13,4177.44,4217.95,4201.03,4264.62,4604.62,4338.97,0
4283.08,4019.49,4247.18,4116.41,4327.18,4601.54,4067.18,4606.15,4183.08,4209.23,4193.85,4266.15,4600,4337.44,0
4282.56,4014.36,4245.64,4113.85,4326.67,4602.56,4065.64,4605.13,4178.46,4202.05,4188.72,4264.1,4593.85,4332.82,0
4276.41,4013.85,4244.62,4109.74,4325.64,4600,4064.1,4603.08,4175.38,4205.13,4186.15,4262.56,4590.77,4333.33,0
4278.46,4018.97,4247.69,4115.9,4328.72,4600,4063.59,4607.69,4186.67,4208.21,4186.67,4264.62,4594.87,4341.54,0
4287.69,4021.54,4252.31,4122.56,4331.28,4605.64,4067.18,4612.31,4190.77,4208.21,4192.31,4266.15,4600,4342.05,0
4289.23,4017.95,4250.26,4120,4325.64,4607.18,4070.26,4612.31,4189.74,4211.28,4194.87,4266.15,4602.56,4337.95,0
4279.49,4013.33,4245.64,4116.41,4322.56,4601.03,4070.26,4613.85,4189.23,4215.38,4192.31,4264.1,4601.54,4338.46,0
4275.9,4015.9,4245.64,4117.95,4323.59,4597.95,4067.18,4611.28,4182.56,4213.85,4191.79,4262.56,4600,4340,0
4281.54,4018.97,4247.18,4123.08,4321.03,4601.54,4062.56,4605.13,4183.08,4208.21,4192.31,4264.1,4597.95,4336.41,0
4279.49,4012.31,4245.64,4118.97,4321.03,4601.54,4061.03,4605.64,4189.23,4208.21,4187.18,4264.1,4594.87,4329.74,0
4273.85,4004.62,4243.08,4113.85,4326.67,4597.95,4066.15,4609.23,4187.18,4210.26,4180,4257.95,4587.69,4325.13,0
4276.92,4008.72,4244.62,4117.95,4329.23,4601.03,4069.74,4610.77,4189.74,4209.74,4180,4256.92,4587.18,4326.67,0
4280.51,4017.44,4247.18,4122.56,4327.18,4605.13,4067.69,4613.33,4197.44,4209.74,4184.62,4263.59,4591.79,4334.87,0
4278.97,4018.97,4246.67,4120,4326.67,4602.56,4065.64,4617.44,4195.9,4215.38,4188.21,4266.67,4595.38,4340.51,0
4279.49,4016.41,4247.18,4120,4328.21,4602.56,4068.21,4617.44,4192.82,4223.08,4191.79,4270.77,4601.03,4338.97,0
4282.56,4018.46,4247.69,4123.08,4328.72,4607.18,4072.31,4616.41,4197.95,4222.56,4195.9,4275.38,4606.15,4341.54,0
4284.1,4021.54,4249.23,4122.56,4331.28,4606.15,4071.28,4617.95,4202.56,4221.54,4200,4276.41,4607.69,4349.74,0
4288.21,4023.59,4256.92,4127.69,4335.9,4600.51,4065.64,4614.36,4196.92,4224.62,4200,4276.92,4610.26,4352.31,0
4289.74,4026.15,4258.46,4132.31,4335.38,4601.03,4063.08,4610.26,4190.26,4222.05,4195.9,4274.36,4610.77,4344.1,0
4283.59,4026.15,4248.21,4128.72,4328.21,4603.08,4064.1,4609.74,4186.15,4212.31,4189.23,4266.15,4602.05,4334.87,0
4275.38,4017.44,4243.59,4123.59,4325.13,4601.54,4064.62,4604.62,4178.97,4205.13,4182.56,4260,4592.31,4327.18,0
4272.82,4009.74,4245.13,4120,4326.67,4601.03,4062.05,4596.92,4174.87,4202.05,4180,4259.49,4589.23,4325.13,0
4281.03,4017.95,4250.26,4127.69,4330.26,4604.62,4062.05,4603.08,4182.05,4204.1,4185.13,4266.15,4593.33,4338.46,0
4291.79,4027.18,4259.49,4138.46,4333.85,4605.13,4067.18,4611.79,4189.74,4213.33,4190.26,4274.36,4600,4347.69,0
4294.87,4024.62,4263.08,4133.33,4333.33,4603.59,4071.79,4610.26,4194.36,4218.97,4192.31,4275.9,4602.05,4341.03,0
4292.31,4021.54,4260,4127.69,4333.33,4606.15,4072.31,4612.31,4200,4220,4195.9,4275.9,4602.56,4340.51,0
4289.74,4023.08,4261.03,4135.9,4333.85,4609.23,4071.28,4614.36,4192.82,4221.03,4192.31,4280,4605.13,4349.23,0
4290.77,4023.59,4264.1,4138.97,4335.9,4610.77,4072.82,4610.77,4189.23,4217.44,4189.74,4280.51,4603.59,4347.18,0
4294.36,4025.64,4261.54,4134.36,4338.97,4616.41,4075.38,4609.74,4194.36,4213.85,4196.41,4277.95,4604.1,4341.54,0
4292.31,4026.15,4254.36,4134.87,4336.92,4617.95,4072.82,4611.79,4191.28,4213.85,4199.49,4272.31,4605.13,4342.05,0
4283.08,4022.05,4247.69,4130.77,4331.79,4609.23,4066.15,4610.26,4186.67,4214.36,4193.33,4262.05,4599.49,4336.41,0
4280,4022.05,4245.13,4124.1,4330.77,4603.08,4061.54,4606.15,4190.77,4217.95,4190.26,4260.51,4597.95,4332.31,0
4287.18,4024.62,4250.26,4130.77,4334.36,4605.64,4058.46,4604.1,4194.87,4218.97,4194.36,4269.74,4607.18,4341.03,0
4291.79,4022.56,4257.95,4136.92,4336.41,4609.23,4055.9,4606.15,4193.85,4216.41,4197.95,4270.26,4609.23,4346.67,0
4292.31,4022.05,4258.46,4130.26,4335.9,4612.82,4059.49,4608.21,4189.74,4216.92,4198.46,4267.18,4603.59,4344.1,0
4293.33,4026.15,4254.36,4125.13,4334.87,4614.87,4067.69,4606.67,4191.79,4220,4196.41,4271.28,4606.15,4341.54,0
4290.26,4025.13,4248.72,4124.62,4335.9,4614.36,4072.82,4614.87,4203.08,4221.03,4195.38,4272.31,4607.18,4339.49,0
4278.46,4015.38,4243.08,4118.46,4336.41,4613.33,4072.31,4625.64,4206.15,4218.46,4195.38,4267.18,4598.46,4335.9,0
4273.85,4012.31,4243.08,4111.28,4332.31,4608.21,4067.69,4617.95,4193.33,4212.82,4192.31,4267.18,4592.82,4331.79,0
4281.03,4017.95,4246.67,4109.74,4331.79,4603.59,4067.18,4603.08,4182.56,4206.67,4189.74,4267.18,4592.82,4331.79,0
4281.54,4016.41,4239.49,4107.18,4333.33,4608.72,4070.26,4603.59,4179.49,4208.21,4193.85,4262.56,4595.9,4333.85,0
4272.31,4010.26,4230.26,4105.64,4331.79,4613.85,4068.21,4610.77,4184.1,4215.9,4195.9,4261.54,4597.44,4331.79,0
4269.74,4012.82,4231.28,4105.64,4332.31,4609.23,4064.62,4611.79,4191.28,4217.95,4191.28,4262.05,4595.38,4329.23,0
4275.38,4016.41,4233.85,4104.1,4335.9,4604.1,4066.15,4610.77,4192.31,4213.33,4191.28,4262.05,4591.79,4329.74,0
4281.03,4017.95,4235.9,4107.69,4336.92,4603.59,4065.64,4612.82,4196.92,4214.87,4202.05,4266.15,4594.36,4334.36,0
4283.59,4016.92,4236.41,4111.79,4330.26,4606.15,4064.1,4614.87,4202.56,4224.62,4204.62,4268.21,4601.03,4336.92,0
4278.46,4010.26,4233.85,4105.13,4325.64,4606.15,4068.72,4613.33,4195.9,4221.54,4191.79,4266.67,4598.46,4332.82,0
4273.33,4007.69,4231.28,4097.44,4327.69,4607.69,4068.72,4609.74,4186.15,4209.74,4187.18,4262.56,4591.79,4325.64,0
4272.82,4009.74,4230.26,4099.49,4329.74,4611.28,4065.13,4606.67,4185.13,4208.72,4191.28,4258.46,4590.77,4325.13,0
4272.82,4010.77,4230.26,4103.08,4328.72,4607.18,4066.15,4608.72,4190.77,4216.92,4190.26,4260,4595.38,4333.33,0
4277.44,4016.41,4235.38,4108.72,4330.77,4604.1,4069.74,4614.87,4194.87,4221.54,4191.79,4265.64,4601.54,4338.97,0
4284.1,4023.59,4241.54,4114.87,4337.44,4612.82,4069.74,4616.41,4193.85,4220,4201.03,4268.21,4606.15,4343.59,0
4290.26,4026.15,4243.59,4113.33,4339.49,4614.87,4063.59,4609.74,4192.31,4220,4207.69,4271.28,4611.28,4347.69,0
4291.28,4026.67,4246.15,4108.72,4336.41,4609.23,4060,4606.15,4194.36,4224.1,4209.23,4278.46,4613.33,4349.74,0
4287.69,4028.72,4247.69,4111.28,4335.38,4612.31,4066.15,4610.26,4194.36,4226.15,4208.72,4280.51,4611.28,4351.28,0
4287.69,4029.23,4251.28,4121.03,4337.95,4615.38,4072.82,4615.9,4200.51,4226.67,4207.69,4280.51,4608.72,4351.79,0
4294.87,4029.23,4258.46,4122.56,4339.49,4613.33,4071.79,4618.97,4209.74,4229.23,4208.72,4283.08,4611.28,4351.28,0
4290.77,4019.49,4258.46,4111.79,4333.85,4616.41,4065.64,4613.85,4195.9,4228.21,4207.69,4277.44,4610.26,4343.59,0
4273.85,4004.1,4243.59,4101.03,4327.69,4616.41,4059.49,4606.67,4177.44,4213.85,4196.41,4261.54,4596.41,4331.79,0
4273.33,4006.67,4236.92,4103.59,4328.21,4606.15,4058.46,4607.69,4185.13,4202.05,4189.23,4260,4588.72,4334.87,0
4280.51,4020,4245.13,4108.72,4331.28,4602.05,4058.46,4605.13,4189.23,4206.15,4194.87,4270.77,4594.87,4344.62,0
4277.95,4020.51,4247.18,4107.18,4332.31,4607.18,4054.36,4596.41,4176.41,4213.85,4197.95,4268.72,4598.46,4342.05,0
4278.46,4015.9,4244.62,4108.72,4332.31,4610.26,4054.36,4601.03,4178.46,4215.9,4197.95,4265.64,4596.41,4339.49,0
4283.08,4018.97,4245.64,4109.74,4332.31,4611.28,4064.1,4613.33,4195.38,4221.54,4203.08,4274.87,4600,4345.64,0
4280.51,4018.97,4245.64,4104.62,4331.79,4615.9,4068.72,4620,4205.13,4230.26,4207.69,4275.38,4604.1,4349.74,0
4282.05,4016.41,4245.64,4108.72,4334.87,4619.49,4067.69,4623.08,4201.54,4231.79,4209.23,4271.79,4607.18,4352.31,0
4290.26,4021.03,4247.69,4118.46,4337.44,4615.9,4066.67,4621.03,4197.44,4229.23,4213.33,4277.44,4615.9,4355.9,0
4287.18,4024.62,4247.69,4115.9,4334.87,4610.77,4066.15,4618.46,4203.08,4228.21,4212.31,4278.46,4616.41,4352.31,0
4280,4018.97,4245.13,4107.69,4330.77,4611.79,4066.67,4621.03,4207.69,4224.62,4203.59,4272.82,4604.1,4346.15,0
4282.56,4016.92,4247.18,4109.23,4331.28,4616.41,4064.1,4618.46,4201.03,4218.97,4200.51,4271.79,4597.44,4345.13,0
4283.08,4021.54,4246.15,4110.77,4334.87,4616.41,4058.97,4610.26,4196.92,4223.08,4203.08,4271.28,4602.05,4346.15,0
4278.97,4023.08,4243.59,4109.23,4335.9,4614.36,4057.95,4609.23,4196.92,4228.72,4204.62,4268.21,4608.21,4347.69,0
4279.49,4024.1,4244.62,4110.26,4334.87,4616.41,4060.51,4606.15,4188.72,4222.05,4205.13,4267.69,4609.23,4348.21,0
4282.56,4026.15,4248.21,4108.21,4337.95,4616.92,4060,4598.97,4184.1,4220,4207.18,4269.74,4609.74,4348.21,0
4283.59,4025.64,4247.18,4109.23,4340,4616.92,4060.51,4601.03,4188.21,4226.67,4208.21,4272.31,4611.79,4346.67,0
4282.05,4023.59,4242.56,4117.44,4336.41,4617.95,4062.05,4605.64,4187.18,4222.05,4204.62,4267.69,4607.18,4337.44,0
4280,4023.59,4241.54,4120.51,4334.36,4615.38,4063.59,4605.64,4189.74,4216.92,4199.49,4263.08,4600.51,4334.36,0
4283.59,4026.15,4247.18,4120,4337.44,4614.87,4070.77,4613.85,4203.08,4229.23,4203.08,4269.74,4605.13,4340,0
4289.74,4029.23,4254.87,4120.51,4336.41,4617.44,4074.87,4620.51,4204.1,4234.87,4210.77,4278.46,4612.31,4337.95,0
4292.82,4031.28,4262.05,4121.54,4336.92,4617.95,4072.82,4615.9,4198.97,4228.21,4211.79,4281.03,4610.77,4341.54,0
4294.36,4036.92,4263.59,4122.56,4341.54,4616.92,4070.77,4617.95,4205.64,4230.26,4208.21,4276.41,4612.31,4361.03,0
4295.9,4037.44,4256.41,4124.1,4339.49,4615.9,4067.69,4620.51,4200.51,4230.77,4206.67,4263.59,4615.9,4359.49,0
4290.77,4027.18,4248.21,4122.05,4333.33,4614.36,4061.03,4612.31,4188.72,4222.56,4204.62,4260.51,4610.77,4338.97,0
4286.15,4024.62,4248.72,4120.51,4334.87,4614.87,4058.97,4609.23,4191.28,4222.05,4203.59,4271.28,4607.69,4344.62,0
4285.64,4031.79,4251.28,4122.05,4338.97,4616.92,4064.1,4611.79,4190.77,4224.1,4203.08,4271.79,4609.23,4355.9,0
4284.62,4029.23,4250.26,4121.03,4338.97,4617.95,4065.13,4605.13,4182.56,4217.95,4203.59,4264.62,4609.23,4345.64,0
4285.64,4024.62,4248.21,4120.51,4336.41,4614.87,4062.05,4601.54,4189.74,4219.49,4205.64,4268.21,4612.82,4345.64,0
4290.26,4030.26,4249.74,4122.56,4339.49,4613.33,4068.21,4612.31,4201.03,4229.23,4209.74,4276.92,4620,4357.44,0
4287.18,4033.33,4253.85,4123.59,4342.05,4620.51,4075.38,4621.54,4202.56,4231.79,4212.31,4279.49,4620,4351.28,0
4276.92,4028.72,4251.28,4122.05,4336.41,4618.97,4067.69,4621.03,4205.64,4226.15,4209.23,4272.82,4610.77,4336.41,0
4275.38,4026.15,4244.1,4120.51,4334.87,4606.15,4053.85,4615.38,4207.18,4225.64,4203.59,4267.18,4607.18,4339.49,0
4287.69,4032.82,4251.28,4123.08,4340.51,4608.72,4050.26,4609.74,4200,4230.77,4203.59,4272.31,4616.41,4354.87,0
4293.33,4034.36,4261.54,4124.62,4334.87,4615.38,4056.41,4609.23,4193.33,4229.74,4209.23,4276.92,4620.51,4354.87,0
4286.67,4029.23,4256.41,4123.59,4326.15,4607.69,4058.46,4606.67,4188.72,4218.97,4206.15,4272.82,4611.79,4344.1,0
4284.62,4030.26,4255.38,4125.13,4332.82,4606.67,4056.92,4596.92,4176.41,4211.79,4196.92,4271.28,4608.21,4342.05,0
4288.72,4032.82,4265.13,4127.18,4338.97,4616.41,4054.87,4593.85,4171.28,4210.26,4193.33,4272.31,4608.72,4342.56,0
4284.62,4027.18,4261.54,4124.1,4333.33,4617.95,4059.49,4604.62,4184.1,4205.64,4192.82,4267.69,4598.97,4337.95,0
4276.41,4020,4248.72,4119.49,4328.21,4616.92,4069.74,4611.79,4189.23,4206.15,4192.82,4263.59,4592.31,4337.95,0
4282.05,4023.59,4245.64,4118.46,4328.72,4619.49,4068.72,4614.36,4194.87,4216.41,4198.46,4270.26,4601.54,4346.15,0
4295.38,4034.36,4256.92,4127.18,4328.21,4610.77,4060.51,4622.05,4208.72,4226.15,4207.69,4280,4615.38,4355.38,0
4297.44,4039.49,4265.13,4137.95,4329.74,4602.05,4057.44,4617.95,4200,4227.69,4211.28,4280,4619.49,4359.49,0
4286.15,4031.79,4256.41,4134.36,4330.26,4607.18,4057.44,4600,4176.41,4220,4204.1,4265.64,4608.72,4346.15,0
4272.31,4014.87,4243.59,4120,4324.1,4613.33,4054.36,4596.92,4178.97,4209.74,4192.31,4255.9,4591.79,4327.69,0
4269.74,4010.26,4242.05,4115.38,4324.1,4612.82,4056.41,4608.72,4191.28,4206.15,4187.18,4260,4586.15,4328.72,0
4275.9,4020,4250.77,4123.59,4329.74,4614.87,4064.1,4610.77,4188.21,4207.18,4187.18,4262.56,4587.18,4335.9,0
4283.08,4025.64,4261.03,4133.33,4329.74,4616.92,4066.67,4612.82,4195.9,4211.79,4187.18,4263.08,4586.15,4335.9,0
4288.21,4024.62,4265.64,4137.44,4332.82,4613.85,4066.67,4622.05,4206.67,4223.59,4191.28,4269.74,4593.33,4342.56,0
4292.31,4030.26,4265.13,4136.92,4341.03,4615.38,4069.74,4621.03,4199.49,4231.79,4202.05,4280,4607.69,4355.38,0
4291.28,4030.77,4263.59,4136.41,4338.46,4618.97,4071.79,4613.33,4188.72,4226.67,4209.23,4283.59,4612.31,4353.33,0
4286.67,4021.54,4263.59,4135.38,4330.26,4617.95,4072.31,4611.79,4184.62,4216.41,4201.54,4280.51,4602.56,4343.59,0
4285.13,4022.56,4262.05,4134.87,4333.85,4616.92,4068.72,4611.28,4181.03,4208.72,4191.28,4273.33,4593.85,4342.56,0
4283.59,4029.23,4263.08,4136.41,4337.44,4614.36,4061.54,4606.15,4181.03,4206.15,4188.72,4264.62,4591.28,4343.08,0
4282.56,4026.67,4262.05,4136.92,4335.38,4611.79,4061.03,4608.72,4186.15,4208.72,4190.26,4264.1,4591.79,4343.08,0
4289.23,4028.72,4262.56,4137.44,4339.49,4614.36,4063.08,4612.31,4192.31,4214.87,4197.95,4272.82,4597.95,4353.33,0
4297.95,4039.49,4272.82,4146.67,4347.18,4617.44,4065.13,4611.28,4196.92,4222.56,4209.23,4285.64,4611.28,4367.18,0
4300.51,4042.05,4280,4152.82,4344.62,4615.38,4065.64,4608.72,4185.64,4220,4207.69,4288.72,4615.9,4364.1,0
4297.95,4035.38,4272.82,4148.72,4338.46,4613.85,4063.08,4606.15,4178.97,4209.23,4195.9,4281.54,4605.13,4355.38,0
4295.38,4037.95,4265.64,4147.69,4338.97,4613.85,4062.05,4607.18,4189.74,4209.74,4195.9,4277.95,4602.05,4358.46,0
4292.31,4040,4265.13,4147.18,4338.97,4614.36,4068.21,4610.77,4187.69,4212.31,4197.44,4276.41,4604.1,4353.85,0
4281.03,4025.13,4255.38,4136.92,4331.79,4615.38,4075.38,4612.31,4173.33,4205.13,4192.31,4270.77,4596.92,4338.97,0
4274.36,4012.31,4244.62,4130.77,4328.21,4616.92,4073.85,4610.26,4178.46,4205.13,4190.77,4265.13,4591.28,4335.38,0
4279.49,4017.95,4252.31,4135.9,4333.85,4617.44,4073.33,4614.87,4197.44,4215.38,4196.41,4270.77,4597.44,4343.59,0
4287.69,4026.67,4264.1,4139.49,4338.46,4615.9,4072.82,4617.44,4197.44,4216.41,4202.56,4277.95,4602.56,4348.72,0
4293.85,4029.74,4267.18,4142.56,4335.9,4613.33,4065.13,4611.28,4185.13,4215.9,4204.62,4282.56,4602.56,4354.87,0
4300,4031.28,4275.38,4147.18,4336.92,4612.82,4063.59,4610.26,4185.64,4218.46,4205.64,4290.77,4606.67,4361.54,0
4298.97,4028.72,4281.03,4143.59,4341.03,4614.36,4067.18,4615.38,4193.33,4216.92,4209.23,4293.33,4609.74,4357.44,0
4289.23,4022.05,4271.28,4136.41,4338.97,4615.38,4064.1,4615.38,4193.85,4215.9,4208.72,4285.13,4606.15,4351.28,0
4284.62,4020.51,4260,4135.9,4332.82,4614.36,4060,4611.79,4189.74,4216.41,4199.49,4277.44,4601.03,4350.26,0
4287.18,4025.64,4260.51,4138.97,4329.74,4612.31,4063.08,4609.23,4184.62,4213.85,4195.9,4277.44,4599.49,4350.26,0
4292.31,4030.77,4264.1,4138.46,4332.31,4612.31,4065.13,4606.67,4181.54,4211.28,4198.46,4278.97,4601.54,4350.26,0
4292.82,4030.26,4260.51,4134.36,4335.38,4615.38,4066.67,4609.23,4187.18,4213.85,4198.46,4276.92,4601.54,4349.74,0
4288.72,4024.62,4251.79,4127.69,4335.9,4617.95,4070.77,4613.85,4194.36,4218.46,4200.51,4271.28,4599.49,4345.64,0
4282.56,4018.46,4245.64,4119.49,4331.79,4616.92,4070.77,4614.87,4197.95,4223.08,4202.05,4265.64,4600,4339.49,0
4277.44,4012.82,4245.13,4113.33,4329.23,4617.95,4072.31,4615.38,4197.95,4226.15,4197.44,4265.13,4602.05,4338.97,0
4282.56,4016.41,4246.67,4114.36,4336.92,4618.97,4074.87,4613.33,4191.28,4220,4194.36,4264.1,4600.51,4346.15,0
4291.79,4026.15,4247.69,4121.03,4343.08,4616.92,4072.31,4610.26,4186.15,4213.33,4197.95,4263.08,4601.54,4349.23,0
4290.77,4028.72,4247.69,4124.62,4338.46,4616.41,4071.28,4612.82,4189.74,4215.9,4200,4265.64,4606.15,4345.64,0
4286.15,4024.62,4247.69,4123.08,4335.38,4617.44,4070.26,4615.9,4190.77,4218.97,4197.95,4264.62,4607.18,4347.18,0
4289.74,4024.62,4248.72,4121.54,4339.49,4616.41,4064.62,4614.87,4192.31,4218.46,4196.41,4263.59,4603.08,4351.28,0
4289.23,4024.1,4250.26,4123.08,4337.95,4615.9,4061.54,4614.36,4194.36,4220.51,4193.85,4264.62,4598.46,4345.64,0
4280.51,4017.44,4248.72,4118.46,4332.82,4617.95,4063.08,4612.31,4186.67,4216.41,4189.23,4260.51,4591.79,4336.92,0
4278.97,4014.36,4244.1,4110.26,4333.33,4614.36,4061.54,4609.23,4185.13,4207.69,4187.18,4257.95,4587.69,4342.05,0
4280.51,4019.49,4242.56,4112.82,4332.31,4610.77,4062.05,4615.38,4197.44,4213.33,4193.85,4265.64,4593.33,4351.28,0
4276.92,4017.95,4244.62,4117.95,4328.72,4611.79,4069.74,4623.59,4200,4218.46,4197.44,4268.72,4596.92,4346.67,0
4275.9,4011.79,4244.1,4113.33,4330.77,4612.82,4070.77,4621.03,4188.21,4211.79,4193.85,4262.05,4591.79,4342.56,0
4282.05,4016.41,4247.18,4116.41,4338.46,4613.85,4067.69,4618.46,4189.74,4216.92,4194.36,4263.08,4593.33,4347.69,0
4292.82,4025.64,4259.49,4126.67,4340.51,4617.44,4071.28,4626.67,4206.15,4228.21,4203.08,4275.38,4603.59,4354.36,0
4297.95,4024.1,4265.13,4124.62,4336.41,4617.95,4073.85,4630.77,4206.15,4231.28,4206.67,4282.56,4609.23,4358.97,0
4292.82,4020,4257.44,4118.97,4334.36,4615.9,4070.26,4625.13,4194.87,4228.21,4199.49,4276.41,4605.13,4355.38,0
4284.1,4020,4249.23,4122.05,4335.38,4616.92,4070.77,4618.97,4187.69,4215.9,4190.26,4266.15,4597.44,4342.05,0
4282.05,4016.92,4247.18,4121.54,4337.95,4617.44,4072.31,4611.79,4180,4205.64,4186.15,4261.03,4592.31,4341.54,0
4287.69,4017.95,4248.21,4121.03,4341.54,4616.41,4072.31,4610.77,4181.03,4208.72,4187.18,4261.54,4600,4356.41,0
4290.77,4023.59,4250.77,4122.56,4340.51,4618.46,4071.79,4622.56,4195.9,4211.28,4190.26,4265.64,4607.69,4357.95,0
4289.74,4023.59,4254.87,4124.1,4337.44,4617.95,4068.21,4630.26,4203.59,4213.85,4192.82,4269.23,4606.15,4350.77,0
4294.87,4024.1,4260,4127.18,4341.03,4616.41,4069.23,4630.26,4207.18,4231.28,4194.87,4272.82,4611.28,4355.9,0
4299.49,4027.69,4264.1,4129.74,4344.62,4617.44,4072.82,4635.38,4212.31,4244.1,4198.97,4277.44,4623.08,4363.59,0
4291.79,4025.64,4259.49,4124.62,4342.56,4616.92,4068.72,4630.26,4200.51,4234.87,4193.33,4275.38,4616.41,4355.38,0
4280.51,4017.95,4250.26,4119.49,4338.46,4614.36,4066.15,4614.36,4181.03,4217.44,4179.49,4264.62,4594.87,4338.46,0
4277.95,4013.85,4248.72,4120.51,4335.9,4614.87,4071.28,4610.77,4179.49,4208.21,4173.85,4260.51,4586.67,4333.85,0
4281.54,4014.87,4250.26,4122.56,4334.87,4613.85,4070.26,4614.36,4186.67,4213.85,4175.9,4263.08,4592.31,4342.56,0
4280.51,4018.46,4247.69,4122.56,4336.41,4612.31,4064.62,4614.87,4194.36,4220,4177.95,4263.08,4596.41,4348.72,0
4277.44,4016.92,4246.15,4117.44,4334.36,4611.79,4066.67,4619.49,4195.9,4215.38,4177.44,4258.97,4594.36,4344.1,0
4276.41,4008.72,4246.67,4111.79,4327.69,4610.77,4069.23,4620,4189.74,4211.79,4176.92,4257.44,4589.23,4337.44,0
4282.05,4009.23,4250.77,4114.36,4327.69,4610.77,4067.69,4613.33,4192.31,4220.51,4176.92,4265.64,4593.85,4344.62,0
4290.77,4020,4261.03,4121.54,4335.9,4609.23,4068.72,4614.87,4202.56,4228.72,4185.64,4277.95,4605.64,4356.41,0
4293.85,4021.03,4264.1,4122.05,4337.95,4611.28,4071.28,4623.08,4203.59,4230.77,4192.82,4281.54,4609.74,4360,0
4294.87,4022.05,4254.36,4117.44,4334.36,4614.36,4070.77,4623.08,4194.87,4227.18,4190.26,4274.87,4610.26,4363.08,0
4303.08,4040.51,4247.69,4123.08,4332.82,4611.28,4066.15,4616.41,4187.18,4220,4186.67,4266.67,4614.87,4369.74,0
4318.97,4048.21,4254.36,4133.85,4328.72,4605.13,4065.64,4618.97,4192.31,4218.97,4186.15,4268.21,4616.92,4377.44,0
4340,4046.15,4266.15,4134.87,4326.15,4604.1,4065.64,4623.59,4194.36,4221.03,4190.77,4273.85,4622.56,4396.92,0
4365.13,4069.74,4275.38,4138.46,4326.67,4605.64,4061.54,4614.87,4181.03,4212.31,4188.72,4276.41,4624.1,4419.49,0
4387.69,4100.51,4281.54,4150.26,4326.67,4604.1,4061.54,4614.87,4179.49,4203.59,4182.05,4284.1,4621.54,4438.46,0
4409.74,4111.28,4290.77,4157.44,4327.18,4604.1,4063.59,4622.05,4190.26,4213.85,4188.72,4296.92,4632.82,4463.08,0
4432.31,4116.41,4297.95,4161.03,4327.18,4602.05,4062.05,4614.36,4183.08,4216.92,4198.97,4300,4646.15,4474.87,0
4439.49,4124.62,4296.92,4168.72,4326.67,4599.49,4057.95,4608.21,4179.49,4205.64,4196.92,4292.82,4643.08,4469.74,0
4440,4134.36,4298.97,4176.41,4332.82,4602.56,4060.51,4612.82,4188.72,4207.18,4199.49,4295.9,4647.18,4478.97,0
4447.18,4146.67,4307.18,4183.59,4341.03,4609.74,4065.13,4613.33,4185.13,4214.87,4209.74,4304.1,4660.51,4493.33,0
4450.77,4148.21,4308.21,4185.64,4337.95,4608.72,4061.03,4614.87,4185.13,4217.95,4208.72,4305.13,4660.51,4490.77,0
4451.28,4141.54,4302.05,4177.95,4330.26,4600,4054.87,4617.95,4193.33,4220.51,4206.15,4303.59,4656.41,4488.72,0
4451.28,4137.44,4301.54,4171.79,4329.74,4600,4056.41,4618.46,4193.33,4221.03,4210.26,4305.13,4657.95,4495.38,0
4451.79,4133.33,4309.23,4172.31,4328.72,4603.08,4062.05,4620.51,4186.15,4218.46,4212.82,4309.74,4658.46,4500,0
4450.77,4130.77,4310.77,4171.28,4323.08,4598.97,4062.05,4616.41,4181.54,4215.38,4212.31,4314.36,4657.95,4496.41,0
4446.67,4130.77,4306.15,4170.26,4324.1,4598.97,4060,4613.85,4184.1,4209.23,4208.21,4314.36,4655.38,4486.15,0
4442.56,4127.18,4305.64,4171.28,4328.21,4601.54,4058.97,4622.05,4192.31,4206.15,4205.13,4308.72,4649.74,4475.38,0
4435.38,4125.64,4307.69,4172.82,4326.67,4601.03,4059.49,4624.62,4195.38,4214.87,4208.21,4306.15,4648.72,4470.26,0
4423.59,4123.08,4303.59,4173.33,4326.15,4599.49,4062.05,4621.03,4196.41,4226.15,4211.79,4310.26,4652.31,4462.56,0
4412.31,4109.23,4295.9,4166.15,4329.74,4600.51,4061.54,4626.67,4197.44,4228.21,4209.23,4308.72,4646.67,4448.72,0
4405.64,4098.97,4295.9,4157.44,4330.77,4602.56,4061.03,4627.69,4192.82,4223.59,4207.18,4302.05,4638.46,4441.54,0
4397.95,4096.41,4296.92,4155.9,4331.79,4605.13,4063.08,4616.92,4188.21,4223.08,4204.62,4297.95,4636.92,4437.44,0
4389.74,4092.82,4287.69,4157.95,4335.38,4607.69,4062.05,4612.82,4187.18,4224.62,4197.44,4294.36,4634.87,4428.21,0
4385.13,4089.23,4279.49,4155.9,4334.36,4607.18,4056.92,4614.36,4186.67,4221.03,4193.85,4288.72,4627.18,4422.05,0
4374.36,4083.08,4280,4155.38,4331.28,4603.08,4053.85,4605.64,4182.56,4214.36,4194.87,4286.67,4618.46,4416.41,0
4362.05,4070.26,4280.51,4150.77,4332.31,4599.49,4058.46,4596.92,4172.31,4208.72,4187.69,4285.13,4610.77,4400,0
4355.9,4058.97,4278.46,4138.97,4331.79,4605.13,4062.05,4603.08,4170.77,4199.49,4176.41,4274.87,4600.51,4386.15,0
4351.79,4057.95,4275.9,4137.95,4327.18,4607.69,4057.44,4613.33,4188.72,4202.56,4175.38,4273.85,4597.44,4389.74,0
4347.18,4057.44,4273.85,4143.59,4326.15,4600.51,4054.87,4614.87,4198.97,4216.92,4178.46,4280.51,4603.08,4392.82,0
4345.64,4054.87,4276.41,4140.51,4328.72,4600.51,4061.03,4616.41,4188.72,4220,4180,4279.49,4604.62,4386.67,0
4341.54,4049.23,4276.41,4136.41,4325.64,4605.64,4063.08,4617.95,4178.97,4210.77,4179.49,4275.9,4602.05,4381.54,0
4336.41,4041.54,4271.79,4139.49,4324.62,4603.08,4060,4614.87,4183.59,4211.28,4182.05,4281.03,4608.21,4385.13,0
4338.97,4041.03,4274.87,4139.49,4330.77,4604.62,4064.1,4616.92,4192.82,4223.59,4193.33,4288.72,4620,4393.33,0
4343.08,4045.13,4282.05,4141.03,4334.87,4612.82,4065.64,4626.67,4201.54,4230.26,4201.54,4294.36,4624.1,4396.92,0
4342.05,4044.62,4284.62,4150.26,4338.46,4613.33,4061.54,4631.28,4210.26,4230.26,4199.49,4296.41,4624.1,4395.38,0
4337.44,4039.49,4284.1,4148.72,4342.05,4612.31,4063.59,4628.21,4205.64,4229.23,4195.9,4289.74,4622.05,4389.74,0
4330.26,4036.41,4282.05,4141.03,4341.03,4614.87,4068.21,4621.54,4192.31,4224.62,4193.33,4287.18,4616.41,4382.05,0
4325.64,4037.44,4278.97,4145.13,4335.9,4609.74,4066.67,4616.92,4192.82,4222.56,4191.79,4291.28,4614.87,4377.95,0
4326.67,4038.97,4280.51,4148.72,4334.36,4604.1,4066.67,4620.51,4204.62,4232.31,4200.51,4291.79,4621.03,4384.1,0
4327.69,4038.46,4280.51,4146.67,4340,4609.23,4071.79,4628.21,4209.74,4236.92,4205.64,4291.79,4626.15,4389.23,0
4328.72,4037.44,4279.49,4149.23,4342.05,4616.41,4074.36,4627.18,4206.67,4231.79,4198.97,4292.82,4625.13,4384.1,0
4328.21,4036.92,4281.03,4153.33,4335.9,4616.41,4075.38,4623.59,4204.1,4232.31,4196.41,4294.87,4620.51,4376.92,0
4322.05,4034.87,4280,4151.79,4332.31,4612.82,4076.92,4624.62,4201.03,4233.33,4197.44,4291.79,4617.44,4375.9,0
4315.9,4031.79,4275.38,4149.23,4337.44,4614.36,4077.44,4624.62,4201.03,4226.67,4192.82,4285.64,4618.46,4376.92,0
4315.9,4027.69,4275.9,4148.72,4338.97,4620.51,4077.95,4628.72,4205.64,4227.69,4189.23,4282.05,4618.46,4374.36,0
4312.31,4022.05,4278.46,4149.23,4336.92,4623.59,4081.54,4639.49,4214.36,4230.77,4186.67,4284.62,4612.31,4368.21,1
4304.1,4016.92,4273.85,4145.13,4340,4623.59,4084.1,4646.67,4223.08,4229.23,4182.05,4282.56,4606.15,4364.1,1
4303.08,4016.92,4270.77,4138.97,4342.05,4621.54,4082.56,4645.64,4220,4229.23,4180.51,4276.92,4602.05,4362.56,1
4304.62,4018.46,4272.31,4139.49,4340,4619.49,4082.56,4637.95,4203.08,4226.67,4179.49,4278.46,4602.05,4360,1
4301.03,4013.85,4268.72,4140,4341.03,4617.44,4082.05,4626.15,4196.41,4224.1,4177.95,4278.97,4603.08,4360,1
4300,4009.23,4263.59,4138.46,4342.56,4617.95,4083.59,4623.08,4205.64,4226.67,4177.95,4277.44,4601.03,4362.05,1
4302.56,4008.72,4265.13,4138.97,4336.41,4618.46,4088.72,4630.77,4211.79,4227.18,4178.46,4278.46,4602.05,4359.49,1
4297.95,4006.15,4266.15,4136.92,4330.77,4615.9,4088.21,4631.79,4207.69,4225.13,4176.41,4277.95,4605.64,4354.87,1
4293.85,4005.13,4262.56,4134.87,4332.82,4614.36,4083.59,4629.23,4204.62,4225.13,4174.87,4276.92,4602.05,4352.31,1
4298.97,4006.67,4261.03,4137.44,4337.95,4615.38,4087.18,4634.87,4207.69,4227.69,4176.41,4277.95,4599.49,4350.77,1
4296.92,4006.15,4264.1,4134.87,4339.49,4619.49,4090.26,4633.33,4206.15,4229.23,4180.51,4278.97,4606.67,4351.28,1
4289.23,4003.08,4263.59,4124.62,4338.46,4621.03,4084.1,4625.13,4200.51,4226.67,4180,4279.49,4609.23,4354.36,1
4288.72,3999.49,4254.36,4120.51,4336.92,4618.97,4082.56,4630.26,4207.18,4226.15,4177.95,4281.03,4605.13,4351.79,1
4288.21,3995.9,4248.21,4120,4334.36,4615.9,4084.62,4641.03,4214.36,4228.72,4178.46,4273.85,4600,4343.08,1
4282.56,3991.79,4250.26,4115.9,4332.31,4612.82,4077.44,4639.49,4210.77,4225.64,4175.38,4267.69,4595.9,4340,1
4280.51,3988.72,4249.23,4116.92,4332.31,4612.82,4072.31,4632.31,4207.69,4220,4173.85,4271.28,4595.38,4343.08,1
4281.03,3990.26,4245.64,4116.92,4333.85,4614.36,4074.87,4625.64,4203.08,4221.54,4171.28,4269.23,4593.33,4340.51,1
4276.92,3991.79,4245.13,4110.77,4332.82,4615.38,4073.33,4621.54,4194.36,4217.44,4162.56,4259.49,4590.26,4333.33,1
4277.44,3990.77,4246.67,4113.85,4333.33,4615.38,4072.82,4623.59,4193.33,4212.82,4160.51,4257.95,4591.79,4339.49,1
4284.62,3991.79,4251.28,4122.05,4334.36,4616.41,4080.51,4628.72,4200,4220,4165.64,4267.18,4596.41,4350.77,1
4287.69,3997.44,4260,4121.03,4333.33,4616.41,4088.72,4638.46,4212.31,4226.67,4167.69,4274.36,4597.95,4350.77,1
